class,xmin,ymin,xwidth,ywidth,filename,height,width,xmax,ymax
Mask,59,100,43,74,0519_jpg.rf.d6967f0e0d390cc7baba401fd1db96ea.jpg,300,300,102,174
None,137,91,48,87,0519_jpg.rf.d6967f0e0d390cc7baba401fd1db96ea.jpg,300,300,185,178
None,106,90,27,64,0519_jpg.rf.d6967f0e0d390cc7baba401fd1db96ea.jpg,300,300,133,154
None,194,79,30,56,0519_jpg.rf.d6967f0e0d390cc7baba401fd1db96ea.jpg,300,300,224,135
None,285,30,15,109,0519_jpg.rf.d6967f0e0d390cc7baba401fd1db96ea.jpg,300,300,300,139
None,60,39,20,46,0529_jpg.rf.f88435cfca9de948f698e16028784218.jpg,300,300,80,85
None,192,51,32,48,0529_jpg.rf.f88435cfca9de948f698e16028784218.jpg,300,300,224,99
Mask,80,92,15,17,0529_jpg.rf.f88435cfca9de948f698e16028784218.jpg,300,300,95,109
Mask,108,126,11,15,0529_jpg.rf.f88435cfca9de948f698e16028784218.jpg,300,300,119,141
Mask,89,80,64,64,0532_jpg.rf.7de2512713d3608a381901392ca2c343.jpg,300,300,153,144
Mask,12,91,32,29,0535_jpg.rf.4d08446d8d9cd5045e0ed6a3245162ae.jpg,300,300,44,120
Mask,92,109,18,14,0535_jpg.rf.4d08446d8d9cd5045e0ed6a3245162ae.jpg,300,300,110,123
Mask,61,74,10,19,0535_jpg.rf.4d08446d8d9cd5045e0ed6a3245162ae.jpg,300,300,71,93
Mask,162,74,14,22,0535_jpg.rf.4d08446d8d9cd5045e0ed6a3245162ae.jpg,300,300,176,96
Mask,179,69,13,21,0535_jpg.rf.4d08446d8d9cd5045e0ed6a3245162ae.jpg,300,300,192,90
Mask,216,76,13,16,0535_jpg.rf.4d08446d8d9cd5045e0ed6a3245162ae.jpg,300,300,229,92
Mask,234,70,15,17,0535_jpg.rf.4d08446d8d9cd5045e0ed6a3245162ae.jpg,300,300,249,87
Mask,42,73,17,28,0535_jpg.rf.4d08446d8d9cd5045e0ed6a3245162ae.jpg,300,300,59,101
None,111,33,18,36,0535_jpg.rf.4d08446d8d9cd5045e0ed6a3245162ae.jpg,300,300,129,69
None,264,53,17,30,0535_jpg.rf.4d08446d8d9cd5045e0ed6a3245162ae.jpg,300,300,281,83
Mask,195,68,46,57,0557_jpg.rf.e3696ec073ef6fe57f1071307a204e43.jpg,300,300,241,125
Mask,68,96,34,43,0557_jpg.rf.e3696ec073ef6fe57f1071307a204e43.jpg,300,300,102,139
None,117,70,40,77,0557_jpg.rf.e3696ec073ef6fe57f1071307a204e43.jpg,300,300,157,147
Mask,41,89,16,19,0557_jpg.rf.e3696ec073ef6fe57f1071307a204e43.jpg,300,300,57,108
Mask,282,58,12,18,0557_jpg.rf.e3696ec073ef6fe57f1071307a204e43.jpg,300,300,294,76
Mask,188,53,19,22,0562_jpg.rf.10c84765018bfd16ae3567fbcabfd7e3.jpg,300,300,207,75
Mask,137,63,16,23,0562_jpg.rf.10c84765018bfd16ae3567fbcabfd7e3.jpg,300,300,153,86
Mask,253,56,19,19,0562_jpg.rf.10c84765018bfd16ae3567fbcabfd7e3.jpg,300,300,272,75
Mask,100,70,16,17,0562_jpg.rf.10c84765018bfd16ae3567fbcabfd7e3.jpg,300,300,116,87
Mask,43,59,17,16,0562_jpg.rf.10c84765018bfd16ae3567fbcabfd7e3.jpg,300,300,60,75
None,68,56,15,26,0562_jpg.rf.10c84765018bfd16ae3567fbcabfd7e3.jpg,300,300,83,82
Mask,238,280,31,20,0563_jpg.rf.87246f33d7bc4fe60de9edcb6ba969fa.jpg,300,300,269,300
Mask,200,277,30,23,0563_jpg.rf.87246f33d7bc4fe60de9edcb6ba969fa.jpg,300,300,230,300
Mask,33,218,26,30,0563_jpg.rf.87246f33d7bc4fe60de9edcb6ba969fa.jpg,300,300,59,248
Mask,99,214,30,28,0563_jpg.rf.87246f33d7bc4fe60de9edcb6ba969fa.jpg,300,300,129,242
Mask,157,227,24,28,0563_jpg.rf.87246f33d7bc4fe60de9edcb6ba969fa.jpg,300,300,181,255
Mask,140,218,22,28,0563_jpg.rf.87246f33d7bc4fe60de9edcb6ba969fa.jpg,300,300,162,246
Mask,247,230,30,27,0563_jpg.rf.87246f33d7bc4fe60de9edcb6ba969fa.jpg,300,300,277,257
Mask,68,238,26,25,0563_jpg.rf.87246f33d7bc4fe60de9edcb6ba969fa.jpg,300,300,94,263
Mask,203,185,23,28,0563_jpg.rf.87246f33d7bc4fe60de9edcb6ba969fa.jpg,300,300,226,213
Mask,232,184,19,23,0563_jpg.rf.87246f33d7bc4fe60de9edcb6ba969fa.jpg,300,300,251,207
Mask,277,229,20,22,0563_jpg.rf.87246f33d7bc4fe60de9edcb6ba969fa.jpg,300,300,297,251
Mask,287,199,13,25,0563_jpg.rf.87246f33d7bc4fe60de9edcb6ba969fa.jpg,300,300,300,224
Mask,267,173,21,19,0563_jpg.rf.87246f33d7bc4fe60de9edcb6ba969fa.jpg,300,300,288,192
Mask,192,145,20,20,0563_jpg.rf.87246f33d7bc4fe60de9edcb6ba969fa.jpg,300,300,212,165
Mask,165,164,18,20,0563_jpg.rf.87246f33d7bc4fe60de9edcb6ba969fa.jpg,300,300,183,184
Mask,136,138,19,25,0563_jpg.rf.87246f33d7bc4fe60de9edcb6ba969fa.jpg,300,300,155,163
Mask,218,116,21,19,0563_jpg.rf.87246f33d7bc4fe60de9edcb6ba969fa.jpg,300,300,239,135
Mask,68,152,17,13,0563_jpg.rf.87246f33d7bc4fe60de9edcb6ba969fa.jpg,300,300,85,165
Mask,45,154,16,20,0563_jpg.rf.87246f33d7bc4fe60de9edcb6ba969fa.jpg,300,300,61,174
Mask,28,155,19,17,0563_jpg.rf.87246f33d7bc4fe60de9edcb6ba969fa.jpg,300,300,47,172
Mask,3,145,24,17,0563_jpg.rf.87246f33d7bc4fe60de9edcb6ba969fa.jpg,300,300,27,162
Mask,237,122,18,20,0563_jpg.rf.87246f33d7bc4fe60de9edcb6ba969fa.jpg,300,300,255,142
Mask,259,97,20,17,0563_jpg.rf.87246f33d7bc4fe60de9edcb6ba969fa.jpg,300,300,279,114
Mask,277,152,18,14,0563_jpg.rf.87246f33d7bc4fe60de9edcb6ba969fa.jpg,300,300,295,166
Mask,89,102,22,20,0563_jpg.rf.87246f33d7bc4fe60de9edcb6ba969fa.jpg,300,300,111,122
Mask,61,99,20,17,0563_jpg.rf.87246f33d7bc4fe60de9edcb6ba969fa.jpg,300,300,81,116
Mask,35,117,21,16,0563_jpg.rf.87246f33d7bc4fe60de9edcb6ba969fa.jpg,300,300,56,133
Mask,66,185,19,25,0563_jpg.rf.87246f33d7bc4fe60de9edcb6ba969fa.jpg,300,300,85,210
Mask,195,59,14,16,0563_jpg.rf.87246f33d7bc4fe60de9edcb6ba969fa.jpg,300,300,209,75
Mask,214,56,13,12,0563_jpg.rf.87246f33d7bc4fe60de9edcb6ba969fa.jpg,300,300,227,68
Mask,28,73,14,16,0563_jpg.rf.87246f33d7bc4fe60de9edcb6ba969fa.jpg,300,300,42,89
Mask,0,104,8,18,0563_jpg.rf.87246f33d7bc4fe60de9edcb6ba969fa.jpg,300,300,8,122
Mask,286,92,14,18,0563_jpg.rf.87246f33d7bc4fe60de9edcb6ba969fa.jpg,300,300,300,110
Mask,277,97,7,16,0563_jpg.rf.87246f33d7bc4fe60de9edcb6ba969fa.jpg,300,300,284,113
Mask,104,143,18,16,0563_jpg.rf.87246f33d7bc4fe60de9edcb6ba969fa.jpg,300,300,122,159
Mask,178,234,23,27,0563_jpg.rf.87246f33d7bc4fe60de9edcb6ba969fa.jpg,300,300,201,261
None,55,94,84,160,0569_jpg.rf.785e20738d3d47a68513bbedbb992a61.jpg,300,300,139,254
None,230,155,21,27,0569_jpg.rf.785e20738d3d47a68513bbedbb992a61.jpg,300,300,251,182
None,195,198,24,38,0569_jpg.rf.785e20738d3d47a68513bbedbb992a61.jpg,300,300,219,236
Mask,7,193,19,21,0569_jpg.rf.785e20738d3d47a68513bbedbb992a61.jpg,300,300,26,214
None,41,170,16,33,0569_jpg.rf.785e20738d3d47a68513bbedbb992a61.jpg,300,300,57,203
None,163,140,13,25,0569_jpg.rf.785e20738d3d47a68513bbedbb992a61.jpg,300,300,176,165
Mask,151,131,17,25,0579_jpg.rf.17572ca75613dfad61be942bc25ebbd7.jpg,300,300,168,156
Mask,239,100,15,23,0579_jpg.rf.17572ca75613dfad61be942bc25ebbd7.jpg,300,300,254,123
Mask,226,102,17,15,0579_jpg.rf.17572ca75613dfad61be942bc25ebbd7.jpg,300,300,243,117
Mask,249,59,18,18,0579_jpg.rf.17572ca75613dfad61be942bc25ebbd7.jpg,300,300,267,77
Mask,38,89,16,21,0579_jpg.rf.17572ca75613dfad61be942bc25ebbd7.jpg,300,300,54,110
Mask,105,35,14,16,0579_jpg.rf.17572ca75613dfad61be942bc25ebbd7.jpg,300,300,119,51
Mask,207,33,15,15,0579_jpg.rf.17572ca75613dfad61be942bc25ebbd7.jpg,300,300,222,48
Mask,34,0,16,15,0579_jpg.rf.17572ca75613dfad61be942bc25ebbd7.jpg,300,300,50,15
Mask,198,229,27,31,0611_jpg.rf.2f5e01a0c0ffd25a6e6afc3769237b5a.jpg,300,300,225,260
Mask,268,197,32,30,0611_jpg.rf.2f5e01a0c0ffd25a6e6afc3769237b5a.jpg,300,300,300,227
Mask,101,209,30,43,0611_jpg.rf.2f5e01a0c0ffd25a6e6afc3769237b5a.jpg,300,300,131,252
Mask,62,234,30,66,0611_jpg.rf.2f5e01a0c0ffd25a6e6afc3769237b5a.jpg,300,300,92,300
Mask,2,197,29,31,0611_jpg.rf.2f5e01a0c0ffd25a6e6afc3769237b5a.jpg,300,300,31,228
Mask,59,138,25,35,0611_jpg.rf.2f5e01a0c0ffd25a6e6afc3769237b5a.jpg,300,300,84,173
Mask,131,147,28,34,0611_jpg.rf.2f5e01a0c0ffd25a6e6afc3769237b5a.jpg,300,300,159,181
Mask,182,152,20,33,0611_jpg.rf.2f5e01a0c0ffd25a6e6afc3769237b5a.jpg,300,300,202,185
Mask,211,156,25,29,0611_jpg.rf.2f5e01a0c0ffd25a6e6afc3769237b5a.jpg,300,300,236,185
Mask,225,112,20,21,0611_jpg.rf.2f5e01a0c0ffd25a6e6afc3769237b5a.jpg,300,300,245,133
Mask,276,108,13,21,0611_jpg.rf.2f5e01a0c0ffd25a6e6afc3769237b5a.jpg,300,300,289,129
Mask,204,105,21,23,0611_jpg.rf.2f5e01a0c0ffd25a6e6afc3769237b5a.jpg,300,300,225,128
Mask,172,102,20,23,0611_jpg.rf.2f5e01a0c0ffd25a6e6afc3769237b5a.jpg,300,300,192,125
Mask,158,131,21,26,0611_jpg.rf.2f5e01a0c0ffd25a6e6afc3769237b5a.jpg,300,300,179,157
Mask,146,101,19,18,0611_jpg.rf.2f5e01a0c0ffd25a6e6afc3769237b5a.jpg,300,300,165,119
Mask,129,89,18,20,0611_jpg.rf.2f5e01a0c0ffd25a6e6afc3769237b5a.jpg,300,300,147,109
Mask,70,77,16,21,0611_jpg.rf.2f5e01a0c0ffd25a6e6afc3769237b5a.jpg,300,300,86,98
Mask,46,77,20,22,0611_jpg.rf.2f5e01a0c0ffd25a6e6afc3769237b5a.jpg,300,300,66,99
Mask,8,66,16,20,0611_jpg.rf.2f5e01a0c0ffd25a6e6afc3769237b5a.jpg,300,300,24,86
Mask,0,42,11,12,0611_jpg.rf.2f5e01a0c0ffd25a6e6afc3769237b5a.jpg,300,300,11,54
Mask,29,63,13,17,0611_jpg.rf.2f5e01a0c0ffd25a6e6afc3769237b5a.jpg,300,300,42,80
Mask,110,74,12,12,0611_jpg.rf.2f5e01a0c0ffd25a6e6afc3769237b5a.jpg,300,300,122,86
Mask,122,78,12,12,0611_jpg.rf.2f5e01a0c0ffd25a6e6afc3769237b5a.jpg,300,300,134,90
Mask,90,56,12,13,0611_jpg.rf.2f5e01a0c0ffd25a6e6afc3769237b5a.jpg,300,300,102,69
Mask,139,57,14,16,0611_jpg.rf.2f5e01a0c0ffd25a6e6afc3769237b5a.jpg,300,300,153,73
Mask,162,77,12,15,0611_jpg.rf.2f5e01a0c0ffd25a6e6afc3769237b5a.jpg,300,300,174,92
Mask,186,83,12,13,0611_jpg.rf.2f5e01a0c0ffd25a6e6afc3769237b5a.jpg,300,300,198,96
Mask,222,76,10,12,0611_jpg.rf.2f5e01a0c0ffd25a6e6afc3769237b5a.jpg,300,300,232,88
Mask,233,74,9,12,0611_jpg.rf.2f5e01a0c0ffd25a6e6afc3769237b5a.jpg,300,300,242,86
Mask,244,75,15,13,0611_jpg.rf.2f5e01a0c0ffd25a6e6afc3769237b5a.jpg,300,300,259,88
Mask,260,76,13,16,0611_jpg.rf.2f5e01a0c0ffd25a6e6afc3769237b5a.jpg,300,300,273,92
Mask,285,79,13,8,0611_jpg.rf.2f5e01a0c0ffd25a6e6afc3769237b5a.jpg,300,300,298,87
Mask,242,48,11,12,0611_jpg.rf.2f5e01a0c0ffd25a6e6afc3769237b5a.jpg,300,300,253,60
Mask,198,70,13,13,0611_jpg.rf.2f5e01a0c0ffd25a6e6afc3769237b5a.jpg,300,300,211,83
Mask,217,89,19,30,0622_jpg.rf.77ad78359199421450ffe66fa5e01822.jpg,300,300,236,119
Mask,155,65,43,38,0622_jpg.rf.77ad78359199421450ffe66fa5e01822.jpg,300,300,198,103
Mask,104,64,35,46,0622_jpg.rf.77ad78359199421450ffe66fa5e01822.jpg,300,300,139,110
Mask,64,71,37,38,0622_jpg.rf.77ad78359199421450ffe66fa5e01822.jpg,300,300,101,109
Mask,203,119,63,70,0658_jpg.rf.8319acaec474121594423d8179bc6494.jpg,300,300,266,189
Mask,30,92,13,10,0658_jpg.rf.8319acaec474121594423d8179bc6494.jpg,300,300,43,102
None,164,82,12,20,0658_jpg.rf.8319acaec474121594423d8179bc6494.jpg,300,300,176,102
None,13,96,10,17,0658_jpg.rf.8319acaec474121594423d8179bc6494.jpg,300,300,23,113
Mask,113,89,8,7,0658_jpg.rf.8319acaec474121594423d8179bc6494.jpg,300,300,121,96
Mask,176,50,34,38,0661_jpg.rf.4bd8e1134aa2908100e6aec5fa35258a.jpg,300,300,210,88
Helmet,33,19,22,19,0661_jpg.rf.4bd8e1134aa2908100e6aec5fa35258a.jpg,300,300,55,38
None,64,24,16,24,0661_jpg.rf.4bd8e1134aa2908100e6aec5fa35258a.jpg,300,300,80,48
None,86,91,12,19,0661_jpg.rf.4bd8e1134aa2908100e6aec5fa35258a.jpg,300,300,98,110
Mask,131,157,84,101,0671_jpg.rf.c43e18585ab0cf5a0800832e58d97670.jpg,300,300,215,258
Mask,55,107,47,54,0671_jpg.rf.c43e18585ab0cf5a0800832e58d97670.jpg,300,300,102,161
None,238,198,37,64,0752_jpg.rf.c642f333753cc1947e6df138d61eac81.jpg,300,300,275,262
None,180,67,11,26,0752_jpg.rf.c642f333753cc1947e6df138d61eac81.jpg,300,300,191,93
None,9,74,15,25,0752_jpg.rf.c642f333753cc1947e6df138d61eac81.jpg,300,300,24,99
Mask,186,124,20,23,0818_jpg.rf.fe26e4714462c814f99a536130c3b4ba.jpg,300,300,206,147
Mask,138,101,22,24,0818_jpg.rf.fe26e4714462c814f99a536130c3b4ba.jpg,300,300,160,125
Mask,100,124,16,21,0818_jpg.rf.fe26e4714462c814f99a536130c3b4ba.jpg,300,300,116,145
Mask,44,101,15,22,0818_jpg.rf.fe26e4714462c814f99a536130c3b4ba.jpg,300,300,59,123
Mask,0,97,10,15,0818_jpg.rf.fe26e4714462c814f99a536130c3b4ba.jpg,300,300,10,112
None,274,81,15,26,0818_jpg.rf.fe26e4714462c814f99a536130c3b4ba.jpg,300,300,289,107
None,216,100,12,19,0818_jpg.rf.fe26e4714462c814f99a536130c3b4ba.jpg,300,300,228,119
None,193,107,16,18,0819_jpg.rf.1904d0034bd85faf895b39320712adc0.jpg,300,300,209,125
Mask,132,42,20,24,0819_jpg.rf.1904d0034bd85faf895b39320712adc0.jpg,300,300,152,66
Mask,64,112,16,19,0819_jpg.rf.1904d0034bd85faf895b39320712adc0.jpg,300,300,80,131
None,265,110,16,32,0836_jpg.rf.495bab0a95ad2d31991a26d5b6d32610.jpg,300,300,281,142
None,220,101,12,27,0836_jpg.rf.495bab0a95ad2d31991a26d5b6d32610.jpg,300,300,232,128
None,173,100,15,27,0836_jpg.rf.495bab0a95ad2d31991a26d5b6d32610.jpg,300,300,188,127
None,138,114,15,28,0836_jpg.rf.495bab0a95ad2d31991a26d5b6d32610.jpg,300,300,153,142
None,101,111,13,28,0836_jpg.rf.495bab0a95ad2d31991a26d5b6d32610.jpg,300,300,114,139
None,59,120,16,28,0836_jpg.rf.495bab0a95ad2d31991a26d5b6d32610.jpg,300,300,75,148
None,26,110,12,29,0836_jpg.rf.495bab0a95ad2d31991a26d5b6d32610.jpg,300,300,38,139
Mask,53,112,12,12,0836_jpg.rf.495bab0a95ad2d31991a26d5b6d32610.jpg,300,300,65,124
None,75,34,13,16,0836_jpg.rf.495bab0a95ad2d31991a26d5b6d32610.jpg,300,300,88,50
None,15,48,10,11,0836_jpg.rf.495bab0a95ad2d31991a26d5b6d32610.jpg,300,300,25,59
None,6,45,7,15,0836_jpg.rf.495bab0a95ad2d31991a26d5b6d32610.jpg,300,300,13,60
None,83,95,9,20,0836_jpg.rf.495bab0a95ad2d31991a26d5b6d32610.jpg,300,300,92,115
None,69,80,8,13,0836_jpg.rf.495bab0a95ad2d31991a26d5b6d32610.jpg,300,300,77,93
None,45,88,10,11,0836_jpg.rf.495bab0a95ad2d31991a26d5b6d32610.jpg,300,300,55,99
None,138,87,8,17,0836_jpg.rf.495bab0a95ad2d31991a26d5b6d32610.jpg,300,300,146,104
None,260,76,15,22,0836_jpg.rf.495bab0a95ad2d31991a26d5b6d32610.jpg,300,300,275,98
None,217,11,10,22,0836_jpg.rf.495bab0a95ad2d31991a26d5b6d32610.jpg,300,300,227,33
None,201,26,13,28,0836_jpg.rf.495bab0a95ad2d31991a26d5b6d32610.jpg,300,300,214,54
None,187,17,10,19,0836_jpg.rf.495bab0a95ad2d31991a26d5b6d32610.jpg,300,300,197,36
None,234,12,6,15,0836_jpg.rf.495bab0a95ad2d31991a26d5b6d32610.jpg,300,300,240,27
None,165,77,8,17,0836_jpg.rf.495bab0a95ad2d31991a26d5b6d32610.jpg,300,300,173,94
None,124,60,7,13,0836_jpg.rf.495bab0a95ad2d31991a26d5b6d32610.jpg,300,300,131,73
Mask,145,68,9,9,0836_jpg.rf.495bab0a95ad2d31991a26d5b6d32610.jpg,300,300,154,77
Mask,92,47,9,7,0836_jpg.rf.495bab0a95ad2d31991a26d5b6d32610.jpg,300,300,101,54
Mask,35,47,8,7,0836_jpg.rf.495bab0a95ad2d31991a26d5b6d32610.jpg,300,300,43,54
None,102,61,8,10,0836_jpg.rf.495bab0a95ad2d31991a26d5b6d32610.jpg,300,300,110,71
None,117,81,8,18,0836_jpg.rf.495bab0a95ad2d31991a26d5b6d32610.jpg,300,300,125,99
Mask,240,57,40,68,0838_jpg.rf.41db49a0e2d708a969fa220d55bd416c.jpg,300,300,280,125
Mask,134,38,13,23,0838_jpg.rf.41db49a0e2d708a969fa220d55bd416c.jpg,300,300,147,61
Mask,193,58,10,16,0838_jpg.rf.41db49a0e2d708a969fa220d55bd416c.jpg,300,300,203,74
Mask,148,59,13,15,0838_jpg.rf.41db49a0e2d708a969fa220d55bd416c.jpg,300,300,161,74
Mask,102,85,16,19,0838_jpg.rf.41db49a0e2d708a969fa220d55bd416c.jpg,300,300,118,104
Mask,23,46,15,21,0838_jpg.rf.41db49a0e2d708a969fa220d55bd416c.jpg,300,300,38,67
Mask,260,149,23,20,0839_jpg.rf.6595433cb542653151b676c1b732a040.jpg,300,300,283,169
None,72,20,147,187,0848_jpg.rf.e3a90e0850c9547ca8d61d5813d0105a.jpg,300,300,219,207
Mask,110,96,12,8,0849_jpg.rf.8384efe2c71015e5dd52b12b0cd4dc3f.jpg,300,300,122,104
Mask,166,82,7,8,0849_jpg.rf.8384efe2c71015e5dd52b12b0cd4dc3f.jpg,300,300,173,90
Mask,217,80,7,7,0849_jpg.rf.8384efe2c71015e5dd52b12b0cd4dc3f.jpg,300,300,224,87
Mask,5,160,15,12,0849_jpg.rf.8384efe2c71015e5dd52b12b0cd4dc3f.jpg,300,300,20,172
Mask,216,166,8,12,0849_jpg.rf.8384efe2c71015e5dd52b12b0cd4dc3f.jpg,300,300,224,178
Mask,279,136,7,8,0849_jpg.rf.8384efe2c71015e5dd52b12b0cd4dc3f.jpg,300,300,286,144
None,274,67,8,13,0849_jpg.rf.8384efe2c71015e5dd52b12b0cd4dc3f.jpg,300,300,282,80
None,58,115,10,18,0849_jpg.rf.8384efe2c71015e5dd52b12b0cd4dc3f.jpg,300,300,68,133
Mask,113,152,12,12,0858_jpg.rf.815aacbcb389e7e2999f222cd8e9ad67.jpg,300,300,125,164
Mask,30,135,10,13,0858_jpg.rf.815aacbcb389e7e2999f222cd8e9ad67.jpg,300,300,40,148
Mask,65,137,10,12,0858_jpg.rf.815aacbcb389e7e2999f222cd8e9ad67.jpg,300,300,75,149
Mask,127,146,9,8,0858_jpg.rf.815aacbcb389e7e2999f222cd8e9ad67.jpg,300,300,136,154
None,180,147,7,12,0858_jpg.rf.815aacbcb389e7e2999f222cd8e9ad67.jpg,300,300,187,159
None,160,144,8,15,0858_jpg.rf.815aacbcb389e7e2999f222cd8e9ad67.jpg,300,300,168,159
None,148,147,8,10,0858_jpg.rf.815aacbcb389e7e2999f222cd8e9ad67.jpg,300,300,156,157
Mask,51,133,10,10,0858_jpg.rf.815aacbcb389e7e2999f222cd8e9ad67.jpg,300,300,61,143
Mask,78,80,8,10,0860_jpg.rf.37ea7dcdafba5546df760f1869e7fc39.jpg,300,300,86,90
Mask,46,61,8,8,0860_jpg.rf.37ea7dcdafba5546df760f1869e7fc39.jpg,300,300,54,69
Mask,225,74,9,12,0860_jpg.rf.37ea7dcdafba5546df760f1869e7fc39.jpg,300,300,234,86
Mask,268,138,22,23,0871_jpg.rf.5438f033a3d254e00379a6227f329ca2.jpg,300,300,290,161
Mask,182,117,23,25,0871_jpg.rf.5438f033a3d254e00379a6227f329ca2.jpg,300,300,205,142
Mask,6,100,11,12,0871_jpg.rf.5438f033a3d254e00379a6227f329ca2.jpg,300,300,17,112
None,135,112,15,19,0871_jpg.rf.5438f033a3d254e00379a6227f329ca2.jpg,300,300,150,131
None,117,77,8,24,0871_jpg.rf.5438f033a3d254e00379a6227f329ca2.jpg,300,300,125,101
None,109,82,11,22,0871_jpg.rf.5438f033a3d254e00379a6227f329ca2.jpg,300,300,120,104
None,67,99,9,23,0871_jpg.rf.5438f033a3d254e00379a6227f329ca2.jpg,300,300,76,122
None,57,71,12,21,0871_jpg.rf.5438f033a3d254e00379a6227f329ca2.jpg,300,300,69,92
None,6,133,12,13,0879_jpg.rf.1fa6463fa7076e059eb78f16df35e597.jpg,300,300,18,146
None,96,129,6,14,0879_jpg.rf.1fa6463fa7076e059eb78f16df35e597.jpg,300,300,102,143
None,220,136,7,15,0879_jpg.rf.1fa6463fa7076e059eb78f16df35e597.jpg,300,300,227,151
None,295,146,5,13,0879_jpg.rf.1fa6463fa7076e059eb78f16df35e597.jpg,300,300,300,159
None,120,144,9,14,0879_jpg.rf.1fa6463fa7076e059eb78f16df35e597.jpg,300,300,129,158
None,74,145,12,14,0879_jpg.rf.1fa6463fa7076e059eb78f16df35e597.jpg,300,300,86,159
None,185,165,7,12,0879_jpg.rf.1fa6463fa7076e059eb78f16df35e597.jpg,300,300,192,177
None,234,149,8,17,0879_jpg.rf.1fa6463fa7076e059eb78f16df35e597.jpg,300,300,242,166
None,45,180,7,10,0883_jpg.rf.39a8c7ea59051c113ffb7fce3158d24a.jpg,300,300,52,190
None,92,187,5,11,0883_jpg.rf.39a8c7ea59051c113ffb7fce3158d24a.jpg,300,300,97,198
None,176,183,7,13,0883_jpg.rf.39a8c7ea59051c113ffb7fce3158d24a.jpg,300,300,183,196
Mask,142,195,4,5,0883_jpg.rf.39a8c7ea59051c113ffb7fce3158d24a.jpg,300,300,146,200
Mask,156,130,7,8,0886_jpg.rf.f5684c5cbe92fdefb7c574c0b619313b.jpg,300,300,163,138
Mask,170,154,12,10,0886_jpg.rf.f5684c5cbe92fdefb7c574c0b619313b.jpg,300,300,182,164
Mask,208,146,25,18,0886_jpg.rf.f5684c5cbe92fdefb7c574c0b619313b.jpg,300,300,233,164
Mask,240,180,34,27,0886_jpg.rf.f5684c5cbe92fdefb7c574c0b619313b.jpg,300,300,274,207
Mask,129,75,23,25,0886_jpg.rf.f5684c5cbe92fdefb7c574c0b619313b.jpg,300,300,152,100
Mask,48,56,27,24,0886_jpg.rf.f5684c5cbe92fdefb7c574c0b619313b.jpg,300,300,75,80
None,165,40,15,31,0896_jpg.rf.bc8eb6308fadf8a0c0d73ec40ee9519c.jpg,300,300,180,71
None,192,66,12,17,0896_jpg.rf.bc8eb6308fadf8a0c0d73ec40ee9519c.jpg,300,300,204,83
None,249,109,15,25,0896_jpg.rf.bc8eb6308fadf8a0c0d73ec40ee9519c.jpg,300,300,264,134
None,246,93,15,23,0896_jpg.rf.bc8eb6308fadf8a0c0d73ec40ee9519c.jpg,300,300,261,116
None,122,54,17,33,0896_jpg.rf.bc8eb6308fadf8a0c0d73ec40ee9519c.jpg,300,300,139,87
None,40,87,9,17,0896_jpg.rf.bc8eb6308fadf8a0c0d73ec40ee9519c.jpg,300,300,49,104
None,26,101,10,16,0896_jpg.rf.bc8eb6308fadf8a0c0d73ec40ee9519c.jpg,300,300,36,117
None,33,124,9,17,0896_jpg.rf.bc8eb6308fadf8a0c0d73ec40ee9519c.jpg,300,300,42,141
Mask,272,162,16,11,0897_jpg.rf.cffb3a6a1af9d8ec777f6774551797cc.jpg,300,300,288,173
Mask,241,121,13,12,0897_jpg.rf.cffb3a6a1af9d8ec777f6774551797cc.jpg,300,300,254,133
Mask,187,171,9,12,0897_jpg.rf.cffb3a6a1af9d8ec777f6774551797cc.jpg,300,300,196,183
Mask,160,145,13,10,0897_jpg.rf.cffb3a6a1af9d8ec777f6774551797cc.jpg,300,300,173,155
Mask,13,170,15,12,0897_jpg.rf.cffb3a6a1af9d8ec777f6774551797cc.jpg,300,300,28,182
Mask,127,69,11,11,0897_jpg.rf.cffb3a6a1af9d8ec777f6774551797cc.jpg,300,300,138,80
Mask,158,86,11,12,0897_jpg.rf.cffb3a6a1af9d8ec777f6774551797cc.jpg,300,300,169,98
Mask,185,16,13,17,0897_jpg.rf.cffb3a6a1af9d8ec777f6774551797cc.jpg,300,300,198,33
Mask,265,238,19,16,0897_jpg.rf.cffb3a6a1af9d8ec777f6774551797cc.jpg,300,300,284,254
None,10,0,15,21,0897_jpg.rf.cffb3a6a1af9d8ec777f6774551797cc.jpg,300,300,25,21
None,227,53,14,26,0897_jpg.rf.cffb3a6a1af9d8ec777f6774551797cc.jpg,300,300,241,79
None,134,21,15,23,0897_jpg.rf.cffb3a6a1af9d8ec777f6774551797cc.jpg,300,300,149,44
None,168,44,21,22,0897_jpg.rf.cffb3a6a1af9d8ec777f6774551797cc.jpg,300,300,189,66
None,88,42,14,21,0897_jpg.rf.cffb3a6a1af9d8ec777f6774551797cc.jpg,300,300,102,63
None,58,31,12,20,0897_jpg.rf.cffb3a6a1af9d8ec777f6774551797cc.jpg,300,300,70,51
None,56,136,15,16,0897_jpg.rf.cffb3a6a1af9d8ec777f6774551797cc.jpg,300,300,71,152
None,220,269,16,25,0897_jpg.rf.cffb3a6a1af9d8ec777f6774551797cc.jpg,300,300,236,294
Mask,96,6,8,15,0897_jpg.rf.cffb3a6a1af9d8ec777f6774551797cc.jpg,300,300,104,21
None,200,176,10,16,0900_jpg.rf.7e3c17f6f5180d7483b4a365d8ac9886.jpg,300,300,210,192
None,227,169,11,17,0900_jpg.rf.7e3c17f6f5180d7483b4a365d8ac9886.jpg,300,300,238,186
None,57,191,6,12,0900_jpg.rf.7e3c17f6f5180d7483b4a365d8ac9886.jpg,300,300,63,203
None,75,155,8,10,0900_jpg.rf.7e3c17f6f5180d7483b4a365d8ac9886.jpg,300,300,83,165
Mask,237,236,7,7,0910_jpg.rf.d8f8e8fce2767c6f2bdd0e2eeab04218.jpg,300,300,244,243
Mask,288,206,5,5,0910_jpg.rf.d8f8e8fce2767c6f2bdd0e2eeab04218.jpg,300,300,293,211
Mask,271,209,5,5,0910_jpg.rf.d8f8e8fce2767c6f2bdd0e2eeab04218.jpg,300,300,276,214
Mask,223,236,8,5,0910_jpg.rf.d8f8e8fce2767c6f2bdd0e2eeab04218.jpg,300,300,231,241
Mask,182,264,8,8,0910_jpg.rf.d8f8e8fce2767c6f2bdd0e2eeab04218.jpg,300,300,190,272
Mask,203,243,8,10,0910_jpg.rf.d8f8e8fce2767c6f2bdd0e2eeab04218.jpg,300,300,211,253
Mask,58,224,10,8,0910_jpg.rf.d8f8e8fce2767c6f2bdd0e2eeab04218.jpg,300,300,68,232
Mask,173,239,7,6,0910_jpg.rf.d8f8e8fce2767c6f2bdd0e2eeab04218.jpg,300,300,180,245
Mask,99,229,5,6,0910_jpg.rf.d8f8e8fce2767c6f2bdd0e2eeab04218.jpg,300,300,104,235
Mask,237,207,6,5,0910_jpg.rf.d8f8e8fce2767c6f2bdd0e2eeab04218.jpg,300,300,243,212
Mask,166,228,5,5,0910_jpg.rf.d8f8e8fce2767c6f2bdd0e2eeab04218.jpg,300,300,171,233
None,202,227,9,10,0910_jpg.rf.d8f8e8fce2767c6f2bdd0e2eeab04218.jpg,300,300,211,237
None,130,246,7,9,0910_jpg.rf.d8f8e8fce2767c6f2bdd0e2eeab04218.jpg,300,300,137,255
None,187,238,6,10,0910_jpg.rf.d8f8e8fce2767c6f2bdd0e2eeab04218.jpg,300,300,193,248
Mask,190,231,7,5,0910_jpg.rf.d8f8e8fce2767c6f2bdd0e2eeab04218.jpg,300,300,197,236
None,259,208,6,9,0910_jpg.rf.d8f8e8fce2767c6f2bdd0e2eeab04218.jpg,300,300,265,217
Mask,226,208,7,10,0910_jpg.rf.d8f8e8fce2767c6f2bdd0e2eeab04218.jpg,300,300,233,218
Mask,223,200,5,8,0910_jpg.rf.d8f8e8fce2767c6f2bdd0e2eeab04218.jpg,300,300,228,208
None,230,226,7,6,0910_jpg.rf.d8f8e8fce2767c6f2bdd0e2eeab04218.jpg,300,300,237,232
None,251,226,7,7,0910_jpg.rf.d8f8e8fce2767c6f2bdd0e2eeab04218.jpg,300,300,258,233
Mask,52,233,3,3,0910_jpg.rf.d8f8e8fce2767c6f2bdd0e2eeab04218.jpg,300,300,55,236
None,158,234,6,12,0910_jpg.rf.d8f8e8fce2767c6f2bdd0e2eeab04218.jpg,300,300,164,246
Mask,217,222,5,7,0910_jpg.rf.d8f8e8fce2767c6f2bdd0e2eeab04218.jpg,300,300,222,229
None,278,198,6,8,0910_jpg.rf.d8f8e8fce2767c6f2bdd0e2eeab04218.jpg,300,300,284,206
None,131,215,5,9,0910_jpg.rf.d8f8e8fce2767c6f2bdd0e2eeab04218.jpg,300,300,136,224
None,181,218,5,8,0910_jpg.rf.d8f8e8fce2767c6f2bdd0e2eeab04218.jpg,300,300,186,226
Mask,247,55,12,17,0913_jpg.rf.b6daa986fceab189aedd63fde6f9fcd6.jpg,300,300,259,72
Mask,284,34,16,20,0913_jpg.rf.b6daa986fceab189aedd63fde6f9fcd6.jpg,300,300,300,54
Mask,212,58,12,16,0913_jpg.rf.b6daa986fceab189aedd63fde6f9fcd6.jpg,300,300,224,74
Mask,183,42,10,18,0913_jpg.rf.b6daa986fceab189aedd63fde6f9fcd6.jpg,300,300,193,60
Mask,127,44,10,15,0913_jpg.rf.b6daa986fceab189aedd63fde6f9fcd6.jpg,300,300,137,59
Mask,97,61,10,13,0913_jpg.rf.b6daa986fceab189aedd63fde6f9fcd6.jpg,300,300,107,74
Mask,66,61,13,16,0913_jpg.rf.b6daa986fceab189aedd63fde6f9fcd6.jpg,300,300,79,77
Mask,31,42,15,17,0913_jpg.rf.b6daa986fceab189aedd63fde6f9fcd6.jpg,300,300,46,59
None,240,14,21,36,0918_jpg.rf.135f09ff74f052fc4c11f11f3f5fb8a9.jpg,300,300,261,50
None,167,13,18,26,0918_jpg.rf.135f09ff74f052fc4c11f11f3f5fb8a9.jpg,300,300,185,39
None,135,53,15,26,0918_jpg.rf.135f09ff74f052fc4c11f11f3f5fb8a9.jpg,300,300,150,79
None,110,84,16,19,0918_jpg.rf.135f09ff74f052fc4c11f11f3f5fb8a9.jpg,300,300,126,103
None,91,66,16,23,0918_jpg.rf.135f09ff74f052fc4c11f11f3f5fb8a9.jpg,300,300,107,89
Helmet,69,81,13,18,0918_jpg.rf.135f09ff74f052fc4c11f11f3f5fb8a9.jpg,300,300,82,99
None,48,93,10,18,0918_jpg.rf.135f09ff74f052fc4c11f11f3f5fb8a9.jpg,300,300,58,111
None,37,106,11,16,0918_jpg.rf.135f09ff74f052fc4c11f11f3f5fb8a9.jpg,300,300,48,122
None,18,174,8,12,0918_jpg.rf.135f09ff74f052fc4c11f11f3f5fb8a9.jpg,300,300,26,186
None,230,216,15,23,0928_jpg.rf.df4c50c892cbba6bda683e2a40e9c11d.jpg,300,300,245,239
None,214,230,12,25,0928_jpg.rf.df4c50c892cbba6bda683e2a40e9c11d.jpg,300,300,226,255
None,193,215,7,19,0928_jpg.rf.df4c50c892cbba6bda683e2a40e9c11d.jpg,300,300,200,234
None,159,196,17,31,0928_jpg.rf.df4c50c892cbba6bda683e2a40e9c11d.jpg,300,300,176,227
None,106,219,12,20,0928_jpg.rf.df4c50c892cbba6bda683e2a40e9c11d.jpg,300,300,118,239
None,211,191,7,14,0928_jpg.rf.df4c50c892cbba6bda683e2a40e9c11d.jpg,300,300,218,205
None,204,185,5,12,0928_jpg.rf.df4c50c892cbba6bda683e2a40e9c11d.jpg,300,300,209,197
None,184,204,6,10,0928_jpg.rf.df4c50c892cbba6bda683e2a40e9c11d.jpg,300,300,190,214
None,183,214,8,16,0928_jpg.rf.df4c50c892cbba6bda683e2a40e9c11d.jpg,300,300,191,230
Mask,222,208,9,13,0928_jpg.rf.df4c50c892cbba6bda683e2a40e9c11d.jpg,300,300,231,221
None,269,40,7,13,0932_jpg.rf.0226e41d49df618859231a5e458e38a8.jpg,300,300,276,53
None,234,41,7,11,0932_jpg.rf.0226e41d49df618859231a5e458e38a8.jpg,300,300,241,52
None,218,56,9,15,0932_jpg.rf.0226e41d49df618859231a5e458e38a8.jpg,300,300,227,71
None,285,41,15,26,0932_jpg.rf.0226e41d49df618859231a5e458e38a8.jpg,300,300,300,67
None,265,67,17,30,0932_jpg.rf.0226e41d49df618859231a5e458e38a8.jpg,300,300,282,97
None,253,49,12,17,0932_jpg.rf.0226e41d49df618859231a5e458e38a8.jpg,300,300,265,66
None,211,40,5,10,0932_jpg.rf.0226e41d49df618859231a5e458e38a8.jpg,300,300,216,50
None,162,76,23,43,0932_jpg.rf.0226e41d49df618859231a5e458e38a8.jpg,300,300,185,119
None,124,56,13,24,0932_jpg.rf.0226e41d49df618859231a5e458e38a8.jpg,300,300,137,80
None,108,56,10,15,0932_jpg.rf.0226e41d49df618859231a5e458e38a8.jpg,300,300,118,71
None,19,34,9,12,0932_jpg.rf.0226e41d49df618859231a5e458e38a8.jpg,300,300,28,46
None,23,71,10,20,0932_jpg.rf.0226e41d49df618859231a5e458e38a8.jpg,300,300,33,91
None,7,64,12,21,0932_jpg.rf.0226e41d49df618859231a5e458e38a8.jpg,300,300,19,85
None,76,78,16,27,0932_jpg.rf.0226e41d49df618859231a5e458e38a8.jpg,300,300,92,105
Mask,176,73,10,9,0933_jpg.rf.2699b46cd82cbf97de9d838fb5583999.jpg,300,300,186,82
Mask,131,69,17,19,0933_jpg.rf.2699b46cd82cbf97de9d838fb5583999.jpg,300,300,148,88
Mask,64,90,21,16,0933_jpg.rf.2699b46cd82cbf97de9d838fb5583999.jpg,300,300,85,106
None,137,66,14,22,0947_jpg.rf.266577917f6ec223ed1cf7d47162a3ba.jpg,300,300,151,88
Mask,102,69,10,9,0947_jpg.rf.266577917f6ec223ed1cf7d47162a3ba.jpg,300,300,112,78
Mask,27,62,9,9,0947_jpg.rf.266577917f6ec223ed1cf7d47162a3ba.jpg,300,300,36,71
Mask,153,66,11,9,0947_jpg.rf.266577917f6ec223ed1cf7d47162a3ba.jpg,300,300,164,75
Mask,170,43,10,9,0947_jpg.rf.266577917f6ec223ed1cf7d47162a3ba.jpg,300,300,180,52
Mask,84,16,11,10,0947_jpg.rf.266577917f6ec223ed1cf7d47162a3ba.jpg,300,300,95,26
None,100,117,10,15,0947_jpg.rf.266577917f6ec223ed1cf7d47162a3ba.jpg,300,300,110,132
None,182,97,8,15,0947_jpg.rf.266577917f6ec223ed1cf7d47162a3ba.jpg,300,300,190,112
None,206,95,8,14,0947_jpg.rf.266577917f6ec223ed1cf7d47162a3ba.jpg,300,300,214,109
None,246,64,10,15,0947_jpg.rf.266577917f6ec223ed1cf7d47162a3ba.jpg,300,300,256,79
None,271,67,7,13,0947_jpg.rf.266577917f6ec223ed1cf7d47162a3ba.jpg,300,300,278,80
None,285,79,7,13,0947_jpg.rf.266577917f6ec223ed1cf7d47162a3ba.jpg,300,300,292,92
None,271,95,12,14,0947_jpg.rf.266577917f6ec223ed1cf7d47162a3ba.jpg,300,300,283,109
None,237,94,12,16,0947_jpg.rf.266577917f6ec223ed1cf7d47162a3ba.jpg,300,300,249,110
None,222,43,7,16,0947_jpg.rf.266577917f6ec223ed1cf7d47162a3ba.jpg,300,300,229,59
None,231,30,10,16,0947_jpg.rf.266577917f6ec223ed1cf7d47162a3ba.jpg,300,300,241,46
None,260,34,7,12,0947_jpg.rf.266577917f6ec223ed1cf7d47162a3ba.jpg,300,300,267,46
None,261,49,8,9,0947_jpg.rf.266577917f6ec223ed1cf7d47162a3ba.jpg,300,300,269,58
None,252,53,5,12,0947_jpg.rf.266577917f6ec223ed1cf7d47162a3ba.jpg,300,300,257,65
None,291,39,8,13,0947_jpg.rf.266577917f6ec223ed1cf7d47162a3ba.jpg,300,300,299,52
None,205,35,8,16,0947_jpg.rf.266577917f6ec223ed1cf7d47162a3ba.jpg,300,300,213,51
None,188,54,10,16,0947_jpg.rf.266577917f6ec223ed1cf7d47162a3ba.jpg,300,300,198,70
None,197,75,11,12,0947_jpg.rf.266577917f6ec223ed1cf7d47162a3ba.jpg,300,300,208,87
None,128,18,10,14,0947_jpg.rf.266577917f6ec223ed1cf7d47162a3ba.jpg,300,300,138,32
None,145,20,8,16,0947_jpg.rf.266577917f6ec223ed1cf7d47162a3ba.jpg,300,300,153,36
None,160,3,9,14,0947_jpg.rf.266577917f6ec223ed1cf7d47162a3ba.jpg,300,300,169,17
None,85,101,9,16,0947_jpg.rf.266577917f6ec223ed1cf7d47162a3ba.jpg,300,300,94,117
None,54,85,13,18,0947_jpg.rf.266577917f6ec223ed1cf7d47162a3ba.jpg,300,300,67,103
None,50,107,12,13,0947_jpg.rf.266577917f6ec223ed1cf7d47162a3ba.jpg,300,300,62,120
None,74,35,11,15,0947_jpg.rf.266577917f6ec223ed1cf7d47162a3ba.jpg,300,300,85,50
None,98,24,10,16,0947_jpg.rf.266577917f6ec223ed1cf7d47162a3ba.jpg,300,300,108,40
None,52,13,8,13,0947_jpg.rf.266577917f6ec223ed1cf7d47162a3ba.jpg,300,300,60,26
Mask,174,24,12,10,0947_jpg.rf.266577917f6ec223ed1cf7d47162a3ba.jpg,300,300,186,34
None,262,188,17,19,0947_jpg.rf.266577917f6ec223ed1cf7d47162a3ba.jpg,300,300,279,207
None,157,247,10,22,0947_jpg.rf.266577917f6ec223ed1cf7d47162a3ba.jpg,300,300,167,269
None,52,234,19,25,0947_jpg.rf.266577917f6ec223ed1cf7d47162a3ba.jpg,300,300,71,259
None,16,94,10,14,0947_jpg.rf.266577917f6ec223ed1cf7d47162a3ba.jpg,300,300,26,108
None,2,77,9,15,0947_jpg.rf.266577917f6ec223ed1cf7d47162a3ba.jpg,300,300,11,92
None,41,26,11,15,0947_jpg.rf.266577917f6ec223ed1cf7d47162a3ba.jpg,300,300,52,41
None,232,119,11,16,0947_jpg.rf.266577917f6ec223ed1cf7d47162a3ba.jpg,300,300,243,135
Mask,73,214,26,58,0949_jpg.rf.651cec87d9611f16ee4f742a2e84ec3f.jpg,300,300,99,272
Mask,267,162,24,48,0949_jpg.rf.651cec87d9611f16ee4f742a2e84ec3f.jpg,300,300,291,210
Mask,134,114,21,30,0949_jpg.rf.651cec87d9611f16ee4f742a2e84ec3f.jpg,300,300,155,144
Mask,151,73,16,30,0949_jpg.rf.651cec87d9611f16ee4f742a2e84ec3f.jpg,300,300,167,103
Mask,176,71,15,21,0949_jpg.rf.651cec87d9611f16ee4f742a2e84ec3f.jpg,300,300,191,92
Mask,92,71,15,18,0949_jpg.rf.651cec87d9611f16ee4f742a2e84ec3f.jpg,300,300,107,89
Mask,32,45,12,21,0949_jpg.rf.651cec87d9611f16ee4f742a2e84ec3f.jpg,300,300,44,66
Mask,279,76,17,27,0949_jpg.rf.651cec87d9611f16ee4f742a2e84ec3f.jpg,300,300,296,103
Mask,263,51,16,25,0949_jpg.rf.651cec87d9611f16ee4f742a2e84ec3f.jpg,300,300,279,76
Mask,190,33,14,12,0949_jpg.rf.651cec87d9611f16ee4f742a2e84ec3f.jpg,300,300,204,45
None,223,26,25,51,0949_jpg.rf.651cec87d9611f16ee4f742a2e84ec3f.jpg,300,300,248,77
None,251,200,13,26,0955_jpg.rf.75afa95a0af80e2bf4ed3721fdcc2b95.jpg,300,300,264,226
None,124,200,15,31,0955_jpg.rf.75afa95a0af80e2bf4ed3721fdcc2b95.jpg,300,300,139,231
None,23,195,15,26,0955_jpg.rf.75afa95a0af80e2bf4ed3721fdcc2b95.jpg,300,300,38,221
Mask,51,106,10,10,0957_jpg.rf.7258823b5a3c2b5dbc04d7b8fc10de6e.jpg,300,300,61,116
Mask,217,194,8,17,0957_jpg.rf.7258823b5a3c2b5dbc04d7b8fc10de6e.jpg,300,300,225,211
Mask,97,96,12,10,0957_jpg.rf.7258823b5a3c2b5dbc04d7b8fc10de6e.jpg,300,300,109,106
Mask,140,100,9,8,0957_jpg.rf.7258823b5a3c2b5dbc04d7b8fc10de6e.jpg,300,300,149,108
None,40,129,11,24,0957_jpg.rf.7258823b5a3c2b5dbc04d7b8fc10de6e.jpg,300,300,51,153
None,223,90,7,19,0957_jpg.rf.7258823b5a3c2b5dbc04d7b8fc10de6e.jpg,300,300,230,109
None,227,90,11,15,0957_jpg.rf.7258823b5a3c2b5dbc04d7b8fc10de6e.jpg,300,300,238,105
None,240,98,12,18,0957_jpg.rf.7258823b5a3c2b5dbc04d7b8fc10de6e.jpg,300,300,252,116
None,278,98,14,18,0957_jpg.rf.7258823b5a3c2b5dbc04d7b8fc10de6e.jpg,300,300,292,116
Mask,287,93,9,8,0957_jpg.rf.7258823b5a3c2b5dbc04d7b8fc10de6e.jpg,300,300,296,101
None,291,120,9,23,0957_jpg.rf.7258823b5a3c2b5dbc04d7b8fc10de6e.jpg,300,300,300,143
None,171,105,10,18,0957_jpg.rf.7258823b5a3c2b5dbc04d7b8fc10de6e.jpg,300,300,181,123
None,158,111,9,14,0957_jpg.rf.7258823b5a3c2b5dbc04d7b8fc10de6e.jpg,300,300,167,125
None,127,128,10,16,0957_jpg.rf.7258823b5a3c2b5dbc04d7b8fc10de6e.jpg,300,300,137,144
None,116,97,10,19,0957_jpg.rf.7258823b5a3c2b5dbc04d7b8fc10de6e.jpg,300,300,126,116
None,63,117,11,22,0957_jpg.rf.7258823b5a3c2b5dbc04d7b8fc10de6e.jpg,300,300,74,139
None,80,97,13,21,0957_jpg.rf.7258823b5a3c2b5dbc04d7b8fc10de6e.jpg,300,300,93,118
None,31,104,9,18,0957_jpg.rf.7258823b5a3c2b5dbc04d7b8fc10de6e.jpg,300,300,40,122
Mask,15,138,13,16,0957_jpg.rf.7258823b5a3c2b5dbc04d7b8fc10de6e.jpg,300,300,28,154
Mask,121,105,45,36,0960_jpg.rf.3d06e54b7b0b46ca526febb33bae70bf.jpg,300,300,166,141
Mask,225,41,31,29,0960_jpg.rf.3d06e54b7b0b46ca526febb33bae70bf.jpg,300,300,256,70
Mask,176,56,27,27,0960_jpg.rf.3d06e54b7b0b46ca526febb33bae70bf.jpg,300,300,203,83
Mask,83,30,12,23,0960_jpg.rf.3d06e54b7b0b46ca526febb33bae70bf.jpg,300,300,95,53
None,140,0,22,36,0960_jpg.rf.3d06e54b7b0b46ca526febb33bae70bf.jpg,300,300,162,36
None,108,173,48,76,0971_jpg.rf.199427bc3294832a7c5fc5e384b56ba4.jpg,300,300,156,249
Mask,171,17,22,22,0971_jpg.rf.199427bc3294832a7c5fc5e384b56ba4.jpg,300,300,193,39
Mask,153,114,34,26,0982_jpg.rf.7381473f9ad81f54fb016c2ac4cf3cb4.jpg,300,300,187,140
Mask,101,114,35,22,0982_jpg.rf.7381473f9ad81f54fb016c2ac4cf3cb4.jpg,300,300,136,136
Mask,53,115,31,24,0982_jpg.rf.7381473f9ad81f54fb016c2ac4cf3cb4.jpg,300,300,84,139
Mask,42,59,29,21,0982_jpg.rf.7381473f9ad81f54fb016c2ac4cf3cb4.jpg,300,300,71,80
None,130,55,23,27,0982_jpg.rf.7381473f9ad81f54fb016c2ac4cf3cb4.jpg,300,300,153,82
None,165,29,41,52,0982_jpg.rf.7381473f9ad81f54fb016c2ac4cf3cb4.jpg,300,300,206,81
Mask,271,60,22,17,0982_jpg.rf.7381473f9ad81f54fb016c2ac4cf3cb4.jpg,300,300,293,77
None,111,147,52,67,0983_jpg.rf.cafda5d7952f62ec886ebf7fb668a5bd.jpg,300,300,163,214
Mask,177,138,20,14,0983_jpg.rf.cafda5d7952f62ec886ebf7fb668a5bd.jpg,300,300,197,152
Mask,239,177,21,15,0983_jpg.rf.cafda5d7952f62ec886ebf7fb668a5bd.jpg,300,300,260,192
None,271,119,17,25,0983_jpg.rf.cafda5d7952f62ec886ebf7fb668a5bd.jpg,300,300,288,144
Mask,41,124,13,12,0983_jpg.rf.cafda5d7952f62ec886ebf7fb668a5bd.jpg,300,300,54,136
Mask,7,114,12,9,0983_jpg.rf.cafda5d7952f62ec886ebf7fb668a5bd.jpg,300,300,19,123
Mask,86,127,7,8,0983_jpg.rf.cafda5d7952f62ec886ebf7fb668a5bd.jpg,300,300,93,135
None,150,107,10,12,0983_jpg.rf.cafda5d7952f62ec886ebf7fb668a5bd.jpg,300,300,160,119
None,112,30,33,49,0986_jpg.rf.3f6b1a12dda7a4c7ee2ff4dbfec27f13.jpg,300,300,145,79
None,60,61,13,12,0986_jpg.rf.3f6b1a12dda7a4c7ee2ff4dbfec27f13.jpg,300,300,73,73
None,279,53,10,14,0986_jpg.rf.3f6b1a12dda7a4c7ee2ff4dbfec27f13.jpg,300,300,289,67
None,204,68,13,21,0986_jpg.rf.3f6b1a12dda7a4c7ee2ff4dbfec27f13.jpg,300,300,217,89
None,184,58,7,12,0986_jpg.rf.3f6b1a12dda7a4c7ee2ff4dbfec27f13.jpg,300,300,191,70
None,150,61,13,23,0986_jpg.rf.3f6b1a12dda7a4c7ee2ff4dbfec27f13.jpg,300,300,163,84
None,13,63,5,9,0986_jpg.rf.3f6b1a12dda7a4c7ee2ff4dbfec27f13.jpg,300,300,18,72
None,25,69,9,11,0986_jpg.rf.3f6b1a12dda7a4c7ee2ff4dbfec27f13.jpg,300,300,34,80
None,3,66,6,9,0986_jpg.rf.3f6b1a12dda7a4c7ee2ff4dbfec27f13.jpg,300,300,9,75
None,218,59,5,8,0986_jpg.rf.3f6b1a12dda7a4c7ee2ff4dbfec27f13.jpg,300,300,223,67
None,86,64,7,9,0986_jpg.rf.3f6b1a12dda7a4c7ee2ff4dbfec27f13.jpg,300,300,93,73
Mask,247,75,43,47,0987_jpg.rf.fafef5eb702d49ddbcaa3e378b419d8d.jpg,300,300,290,122
None,119,5,61,159,0987_jpg.rf.fafef5eb702d49ddbcaa3e378b419d8d.jpg,300,300,180,164
Mask,142,97,21,28,0990_jpg.rf.0fe0f1cdc9f34e7235c6f22f6e8caf4e.jpg,300,300,163,125
Mask,35,84,12,12,0990_jpg.rf.0fe0f1cdc9f34e7235c6f22f6e8caf4e.jpg,300,300,47,96
Mask,13,96,9,13,0990_jpg.rf.0fe0f1cdc9f34e7235c6f22f6e8caf4e.jpg,300,300,22,109
None,70,66,19,42,0990_jpg.rf.0fe0f1cdc9f34e7235c6f22f6e8caf4e.jpg,300,300,89,108
None,110,78,19,44,0990_jpg.rf.0fe0f1cdc9f34e7235c6f22f6e8caf4e.jpg,300,300,129,122
None,180,77,12,35,0990_jpg.rf.0fe0f1cdc9f34e7235c6f22f6e8caf4e.jpg,300,300,192,112
Mask,223,148,5,5,0992_jpg.rf.4059a961e1a96620d849d5ad26e895c2.jpg,300,300,228,153
Mask,187,140,3,4,0992_jpg.rf.4059a961e1a96620d849d5ad26e895c2.jpg,300,300,190,144
Mask,211,139,4,4,0992_jpg.rf.4059a961e1a96620d849d5ad26e895c2.jpg,300,300,215,143
Mask,7,272,11,10,0995_jpg.rf.fcb7f5041eece7abf566305e2eec57de.jpg,300,300,18,282
Mask,45,270,7,8,0995_jpg.rf.fcb7f5041eece7abf566305e2eec57de.jpg,300,300,52,278
Mask,65,244,9,9,0995_jpg.rf.fcb7f5041eece7abf566305e2eec57de.jpg,300,300,74,253
Mask,29,239,8,7,0995_jpg.rf.fcb7f5041eece7abf566305e2eec57de.jpg,300,300,37,246
Mask,201,248,11,10,0995_jpg.rf.fcb7f5041eece7abf566305e2eec57de.jpg,300,300,212,258
Mask,171,222,8,8,0995_jpg.rf.fcb7f5041eece7abf566305e2eec57de.jpg,300,300,179,230
Mask,276,251,16,10,0995_jpg.rf.fcb7f5041eece7abf566305e2eec57de.jpg,300,300,292,261
None,185,221,8,18,0995_jpg.rf.fcb7f5041eece7abf566305e2eec57de.jpg,300,300,193,239
None,293,200,7,18,0995_jpg.rf.fcb7f5041eece7abf566305e2eec57de.jpg,300,300,300,218
Mask,10,209,10,6,0995_jpg.rf.fcb7f5041eece7abf566305e2eec57de.jpg,300,300,20,215
Mask,194,203,9,8,0995_jpg.rf.fcb7f5041eece7abf566305e2eec57de.jpg,300,300,203,211
Mask,207,192,6,9,0995_jpg.rf.fcb7f5041eece7abf566305e2eec57de.jpg,300,300,213,201
Mask,113,177,7,5,0995_jpg.rf.fcb7f5041eece7abf566305e2eec57de.jpg,300,300,120,182
Mask,106,171,6,6,0995_jpg.rf.fcb7f5041eece7abf566305e2eec57de.jpg,300,300,112,177
Mask,86,164,7,7,0995_jpg.rf.fcb7f5041eece7abf566305e2eec57de.jpg,300,300,93,171
Mask,90,159,9,6,0995_jpg.rf.fcb7f5041eece7abf566305e2eec57de.jpg,300,300,99,165
Mask,68,155,8,7,0995_jpg.rf.fcb7f5041eece7abf566305e2eec57de.jpg,300,300,76,162
Helmet,67,143,12,10,0995_jpg.rf.fcb7f5041eece7abf566305e2eec57de.jpg,300,300,79,153
Mask,17,176,7,8,0995_jpg.rf.fcb7f5041eece7abf566305e2eec57de.jpg,300,300,24,184
Mask,99,177,6,7,0995_jpg.rf.fcb7f5041eece7abf566305e2eec57de.jpg,300,300,105,184
Mask,135,175,7,8,0995_jpg.rf.fcb7f5041eece7abf566305e2eec57de.jpg,300,300,142,183
Mask,270,178,8,7,0995_jpg.rf.fcb7f5041eece7abf566305e2eec57de.jpg,300,300,278,185
Mask,243,170,6,8,0995_jpg.rf.fcb7f5041eece7abf566305e2eec57de.jpg,300,300,249,178
Mask,206,167,7,7,0995_jpg.rf.fcb7f5041eece7abf566305e2eec57de.jpg,300,300,213,174
Mask,212,152,7,6,0995_jpg.rf.fcb7f5041eece7abf566305e2eec57de.jpg,300,300,219,158
Mask,101,150,8,7,0995_jpg.rf.fcb7f5041eece7abf566305e2eec57de.jpg,300,300,109,157
Mask,102,127,5,4,0995_jpg.rf.fcb7f5041eece7abf566305e2eec57de.jpg,300,300,107,131
Mask,255,224,9,8,0995_jpg.rf.fcb7f5041eece7abf566305e2eec57de.jpg,300,300,264,232
Mask,237,230,7,8,0995_jpg.rf.fcb7f5041eece7abf566305e2eec57de.jpg,300,300,244,238
None,3,160,8,14,0995_jpg.rf.fcb7f5041eece7abf566305e2eec57de.jpg,300,300,11,174
None,176,148,8,14,0995_jpg.rf.fcb7f5041eece7abf566305e2eec57de.jpg,300,300,184,162
None,120,93,5,11,0995_jpg.rf.fcb7f5041eece7abf566305e2eec57de.jpg,300,300,125,104
None,138,60,5,8,0995_jpg.rf.fcb7f5041eece7abf566305e2eec57de.jpg,300,300,143,68
None,95,130,6,12,0995_jpg.rf.fcb7f5041eece7abf566305e2eec57de.jpg,300,300,101,142
None,97,110,6,8,0995_jpg.rf.fcb7f5041eece7abf566305e2eec57de.jpg,300,300,103,118
None,217,171,7,10,0995_jpg.rf.fcb7f5041eece7abf566305e2eec57de.jpg,300,300,224,181
None,35,41,11,20,0996_jpg.rf.71e73075db88ed6acd07c2e5d568cb29.jpg,300,300,46,61
None,67,48,8,17,0996_jpg.rf.71e73075db88ed6acd07c2e5d568cb29.jpg,300,300,75,65
None,93,35,16,24,0996_jpg.rf.71e73075db88ed6acd07c2e5d568cb29.jpg,300,300,109,59
None,231,35,12,22,0996_jpg.rf.71e73075db88ed6acd07c2e5d568cb29.jpg,300,300,243,57
None,271,1,25,36,0996_jpg.rf.71e73075db88ed6acd07c2e5d568cb29.jpg,300,300,296,37
Mask,159,42,14,16,0996_jpg.rf.71e73075db88ed6acd07c2e5d568cb29.jpg,300,300,173,58
Mask,132,38,13,11,0996_jpg.rf.71e73075db88ed6acd07c2e5d568cb29.jpg,300,300,145,49
Mask,180,46,13,9,0996_jpg.rf.71e73075db88ed6acd07c2e5d568cb29.jpg,300,300,193,55
Mask,62,39,13,9,0996_jpg.rf.71e73075db88ed6acd07c2e5d568cb29.jpg,300,300,75,48
Mask,178,103,14,25,0999_jpg.rf.4804bb07d76e6e80c1b474cc4bea229c.jpg,300,300,192,128
Mask,153,87,13,22,0999_jpg.rf.4804bb07d76e6e80c1b474cc4bea229c.jpg,300,300,166,109
Mask,142,89,13,15,0999_jpg.rf.4804bb07d76e6e80c1b474cc4bea229c.jpg,300,300,155,104
Mask,211,75,8,7,0999_jpg.rf.4804bb07d76e6e80c1b474cc4bea229c.jpg,300,300,219,82
Mask,274,86,15,10,0999_jpg.rf.4804bb07d76e6e80c1b474cc4bea229c.jpg,300,300,289,96
Mask,230,72,8,8,0999_jpg.rf.4804bb07d76e6e80c1b474cc4bea229c.jpg,300,300,238,80
Mask,140,61,5,4,0999_jpg.rf.4804bb07d76e6e80c1b474cc4bea229c.jpg,300,300,145,65
Mask,129,61,5,5,0999_jpg.rf.4804bb07d76e6e80c1b474cc4bea229c.jpg,300,300,134,66
Mask,119,61,7,5,0999_jpg.rf.4804bb07d76e6e80c1b474cc4bea229c.jpg,300,300,126,66
Mask,283,134,12,15,1003_jpg.rf.dd805ed32c64d56ee46335f5100583e2.jpg,300,300,295,149
Mask,275,149,7,15,1003_jpg.rf.dd805ed32c64d56ee46335f5100583e2.jpg,300,300,282,164
Mask,251,116,11,16,1003_jpg.rf.dd805ed32c64d56ee46335f5100583e2.jpg,300,300,262,132
Mask,219,122,12,16,1003_jpg.rf.dd805ed32c64d56ee46335f5100583e2.jpg,300,300,231,138
Mask,203,127,13,15,1003_jpg.rf.dd805ed32c64d56ee46335f5100583e2.jpg,300,300,216,142
Mask,165,120,18,18,1003_jpg.rf.dd805ed32c64d56ee46335f5100583e2.jpg,300,300,183,138
Mask,101,89,16,21,1003_jpg.rf.dd805ed32c64d56ee46335f5100583e2.jpg,300,300,117,110
Mask,90,121,15,21,1003_jpg.rf.dd805ed32c64d56ee46335f5100583e2.jpg,300,300,105,142
Mask,54,103,20,21,1003_jpg.rf.dd805ed32c64d56ee46335f5100583e2.jpg,300,300,74,124
Mask,13,126,15,20,1003_jpg.rf.dd805ed32c64d56ee46335f5100583e2.jpg,300,300,28,146
Mask,69,53,59,94,1016_jpg.rf.4ebe06f86957735e60768d2310960f3d.jpg,300,300,128,147
None,242,25,15,28,1016_jpg.rf.4ebe06f86957735e60768d2310960f3d.jpg,300,300,257,53
None,214,16,20,31,1016_jpg.rf.4ebe06f86957735e60768d2310960f3d.jpg,300,300,234,47
None,188,50,18,30,1018_jpg.rf.386c16085cdf21bafea69c50b63509ad.jpg,300,300,206,80
None,244,45,16,28,1018_jpg.rf.386c16085cdf21bafea69c50b63509ad.jpg,300,300,260,73
None,155,36,12,21,1018_jpg.rf.386c16085cdf21bafea69c50b63509ad.jpg,300,300,167,57
None,36,68,13,16,1018_jpg.rf.386c16085cdf21bafea69c50b63509ad.jpg,300,300,49,84
None,78,86,13,16,1018_jpg.rf.386c16085cdf21bafea69c50b63509ad.jpg,300,300,91,102
None,83,74,10,16,1018_jpg.rf.386c16085cdf21bafea69c50b63509ad.jpg,300,300,93,90
Mask,82,54,13,13,1018_jpg.rf.386c16085cdf21bafea69c50b63509ad.jpg,300,300,95,67
Mask,175,50,12,14,1018_jpg.rf.386c16085cdf21bafea69c50b63509ad.jpg,300,300,187,64
Mask,110,56,14,15,1018_jpg.rf.386c16085cdf21bafea69c50b63509ad.jpg,300,300,124,71
None,222,129,13,18,1018_jpg.rf.386c16085cdf21bafea69c50b63509ad.jpg,300,300,235,147
Mask,89,129,53,53,1022_jpg.rf.afd7a419cac408e9afad9ae6230eb926.jpg,300,300,142,182
Mask,228,81,18,23,1022_jpg.rf.afd7a419cac408e9afad9ae6230eb926.jpg,300,300,246,104
Mask,150,74,30,27,1022_jpg.rf.afd7a419cac408e9afad9ae6230eb926.jpg,300,300,180,101
Mask,114,141,36,57,1030_jpg.rf.4b19d1cb20711c5d4dc00376729b8757.jpg,300,300,150,198
Mask,252,82,43,104,1030_jpg.rf.4b19d1cb20711c5d4dc00376729b8757.jpg,300,300,295,186
Mask,225,48,39,36,1033_jpg.rf.dec002d5089d1e86c7214db88bd70651.jpg,300,300,264,84
Mask,148,71,22,29,1033_jpg.rf.dec002d5089d1e86c7214db88bd70651.jpg,300,300,170,100
Mask,45,103,16,24,1033_jpg.rf.dec002d5089d1e86c7214db88bd70651.jpg,300,300,61,127
Mask,21,110,16,14,1033_jpg.rf.dec002d5089d1e86c7214db88bd70651.jpg,300,300,37,124
Mask,8,92,14,13,1033_jpg.rf.dec002d5089d1e86c7214db88bd70651.jpg,300,300,22,105
None,68,100,21,35,1033_jpg.rf.dec002d5089d1e86c7214db88bd70651.jpg,300,300,89,135
None,113,79,21,38,1033_jpg.rf.dec002d5089d1e86c7214db88bd70651.jpg,300,300,134,117
Mask,269,167,16,23,1040_jpg.rf.0ec2a37a9e661148a954f2f50a6f0dc0.jpg,300,300,285,190
Mask,243,165,21,25,1040_jpg.rf.0ec2a37a9e661148a954f2f50a6f0dc0.jpg,300,300,264,190
Mask,71,137,11,12,1040_jpg.rf.0ec2a37a9e661148a954f2f50a6f0dc0.jpg,300,300,82,149
Mask,54,136,11,15,1040_jpg.rf.0ec2a37a9e661148a954f2f50a6f0dc0.jpg,300,300,65,151
Mask,81,83,11,14,1040_jpg.rf.0ec2a37a9e661148a954f2f50a6f0dc0.jpg,300,300,92,97
Mask,95,89,11,10,1040_jpg.rf.0ec2a37a9e661148a954f2f50a6f0dc0.jpg,300,300,106,99
Mask,138,71,9,9,1040_jpg.rf.0ec2a37a9e661148a954f2f50a6f0dc0.jpg,300,300,147,80
Mask,60,64,12,11,1040_jpg.rf.0ec2a37a9e661148a954f2f50a6f0dc0.jpg,300,300,72,75
Mask,39,77,11,10,1040_jpg.rf.0ec2a37a9e661148a954f2f50a6f0dc0.jpg,300,300,50,87
Mask,24,47,8,9,1040_jpg.rf.0ec2a37a9e661148a954f2f50a6f0dc0.jpg,300,300,32,56
Mask,40,30,8,7,1040_jpg.rf.0ec2a37a9e661148a954f2f50a6f0dc0.jpg,300,300,48,37
None,131,132,12,24,1040_jpg.rf.0ec2a37a9e661148a954f2f50a6f0dc0.jpg,300,300,143,156
None,124,73,9,16,1040_jpg.rf.0ec2a37a9e661148a954f2f50a6f0dc0.jpg,300,300,133,89
None,287,143,12,23,1041_jpg.rf.36e3475e0c22ce60d1a801592eed5760.jpg,300,300,299,166
None,262,91,16,25,1041_jpg.rf.36e3475e0c22ce60d1a801592eed5760.jpg,300,300,278,116
None,188,114,10,22,1041_jpg.rf.36e3475e0c22ce60d1a801592eed5760.jpg,300,300,198,136
None,242,139,12,20,1041_jpg.rf.36e3475e0c22ce60d1a801592eed5760.jpg,300,300,254,159
None,143,145,10,14,1041_jpg.rf.36e3475e0c22ce60d1a801592eed5760.jpg,300,300,153,159
None,168,140,10,20,1041_jpg.rf.36e3475e0c22ce60d1a801592eed5760.jpg,300,300,178,160
None,134,139,8,16,1041_jpg.rf.36e3475e0c22ce60d1a801592eed5760.jpg,300,300,142,155
None,104,82,15,26,1041_jpg.rf.36e3475e0c22ce60d1a801592eed5760.jpg,300,300,119,108
None,69,107,13,22,1041_jpg.rf.36e3475e0c22ce60d1a801592eed5760.jpg,300,300,82,129
None,32,117,12,21,1041_jpg.rf.36e3475e0c22ce60d1a801592eed5760.jpg,300,300,44,138
None,18,82,12,23,1041_jpg.rf.36e3475e0c22ce60d1a801592eed5760.jpg,300,300,30,105
None,148,226,15,28,1041_jpg.rf.36e3475e0c22ce60d1a801592eed5760.jpg,300,300,163,254
None,253,257,20,25,1041_jpg.rf.36e3475e0c22ce60d1a801592eed5760.jpg,300,300,273,282
Mask,181,224,4,3,1043_jpg.rf.4fbfed1b0c9c1dd5da85f0fe9d603347.jpg,300,300,185,227
Mask,169,221,2,3,1043_jpg.rf.4fbfed1b0c9c1dd5da85f0fe9d603347.jpg,300,300,171,224
None,109,225,5,7,1043_jpg.rf.4fbfed1b0c9c1dd5da85f0fe9d603347.jpg,300,300,114,232
None,20,82,27,45,1044_jpg.rf.bc93748220229d9d9dee8519863dae6b.jpg,300,300,47,127
None,49,96,9,14,1044_jpg.rf.bc93748220229d9d9dee8519863dae6b.jpg,300,300,58,110
Mask,71,107,22,25,1044_jpg.rf.bc93748220229d9d9dee8519863dae6b.jpg,300,300,93,132
Mask,130,96,7,16,1044_jpg.rf.bc93748220229d9d9dee8519863dae6b.jpg,300,300,137,112
Mask,108,119,14,16,1044_jpg.rf.bc93748220229d9d9dee8519863dae6b.jpg,300,300,122,135
None,179,97,16,32,1044_jpg.rf.bc93748220229d9d9dee8519863dae6b.jpg,300,300,195,129
None,240,111,28,39,1044_jpg.rf.bc93748220229d9d9dee8519863dae6b.jpg,300,300,268,150
Mask,76,91,13,12,1045_jpg.rf.391551f96401dfa98f0e12e8038374fb.jpg,300,300,89,103
Mask,122,97,12,11,1045_jpg.rf.391551f96401dfa98f0e12e8038374fb.jpg,300,300,134,108
Mask,166,89,13,13,1045_jpg.rf.391551f96401dfa98f0e12e8038374fb.jpg,300,300,179,102
Mask,192,109,9,10,1045_jpg.rf.391551f96401dfa98f0e12e8038374fb.jpg,300,300,201,119
Mask,204,89,12,13,1045_jpg.rf.391551f96401dfa98f0e12e8038374fb.jpg,300,300,216,102
None,8,243,15,19,1050_jpg.rf.b2077b40f215d5e2f31a12219ad6853e.jpg,300,300,23,262
None,43,258,13,19,1050_jpg.rf.b2077b40f215d5e2f31a12219ad6853e.jpg,300,300,56,277
None,78,277,15,18,1050_jpg.rf.b2077b40f215d5e2f31a12219ad6853e.jpg,300,300,93,295
None,134,240,10,19,1050_jpg.rf.b2077b40f215d5e2f31a12219ad6853e.jpg,300,300,144,259
None,146,233,11,22,1050_jpg.rf.b2077b40f215d5e2f31a12219ad6853e.jpg,300,300,157,255
None,102,229,10,17,1050_jpg.rf.b2077b40f215d5e2f31a12219ad6853e.jpg,300,300,112,246
None,250,231,14,14,1050_jpg.rf.b2077b40f215d5e2f31a12219ad6853e.jpg,300,300,264,245
None,260,279,12,13,1050_jpg.rf.b2077b40f215d5e2f31a12219ad6853e.jpg,300,300,272,292
None,288,226,6,12,1050_jpg.rf.b2077b40f215d5e2f31a12219ad6853e.jpg,300,300,294,238
None,263,208,11,12,1050_jpg.rf.b2077b40f215d5e2f31a12219ad6853e.jpg,300,300,274,220
None,292,206,8,12,1050_jpg.rf.b2077b40f215d5e2f31a12219ad6853e.jpg,300,300,300,218
None,54,201,12,18,1050_jpg.rf.b2077b40f215d5e2f31a12219ad6853e.jpg,300,300,66,219
None,24,194,9,15,1050_jpg.rf.b2077b40f215d5e2f31a12219ad6853e.jpg,300,300,33,209
None,0,220,9,15,1050_jpg.rf.b2077b40f215d5e2f31a12219ad6853e.jpg,300,300,9,235
Mask,6,188,10,10,1050_jpg.rf.b2077b40f215d5e2f31a12219ad6853e.jpg,300,300,16,198
Mask,46,190,12,11,1050_jpg.rf.b2077b40f215d5e2f31a12219ad6853e.jpg,300,300,58,201
None,79,202,12,22,1050_jpg.rf.b2077b40f215d5e2f31a12219ad6853e.jpg,300,300,91,224
None,157,169,11,14,1050_jpg.rf.b2077b40f215d5e2f31a12219ad6853e.jpg,300,300,168,183
None,184,171,7,9,1050_jpg.rf.b2077b40f215d5e2f31a12219ad6853e.jpg,300,300,191,180
None,175,214,10,15,1050_jpg.rf.b2077b40f215d5e2f31a12219ad6853e.jpg,300,300,185,229
None,160,206,11,13,1050_jpg.rf.b2077b40f215d5e2f31a12219ad6853e.jpg,300,300,171,219
Mask,135,219,12,13,1050_jpg.rf.b2077b40f215d5e2f31a12219ad6853e.jpg,300,300,147,232
None,117,211,11,16,1050_jpg.rf.b2077b40f215d5e2f31a12219ad6853e.jpg,300,300,128,227
None,284,160,8,10,1050_jpg.rf.b2077b40f215d5e2f31a12219ad6853e.jpg,300,300,292,170
None,280,178,9,12,1050_jpg.rf.b2077b40f215d5e2f31a12219ad6853e.jpg,300,300,289,190
None,181,153,8,14,1050_jpg.rf.b2077b40f215d5e2f31a12219ad6853e.jpg,300,300,189,167
None,147,146,10,15,1050_jpg.rf.b2077b40f215d5e2f31a12219ad6853e.jpg,300,300,157,161
None,162,132,10,15,1050_jpg.rf.b2077b40f215d5e2f31a12219ad6853e.jpg,300,300,172,147
None,187,116,8,14,1050_jpg.rf.b2077b40f215d5e2f31a12219ad6853e.jpg,300,300,195,130
None,196,135,12,15,1050_jpg.rf.b2077b40f215d5e2f31a12219ad6853e.jpg,300,300,208,150
None,215,135,8,13,1050_jpg.rf.b2077b40f215d5e2f31a12219ad6853e.jpg,300,300,223,148
None,284,130,11,14,1050_jpg.rf.b2077b40f215d5e2f31a12219ad6853e.jpg,300,300,295,144
None,272,108,8,16,1050_jpg.rf.b2077b40f215d5e2f31a12219ad6853e.jpg,300,300,280,124
None,249,93,7,12,1050_jpg.rf.b2077b40f215d5e2f31a12219ad6853e.jpg,300,300,256,105
None,217,84,6,13,1050_jpg.rf.b2077b40f215d5e2f31a12219ad6853e.jpg,300,300,223,97
None,209,81,7,10,1050_jpg.rf.b2077b40f215d5e2f31a12219ad6853e.jpg,300,300,216,91
None,194,82,9,10,1050_jpg.rf.b2077b40f215d5e2f31a12219ad6853e.jpg,300,300,203,92
None,270,76,10,11,1050_jpg.rf.b2077b40f215d5e2f31a12219ad6853e.jpg,300,300,280,87
None,260,96,10,15,1050_jpg.rf.b2077b40f215d5e2f31a12219ad6853e.jpg,300,300,270,111
None,127,101,11,16,1050_jpg.rf.b2077b40f215d5e2f31a12219ad6853e.jpg,300,300,138,117
None,144,100,10,13,1050_jpg.rf.b2077b40f215d5e2f31a12219ad6853e.jpg,300,300,154,113
None,175,107,10,12,1050_jpg.rf.b2077b40f215d5e2f31a12219ad6853e.jpg,300,300,185,119
None,166,94,6,12,1050_jpg.rf.b2077b40f215d5e2f31a12219ad6853e.jpg,300,300,172,106
None,74,113,9,14,1050_jpg.rf.b2077b40f215d5e2f31a12219ad6853e.jpg,300,300,83,127
None,84,120,8,15,1050_jpg.rf.b2077b40f215d5e2f31a12219ad6853e.jpg,300,300,92,135
None,143,176,7,12,1050_jpg.rf.b2077b40f215d5e2f31a12219ad6853e.jpg,300,300,150,188
None,129,185,9,14,1050_jpg.rf.b2077b40f215d5e2f31a12219ad6853e.jpg,300,300,138,199
None,115,190,12,12,1050_jpg.rf.b2077b40f215d5e2f31a12219ad6853e.jpg,300,300,127,202
None,77,171,12,13,1050_jpg.rf.b2077b40f215d5e2f31a12219ad6853e.jpg,300,300,89,184
None,65,163,7,9,1050_jpg.rf.b2077b40f215d5e2f31a12219ad6853e.jpg,300,300,72,172
None,37,168,9,12,1050_jpg.rf.b2077b40f215d5e2f31a12219ad6853e.jpg,300,300,46,180
None,21,175,12,13,1050_jpg.rf.b2077b40f215d5e2f31a12219ad6853e.jpg,300,300,33,188
None,0,163,8,11,1050_jpg.rf.b2077b40f215d5e2f31a12219ad6853e.jpg,300,300,8,174
None,29,147,12,12,1050_jpg.rf.b2077b40f215d5e2f31a12219ad6853e.jpg,300,300,41,159
None,51,117,9,13,1050_jpg.rf.b2077b40f215d5e2f31a12219ad6853e.jpg,300,300,60,130
None,21,127,8,15,1050_jpg.rf.b2077b40f215d5e2f31a12219ad6853e.jpg,300,300,29,142
None,34,86,9,15,1050_jpg.rf.b2077b40f215d5e2f31a12219ad6853e.jpg,300,300,43,101
None,74,83,9,9,1050_jpg.rf.b2077b40f215d5e2f31a12219ad6853e.jpg,300,300,83,92
None,104,105,9,12,1050_jpg.rf.b2077b40f215d5e2f31a12219ad6853e.jpg,300,300,113,117
None,127,124,10,13,1050_jpg.rf.b2077b40f215d5e2f31a12219ad6853e.jpg,300,300,137,137
None,247,124,8,15,1050_jpg.rf.b2077b40f215d5e2f31a12219ad6853e.jpg,300,300,255,139
None,216,115,10,12,1050_jpg.rf.b2077b40f215d5e2f31a12219ad6853e.jpg,300,300,226,127
None,244,65,7,10,1050_jpg.rf.b2077b40f215d5e2f31a12219ad6853e.jpg,300,300,251,75
None,229,59,7,9,1050_jpg.rf.b2077b40f215d5e2f31a12219ad6853e.jpg,300,300,236,68
None,288,68,9,11,1050_jpg.rf.b2077b40f215d5e2f31a12219ad6853e.jpg,300,300,297,79
Mask,269,28,8,9,1050_jpg.rf.b2077b40f215d5e2f31a12219ad6853e.jpg,300,300,277,37
None,124,139,12,19,1050_jpg.rf.b2077b40f215d5e2f31a12219ad6853e.jpg,300,300,136,158
None,21,78,8,9,1050_jpg.rf.b2077b40f215d5e2f31a12219ad6853e.jpg,300,300,29,87
None,152,74,11,10,1050_jpg.rf.b2077b40f215d5e2f31a12219ad6853e.jpg,300,300,163,84
None,111,89,7,12,1050_jpg.rf.b2077b40f215d5e2f31a12219ad6853e.jpg,300,300,118,101
None,112,159,9,18,1050_jpg.rf.b2077b40f215d5e2f31a12219ad6853e.jpg,300,300,121,177
None,123,157,9,16,1050_jpg.rf.b2077b40f215d5e2f31a12219ad6853e.jpg,300,300,132,173
None,65,230,12,20,1050_jpg.rf.b2077b40f215d5e2f31a12219ad6853e.jpg,300,300,77,250
None,208,163,22,27,1050_jpg.rf.b2077b40f215d5e2f31a12219ad6853e.jpg,300,300,230,190
None,140,165,21,43,1059_jpg.rf.a19ff1054fdae7a91f5aaf33c571cc3b.jpg,300,300,161,208
None,23,140,15,25,1059_jpg.rf.a19ff1054fdae7a91f5aaf33c571cc3b.jpg,300,300,38,165
Mask,220,191,8,8,1059_jpg.rf.a19ff1054fdae7a91f5aaf33c571cc3b.jpg,300,300,228,199
Mask,82,91,12,9,1060_jpg.rf.384039d0a982fcc5fc75833014a76f50.jpg,300,300,94,100
Mask,147,118,23,20,1060_jpg.rf.384039d0a982fcc5fc75833014a76f50.jpg,300,300,170,138
Mask,206,92,13,17,1060_jpg.rf.384039d0a982fcc5fc75833014a76f50.jpg,300,300,219,109
Mask,231,97,12,11,1060_jpg.rf.384039d0a982fcc5fc75833014a76f50.jpg,300,300,243,108
Mask,260,126,25,20,1060_jpg.rf.384039d0a982fcc5fc75833014a76f50.jpg,300,300,285,146
Mask,75,122,15,13,1060_jpg.rf.384039d0a982fcc5fc75833014a76f50.jpg,300,300,90,135
Mask,91,117,11,11,1060_jpg.rf.384039d0a982fcc5fc75833014a76f50.jpg,300,300,102,128
Mask,112,104,14,15,1060_jpg.rf.384039d0a982fcc5fc75833014a76f50.jpg,300,300,126,119
Mask,5,114,18,22,1060_jpg.rf.384039d0a982fcc5fc75833014a76f50.jpg,300,300,23,136
Mask,25,102,9,16,1060_jpg.rf.384039d0a982fcc5fc75833014a76f50.jpg,300,300,34,118
Mask,0,102,7,11,1060_jpg.rf.384039d0a982fcc5fc75833014a76f50.jpg,300,300,7,113
Mask,68,101,7,7,1060_jpg.rf.384039d0a982fcc5fc75833014a76f50.jpg,300,300,75,108
None,44,73,13,19,1060_jpg.rf.384039d0a982fcc5fc75833014a76f50.jpg,300,300,57,92
None,145,53,26,38,1060_jpg.rf.384039d0a982fcc5fc75833014a76f50.jpg,300,300,171,91
Mask,28,158,8,9,1061_jpg.rf.aba02608397197f8326377e89c80e082.jpg,300,300,36,167
Mask,161,165,10,9,1061_jpg.rf.aba02608397197f8326377e89c80e082.jpg,300,300,171,174
None,134,169,7,12,1061_jpg.rf.aba02608397197f8326377e89c80e082.jpg,300,300,141,181
Mask,49,196,17,17,1061_jpg.rf.aba02608397197f8326377e89c80e082.jpg,300,300,66,213
Mask,2,209,27,23,1061_jpg.rf.aba02608397197f8326377e89c80e082.jpg,300,300,29,232
None,98,154,7,9,1061_jpg.rf.aba02608397197f8326377e89c80e082.jpg,300,300,105,163
Mask,141,171,7,4,1061_jpg.rf.aba02608397197f8326377e89c80e082.jpg,300,300,148,175
Mask,146,162,3,5,1061_jpg.rf.aba02608397197f8326377e89c80e082.jpg,300,300,149,167
Mask,84,168,6,6,1061_jpg.rf.aba02608397197f8326377e89c80e082.jpg,300,300,90,174
Mask,76,170,6,6,1061_jpg.rf.aba02608397197f8326377e89c80e082.jpg,300,300,82,176
Mask,67,166,5,8,1061_jpg.rf.aba02608397197f8326377e89c80e082.jpg,300,300,72,174
Mask,259,171,3,3,1061_jpg.rf.aba02608397197f8326377e89c80e082.jpg,300,300,262,174
Helmet,268,166,5,7,1061_jpg.rf.aba02608397197f8326377e89c80e082.jpg,300,300,273,173
Helmet,287,164,8,10,1061_jpg.rf.aba02608397197f8326377e89c80e082.jpg,300,300,295,174
None,116,63,18,40,1064_jpg.rf.4850129c3b010f183046ebfecb00ba09.jpg,300,300,134,103
None,36,45,14,31,1064_jpg.rf.4850129c3b010f183046ebfecb00ba09.jpg,300,300,50,76
Mask,163,92,11,23,1064_jpg.rf.4850129c3b010f183046ebfecb00ba09.jpg,300,300,174,115
Mask,225,87,19,23,1064_jpg.rf.4850129c3b010f183046ebfecb00ba09.jpg,300,300,244,110
Mask,283,89,16,25,1064_jpg.rf.4850129c3b010f183046ebfecb00ba09.jpg,300,300,299,114
Mask,265,11,15,19,1064_jpg.rf.4850129c3b010f183046ebfecb00ba09.jpg,300,300,280,30
Mask,223,23,18,17,1064_jpg.rf.4850129c3b010f183046ebfecb00ba09.jpg,300,300,241,40
Mask,196,50,10,19,1064_jpg.rf.4850129c3b010f183046ebfecb00ba09.jpg,300,300,206,69
Mask,158,56,16,19,1064_jpg.rf.4850129c3b010f183046ebfecb00ba09.jpg,300,300,174,75
Mask,142,65,18,20,1064_jpg.rf.4850129c3b010f183046ebfecb00ba09.jpg,300,300,160,85
Mask,141,8,18,21,1064_jpg.rf.4850129c3b010f183046ebfecb00ba09.jpg,300,300,159,29
Mask,125,36,18,20,1064_jpg.rf.4850129c3b010f183046ebfecb00ba09.jpg,300,300,143,56
Mask,101,49,18,22,1064_jpg.rf.4850129c3b010f183046ebfecb00ba09.jpg,300,300,119,71
Mask,79,45,16,21,1064_jpg.rf.4850129c3b010f183046ebfecb00ba09.jpg,300,300,95,66
Mask,61,91,18,18,1064_jpg.rf.4850129c3b010f183046ebfecb00ba09.jpg,300,300,79,109
Mask,0,54,10,21,1064_jpg.rf.4850129c3b010f183046ebfecb00ba09.jpg,300,300,10,75
Mask,44,33,17,26,1064_jpg.rf.4850129c3b010f183046ebfecb00ba09.jpg,300,300,61,59
Mask,101,0,15,17,1064_jpg.rf.4850129c3b010f183046ebfecb00ba09.jpg,300,300,116,17
Mask,252,61,18,21,1064_jpg.rf.4850129c3b010f183046ebfecb00ba09.jpg,300,300,270,82
Mask,101,7,8,7,1065_jpg.rf.db4c44ce7ca00384042e09b374637293.jpg,300,300,109,14
Mask,43,103,15,12,1065_jpg.rf.db4c44ce7ca00384042e09b374637293.jpg,300,300,58,115
Mask,121,117,13,11,1065_jpg.rf.db4c44ce7ca00384042e09b374637293.jpg,300,300,134,128
Mask,156,122,14,10,1065_jpg.rf.db4c44ce7ca00384042e09b374637293.jpg,300,300,170,132
Mask,193,134,11,10,1065_jpg.rf.db4c44ce7ca00384042e09b374637293.jpg,300,300,204,144
Mask,217,134,13,13,1065_jpg.rf.db4c44ce7ca00384042e09b374637293.jpg,300,300,230,147
Mask,231,77,17,11,1065_jpg.rf.db4c44ce7ca00384042e09b374637293.jpg,300,300,248,88
Mask,177,72,10,10,1065_jpg.rf.db4c44ce7ca00384042e09b374637293.jpg,300,300,187,82
Mask,133,73,16,10,1065_jpg.rf.db4c44ce7ca00384042e09b374637293.jpg,300,300,149,83
Mask,89,197,24,30,1070_jpg.rf.41c0346dabeb3305a7980997580dd7ef.jpg,300,300,113,227
Mask,14,213,9,9,1070_jpg.rf.41c0346dabeb3305a7980997580dd7ef.jpg,300,300,23,222
None,172,193,20,28,1070_jpg.rf.41c0346dabeb3305a7980997580dd7ef.jpg,300,300,192,221
Mask,160,116,14,12,1088_jpg.rf.10fa8fea8d7460aa6cf34fdadb60ad4c.jpg,300,300,174,128
None,22,97,19,33,1091_jpg.rf.c9c699ad3dbb10a79221c827552c0c20.jpg,300,300,41,130
None,38,99,15,34,1091_jpg.rf.c9c699ad3dbb10a79221c827552c0c20.jpg,300,300,53,133
None,81,98,30,65,1091_jpg.rf.c9c699ad3dbb10a79221c827552c0c20.jpg,300,300,111,163
None,140,125,18,35,1091_jpg.rf.c9c699ad3dbb10a79221c827552c0c20.jpg,300,300,158,160
None,195,125,27,36,1091_jpg.rf.c9c699ad3dbb10a79221c827552c0c20.jpg,300,300,222,161
None,162,105,19,36,1091_jpg.rf.c9c699ad3dbb10a79221c827552c0c20.jpg,300,300,181,141
None,231,88,20,36,1091_jpg.rf.c9c699ad3dbb10a79221c827552c0c20.jpg,300,300,251,124
None,201,84,20,26,1091_jpg.rf.c9c699ad3dbb10a79221c827552c0c20.jpg,300,300,221,110
None,283,111,17,41,1091_jpg.rf.c9c699ad3dbb10a79221c827552c0c20.jpg,300,300,300,152
None,255,94,16,26,1091_jpg.rf.c9c699ad3dbb10a79221c827552c0c20.jpg,300,300,271,120
None,294,41,6,27,1091_jpg.rf.c9c699ad3dbb10a79221c827552c0c20.jpg,300,300,300,68
None,131,78,12,28,1091_jpg.rf.c9c699ad3dbb10a79221c827552c0c20.jpg,300,300,143,106
Mask,86,87,10,10,1094_jpg.rf.dab0766e436635233e08c618ca80044d.jpg,300,300,96,97
None,122,56,16,26,1094_jpg.rf.dab0766e436635233e08c618ca80044d.jpg,300,300,138,82
None,176,62,10,19,1094_jpg.rf.dab0766e436635233e08c618ca80044d.jpg,300,300,186,81
None,223,37,9,19,1094_jpg.rf.dab0766e436635233e08c618ca80044d.jpg,300,300,232,56
Mask,258,52,12,10,1094_jpg.rf.dab0766e436635233e08c618ca80044d.jpg,300,300,270,62
None,36,68,9,13,1094_jpg.rf.dab0766e436635233e08c618ca80044d.jpg,300,300,45,81
None,33,88,11,18,1094_jpg.rf.dab0766e436635233e08c618ca80044d.jpg,300,300,44,106
None,84,140,18,34,1094_jpg.rf.dab0766e436635233e08c618ca80044d.jpg,300,300,102,174
Mask,26,150,18,18,1096_jpg.rf.6ebb088df8ed191cbbb132d8fa666cf2.jpg,300,300,44,168
Mask,98,138,11,13,1096_jpg.rf.6ebb088df8ed191cbbb132d8fa666cf2.jpg,300,300,109,151
Mask,133,165,12,13,1096_jpg.rf.6ebb088df8ed191cbbb132d8fa666cf2.jpg,300,300,145,178
Mask,159,140,12,10,1096_jpg.rf.6ebb088df8ed191cbbb132d8fa666cf2.jpg,300,300,171,150
Mask,235,157,10,11,1096_jpg.rf.6ebb088df8ed191cbbb132d8fa666cf2.jpg,300,300,245,168
Mask,213,124,7,4,1096_jpg.rf.6ebb088df8ed191cbbb132d8fa666cf2.jpg,300,300,220,128
Mask,187,121,6,7,1096_jpg.rf.6ebb088df8ed191cbbb132d8fa666cf2.jpg,300,300,193,128
Mask,195,125,5,5,1096_jpg.rf.6ebb088df8ed191cbbb132d8fa666cf2.jpg,300,300,200,130
Helmet,155,125,17,13,1096_jpg.rf.6ebb088df8ed191cbbb132d8fa666cf2.jpg,300,300,172,138
Helmet,128,143,22,15,1096_jpg.rf.6ebb088df8ed191cbbb132d8fa666cf2.jpg,300,300,150,158
Helmet,94,121,19,15,1096_jpg.rf.6ebb088df8ed191cbbb132d8fa666cf2.jpg,300,300,113,136
Helmet,23,121,33,27,1096_jpg.rf.6ebb088df8ed191cbbb132d8fa666cf2.jpg,300,300,56,148
Helmet,224,136,32,21,1096_jpg.rf.6ebb088df8ed191cbbb132d8fa666cf2.jpg,300,300,256,157
Helmet,115,120,9,7,1096_jpg.rf.6ebb088df8ed191cbbb132d8fa666cf2.jpg,300,300,124,127
Mask,210,57,14,13,1109_jpg.rf.0faade9056a3e7ebe47b2e1314d0b631.jpg,300,300,224,70
Mask,273,68,12,12,1109_jpg.rf.0faade9056a3e7ebe47b2e1314d0b631.jpg,300,300,285,80
Mask,295,69,5,10,1109_jpg.rf.0faade9056a3e7ebe47b2e1314d0b631.jpg,300,300,300,79
Mask,196,69,7,6,1109_jpg.rf.0faade9056a3e7ebe47b2e1314d0b631.jpg,300,300,203,75
Mask,183,68,9,6,1109_jpg.rf.0faade9056a3e7ebe47b2e1314d0b631.jpg,300,300,192,74
Mask,147,69,13,14,1109_jpg.rf.0faade9056a3e7ebe47b2e1314d0b631.jpg,300,300,160,83
Mask,158,69,10,8,1109_jpg.rf.0faade9056a3e7ebe47b2e1314d0b631.jpg,300,300,168,77
Mask,91,69,12,10,1109_jpg.rf.0faade9056a3e7ebe47b2e1314d0b631.jpg,300,300,103,79
Mask,72,72,12,10,1109_jpg.rf.0faade9056a3e7ebe47b2e1314d0b631.jpg,300,300,84,82
Mask,25,107,18,20,1109_jpg.rf.0faade9056a3e7ebe47b2e1314d0b631.jpg,300,300,43,127
Mask,31,69,13,10,1109_jpg.rf.0faade9056a3e7ebe47b2e1314d0b631.jpg,300,300,44,79
Mask,0,71,5,7,1109_jpg.rf.0faade9056a3e7ebe47b2e1314d0b631.jpg,300,300,5,78
None,125,55,7,12,1109_jpg.rf.0faade9056a3e7ebe47b2e1314d0b631.jpg,300,300,132,67
None,57,60,7,12,1109_jpg.rf.0faade9056a3e7ebe47b2e1314d0b631.jpg,300,300,64,72
Mask,163,139,15,25,1110_jpg.rf.1746997e449be1b7d700882f0edf7583.jpg,300,300,178,164
Mask,173,127,12,13,1110_jpg.rf.1746997e449be1b7d700882f0edf7583.jpg,300,300,185,140
Mask,118,137,8,7,1110_jpg.rf.1746997e449be1b7d700882f0edf7583.jpg,300,300,126,144
Mask,132,138,9,9,1110_jpg.rf.1746997e449be1b7d700882f0edf7583.jpg,300,300,141,147
Mask,269,68,13,14,1115_jpg.rf.ca80850a1f52609f3c864a3bb798a130.jpg,300,300,282,82
Mask,232,75,13,13,1115_jpg.rf.ca80850a1f52609f3c864a3bb798a130.jpg,300,300,245,88
Mask,147,74,21,19,1115_jpg.rf.ca80850a1f52609f3c864a3bb798a130.jpg,300,300,168,93
Mask,79,84,29,35,1115_jpg.rf.ca80850a1f52609f3c864a3bb798a130.jpg,300,300,108,119
Mask,263,48,5,7,1116_jpg.rf.68f578bf6251fb705aaf93ca091f71e6.jpg,300,300,268,55
Mask,164,83,25,22,1116_jpg.rf.68f578bf6251fb705aaf93ca091f71e6.jpg,300,300,189,105
None,97,102,25,35,1116_jpg.rf.68f578bf6251fb705aaf93ca091f71e6.jpg,300,300,122,137
None,147,113,19,21,1118_jpg.rf.1a2094ce36aa1efd88499005c015cade.jpg,300,300,166,134
None,131,100,13,21,1118_jpg.rf.1a2094ce36aa1efd88499005c015cade.jpg,300,300,144,121
None,101,110,18,21,1118_jpg.rf.1a2094ce36aa1efd88499005c015cade.jpg,300,300,119,131
Mask,206,140,6,5,1132_jpg.rf.8681c65edc08f10266f1649cfb3cb09f.jpg,300,300,212,145
Mask,148,129,15,18,1132_jpg.rf.8681c65edc08f10266f1649cfb3cb09f.jpg,300,300,163,147
Mask,78,117,16,17,1132_jpg.rf.8681c65edc08f10266f1649cfb3cb09f.jpg,300,300,94,134
Mask,47,125,19,17,1132_jpg.rf.8681c65edc08f10266f1649cfb3cb09f.jpg,300,300,66,142
Mask,242,158,7,7,1132_jpg.rf.8681c65edc08f10266f1649cfb3cb09f.jpg,300,300,249,165
Mask,236,144,7,8,1132_jpg.rf.8681c65edc08f10266f1649cfb3cb09f.jpg,300,300,243,152
None,144,201,29,52,1133_jpg.rf.8f183876daaa3720aa24bf0c73617405.jpg,300,300,173,253
None,235,115,48,86,1133_jpg.rf.8f183876daaa3720aa24bf0c73617405.jpg,300,300,283,201
Mask,135,145,73,48,1134_jpg.rf.1f026056a625d3a571b0bcf49c393760.jpg,300,300,208,193
None,140,73,28,38,1136_jpg.rf.4174e476f739252d91c96cd2c7b08bdd.jpg,300,300,168,111
Mask,254,61,20,15,1136_jpg.rf.4174e476f739252d91c96cd2c7b08bdd.jpg,300,300,274,76
Mask,272,51,12,14,1136_jpg.rf.4174e476f739252d91c96cd2c7b08bdd.jpg,300,300,284,65
Mask,218,65,7,9,1136_jpg.rf.4174e476f739252d91c96cd2c7b08bdd.jpg,300,300,225,74
Mask,58,63,22,26,1136_jpg.rf.4174e476f739252d91c96cd2c7b08bdd.jpg,300,300,80,89
Mask,251,102,12,10,1138_jpg.rf.e89f824a5e57710320ddbc1f90e1c9a3.jpg,300,300,263,112
Mask,96,105,14,13,1138_jpg.rf.e89f824a5e57710320ddbc1f90e1c9a3.jpg,300,300,110,118
Mask,39,110,13,16,1138_jpg.rf.e89f824a5e57710320ddbc1f90e1c9a3.jpg,300,300,52,126
Mask,169,173,23,24,1138_jpg.rf.e89f824a5e57710320ddbc1f90e1c9a3.jpg,300,300,192,197
Mask,240,183,21,21,1138_jpg.rf.e89f824a5e57710320ddbc1f90e1c9a3.jpg,300,300,261,204
Mask,223,129,8,8,1138_jpg.rf.e89f824a5e57710320ddbc1f90e1c9a3.jpg,300,300,231,137
Mask,51,15,8,12,1141_jpg.rf.5c1cd103a933f250fcd275c7615e261a.jpg,300,300,59,27
Mask,140,58,12,16,1141_jpg.rf.5c1cd103a933f250fcd275c7615e261a.jpg,300,300,152,74
Mask,266,112,21,25,1141_jpg.rf.5c1cd103a933f250fcd275c7615e261a.jpg,300,300,287,137
Mask,29,97,13,19,1141_jpg.rf.5c1cd103a933f250fcd275c7615e261a.jpg,300,300,42,116
Mask,159,55,10,11,1142_jpg.rf.056f5e7c12edc9bbe235d25b7b0d1658.jpg,300,300,169,66
Mask,210,88,26,49,1142_jpg.rf.056f5e7c12edc9bbe235d25b7b0d1658.jpg,300,300,236,137
Mask,40,48,9,21,1142_jpg.rf.056f5e7c12edc9bbe235d25b7b0d1658.jpg,300,300,49,69
Mask,148,69,9,9,1142_jpg.rf.056f5e7c12edc9bbe235d25b7b0d1658.jpg,300,300,157,78
Helmet,59,169,27,37,1147_jpg.rf.8c1f6adfb14730791a43b61140f88851.jpg,300,300,86,206
Mask,202,157,12,11,1147_jpg.rf.8c1f6adfb14730791a43b61140f88851.jpg,300,300,214,168
Mask,232,192,12,10,1147_jpg.rf.8c1f6adfb14730791a43b61140f88851.jpg,300,300,244,202
Mask,221,181,6,5,1147_jpg.rf.8c1f6adfb14730791a43b61140f88851.jpg,300,300,227,186
Mask,26,127,8,8,1147_jpg.rf.8c1f6adfb14730791a43b61140f88851.jpg,300,300,34,135
Mask,36,166,10,11,1147_jpg.rf.8c1f6adfb14730791a43b61140f88851.jpg,300,300,46,177
Mask,272,170,10,15,1147_jpg.rf.8c1f6adfb14730791a43b61140f88851.jpg,300,300,282,185
Mask,204,137,8,6,1147_jpg.rf.8c1f6adfb14730791a43b61140f88851.jpg,300,300,212,143
Mask,196,138,7,7,1147_jpg.rf.8c1f6adfb14730791a43b61140f88851.jpg,300,300,203,145
Mask,167,127,6,7,1147_jpg.rf.8c1f6adfb14730791a43b61140f88851.jpg,300,300,173,134
None,94,135,12,18,1147_jpg.rf.8c1f6adfb14730791a43b61140f88851.jpg,300,300,106,153
None,247,130,7,14,1147_jpg.rf.8c1f6adfb14730791a43b61140f88851.jpg,300,300,254,144
None,181,107,7,10,1147_jpg.rf.8c1f6adfb14730791a43b61140f88851.jpg,300,300,188,117
Mask,153,90,10,8,1154_jpg.rf.aef944422d34d2649590628af6ba80b3.jpg,300,300,163,98
Mask,237,142,10,17,1154_jpg.rf.aef944422d34d2649590628af6ba80b3.jpg,300,300,247,159
Mask,226,120,7,9,1154_jpg.rf.aef944422d34d2649590628af6ba80b3.jpg,300,300,233,129
Mask,81,129,13,11,1154_jpg.rf.aef944422d34d2649590628af6ba80b3.jpg,300,300,94,140
Mask,105,129,10,11,1154_jpg.rf.aef944422d34d2649590628af6ba80b3.jpg,300,300,115,140
Mask,54,138,13,15,1154_jpg.rf.aef944422d34d2649590628af6ba80b3.jpg,300,300,67,153
Mask,190,101,9,8,1154_jpg.rf.aef944422d34d2649590628af6ba80b3.jpg,300,300,199,109
Mask,129,130,6,7,1154_jpg.rf.aef944422d34d2649590628af6ba80b3.jpg,300,300,135,137
Mask,228,132,16,13,1154_jpg.rf.aef944422d34d2649590628af6ba80b3.jpg,300,300,244,145
None,211,225,47,73,1157_jpg.rf.c91b0a56ee24aa1ed952c18ed26d1c88.jpg,300,300,258,298
None,22,213,22,55,1157_jpg.rf.c91b0a56ee24aa1ed952c18ed26d1c88.jpg,300,300,44,268
Mask,41,266,12,17,1161_jpg.rf.be22a1b07024a8127c92587ee83674ae.jpg,300,300,53,283
Mask,61,188,11,11,1161_jpg.rf.be22a1b07024a8127c92587ee83674ae.jpg,300,300,72,199
Mask,31,208,13,13,1161_jpg.rf.be22a1b07024a8127c92587ee83674ae.jpg,300,300,44,221
Mask,215,47,6,7,1161_jpg.rf.be22a1b07024a8127c92587ee83674ae.jpg,300,300,221,54
Mask,188,58,7,8,1161_jpg.rf.be22a1b07024a8127c92587ee83674ae.jpg,300,300,195,66
Mask,246,65,11,12,1161_jpg.rf.be22a1b07024a8127c92587ee83674ae.jpg,300,300,257,77
Mask,243,53,7,7,1161_jpg.rf.be22a1b07024a8127c92587ee83674ae.jpg,300,300,250,60
Mask,285,54,13,11,1161_jpg.rf.be22a1b07024a8127c92587ee83674ae.jpg,300,300,298,65
Mask,212,71,8,8,1161_jpg.rf.be22a1b07024a8127c92587ee83674ae.jpg,300,300,220,79
Mask,228,77,8,8,1161_jpg.rf.be22a1b07024a8127c92587ee83674ae.jpg,300,300,236,85
Mask,191,77,7,7,1161_jpg.rf.be22a1b07024a8127c92587ee83674ae.jpg,300,300,198,84
Mask,162,73,8,8,1161_jpg.rf.be22a1b07024a8127c92587ee83674ae.jpg,300,300,170,81
Mask,145,70,7,8,1161_jpg.rf.be22a1b07024a8127c92587ee83674ae.jpg,300,300,152,78
Mask,120,74,8,7,1161_jpg.rf.be22a1b07024a8127c92587ee83674ae.jpg,300,300,128,81
Mask,90,79,6,7,1161_jpg.rf.be22a1b07024a8127c92587ee83674ae.jpg,300,300,96,86
Mask,59,121,7,14,1161_jpg.rf.be22a1b07024a8127c92587ee83674ae.jpg,300,300,66,135
Mask,88,199,13,19,1161_jpg.rf.be22a1b07024a8127c92587ee83674ae.jpg,300,300,101,218
Mask,30,85,9,10,1161_jpg.rf.be22a1b07024a8127c92587ee83674ae.jpg,300,300,39,95
Mask,66,67,7,7,1161_jpg.rf.be22a1b07024a8127c92587ee83674ae.jpg,300,300,73,74
Mask,4,87,9,7,1161_jpg.rf.be22a1b07024a8127c92587ee83674ae.jpg,300,300,13,94
None,15,129,10,15,1161_jpg.rf.be22a1b07024a8127c92587ee83674ae.jpg,300,300,25,144
None,113,140,9,16,1161_jpg.rf.be22a1b07024a8127c92587ee83674ae.jpg,300,300,122,156
None,68,152,10,17,1161_jpg.rf.be22a1b07024a8127c92587ee83674ae.jpg,300,300,78,169
Mask,131,171,8,10,1161_jpg.rf.be22a1b07024a8127c92587ee83674ae.jpg,300,300,139,181
Mask,78,45,13,16,1175_jpg.rf.c723310528ba67aac401c2bb0ab74169.jpg,300,300,91,61
Mask,26,27,10,11,1175_jpg.rf.c723310528ba67aac401c2bb0ab74169.jpg,300,300,36,38
Mask,45,64,27,32,1175_jpg.rf.c723310528ba67aac401c2bb0ab74169.jpg,300,300,72,96
Mask,254,152,14,18,1175_jpg.rf.c723310528ba67aac401c2bb0ab74169.jpg,300,300,268,170
Mask,203,57,16,13,1175_jpg.rf.c723310528ba67aac401c2bb0ab74169.jpg,300,300,219,70
Mask,132,35,16,18,1175_jpg.rf.c723310528ba67aac401c2bb0ab74169.jpg,300,300,148,53
Mask,63,19,15,10,1175_jpg.rf.c723310528ba67aac401c2bb0ab74169.jpg,300,300,78,29
Mask,210,10,3,3,1175_jpg.rf.c723310528ba67aac401c2bb0ab74169.jpg,300,300,213,13
None,149,15,12,21,1175_jpg.rf.c723310528ba67aac401c2bb0ab74169.jpg,300,300,161,36
Mask,4,291,16,9,1182_jpg.rf.8d92e0926810529479282c3463508c9a.jpg,300,300,20,300
Mask,26,259,23,21,1182_jpg.rf.8d92e0926810529479282c3463508c9a.jpg,300,300,49,280
Mask,46,234,15,19,1182_jpg.rf.8d92e0926810529479282c3463508c9a.jpg,300,300,61,253
Mask,144,242,19,23,1182_jpg.rf.8d92e0926810529479282c3463508c9a.jpg,300,300,163,265
Mask,158,271,21,28,1182_jpg.rf.8d92e0926810529479282c3463508c9a.jpg,300,300,179,299
Mask,269,200,18,17,1182_jpg.rf.8d92e0926810529479282c3463508c9a.jpg,300,300,287,217
Mask,184,133,15,20,1182_jpg.rf.8d92e0926810529479282c3463508c9a.jpg,300,300,199,153
Mask,142,105,15,25,1182_jpg.rf.8d92e0926810529479282c3463508c9a.jpg,300,300,157,130
Mask,19,73,13,21,1182_jpg.rf.8d92e0926810529479282c3463508c9a.jpg,300,300,32,94
Mask,0,58,15,20,1182_jpg.rf.8d92e0926810529479282c3463508c9a.jpg,300,300,15,78
Mask,70,35,15,22,1182_jpg.rf.8d92e0926810529479282c3463508c9a.jpg,300,300,85,57
Mask,72,131,15,26,1182_jpg.rf.8d92e0926810529479282c3463508c9a.jpg,300,300,87,157
Mask,135,36,17,22,1182_jpg.rf.8d92e0926810529479282c3463508c9a.jpg,300,300,152,58
Mask,190,38,15,24,1182_jpg.rf.8d92e0926810529479282c3463508c9a.jpg,300,300,205,62
Mask,215,34,20,28,1182_jpg.rf.8d92e0926810529479282c3463508c9a.jpg,300,300,235,62
Mask,240,9,14,19,1182_jpg.rf.8d92e0926810529479282c3463508c9a.jpg,300,300,254,28
Mask,259,72,18,19,1182_jpg.rf.8d92e0926810529479282c3463508c9a.jpg,300,300,277,91
Mask,36,176,26,29,1191_jpg.rf.e344603edd2da7ab800943d77e8a832f.jpg,300,300,62,205
Mask,138,121,30,24,1191_jpg.rf.e344603edd2da7ab800943d77e8a832f.jpg,300,300,168,145
Mask,113,126,13,20,1191_jpg.rf.e344603edd2da7ab800943d77e8a832f.jpg,300,300,126,146
Mask,93,138,19,23,1191_jpg.rf.e344603edd2da7ab800943d77e8a832f.jpg,300,300,112,161
Mask,189,123,18,16,1191_jpg.rf.e344603edd2da7ab800943d77e8a832f.jpg,300,300,207,139
Mask,228,105,20,22,1191_jpg.rf.e344603edd2da7ab800943d77e8a832f.jpg,300,300,248,127
Mask,270,109,19,20,1191_jpg.rf.e344603edd2da7ab800943d77e8a832f.jpg,300,300,289,129
Mask,255,102,14,18,1191_jpg.rf.e344603edd2da7ab800943d77e8a832f.jpg,300,300,269,120
None,122,58,31,96,1204_jpg.rf.f6e0853db03d0da509903d2cfcd7d32f.jpg,300,300,153,154
None,186,0,21,40,1204_jpg.rf.f6e0853db03d0da509903d2cfcd7d32f.jpg,300,300,207,40
Mask,150,70,22,21,1219_jpg.rf.b5c4ee90da4907c3530b2e5803a91b12.jpg,300,300,172,91
Mask,212,49,21,27,1219_jpg.rf.b5c4ee90da4907c3530b2e5803a91b12.jpg,300,300,233,76
Mask,188,56,15,17,1219_jpg.rf.b5c4ee90da4907c3530b2e5803a91b12.jpg,300,300,203,73
Mask,131,58,12,16,1219_jpg.rf.b5c4ee90da4907c3530b2e5803a91b12.jpg,300,300,143,74
Mask,98,63,16,18,1219_jpg.rf.b5c4ee90da4907c3530b2e5803a91b12.jpg,300,300,114,81
Mask,10,56,17,17,1219_jpg.rf.b5c4ee90da4907c3530b2e5803a91b12.jpg,300,300,27,73
Mask,37,78,21,17,1219_jpg.rf.b5c4ee90da4907c3530b2e5803a91b12.jpg,300,300,58,95
Mask,241,78,12,8,1219_jpg.rf.b5c4ee90da4907c3530b2e5803a91b12.jpg,300,300,253,86
None,257,53,15,33,1219_jpg.rf.b5c4ee90da4907c3530b2e5803a91b12.jpg,300,300,272,86
Mask,28,70,8,8,1219_jpg.rf.b5c4ee90da4907c3530b2e5803a91b12.jpg,300,300,36,78
None,222,28,13,25,1220_jpg.rf.d79f624020eee3a7ee2e1590742eda1c.jpg,300,300,235,53
Mask,199,39,15,17,1220_jpg.rf.d79f624020eee3a7ee2e1590742eda1c.jpg,300,300,214,56
Mask,170,27,13,21,1220_jpg.rf.d79f624020eee3a7ee2e1590742eda1c.jpg,300,300,183,48
Mask,71,50,10,15,1220_jpg.rf.d79f624020eee3a7ee2e1590742eda1c.jpg,300,300,81,65
Mask,33,45,11,12,1220_jpg.rf.d79f624020eee3a7ee2e1590742eda1c.jpg,300,300,44,57
Mask,115,37,7,8,1220_jpg.rf.d79f624020eee3a7ee2e1590742eda1c.jpg,300,300,122,45
None,120,39,10,16,1220_jpg.rf.d79f624020eee3a7ee2e1590742eda1c.jpg,300,300,130,55
Mask,180,110,11,13,1221_jpg.rf.b317044e50dbdc95e2f8cf29f2736c06.jpg,300,300,191,123
Mask,128,39,21,31,1221_jpg.rf.b317044e50dbdc95e2f8cf29f2736c06.jpg,300,300,149,70
Mask,72,36,35,56,1221_jpg.rf.b317044e50dbdc95e2f8cf29f2736c06.jpg,300,300,107,92
Mask,242,113,11,16,1221_jpg.rf.b317044e50dbdc95e2f8cf29f2736c06.jpg,300,300,253,129
Mask,217,78,10,10,1221_jpg.rf.b317044e50dbdc95e2f8cf29f2736c06.jpg,300,300,227,88
None,249,113,10,13,1224_jpg.rf.42baa97b5ee83de462ae64d63986a9a8.jpg,300,300,259,126
None,191,132,14,23,1224_jpg.rf.42baa97b5ee83de462ae64d63986a9a8.jpg,300,300,205,155
Mask,175,125,10,7,1224_jpg.rf.42baa97b5ee83de462ae64d63986a9a8.jpg,300,300,185,132
None,64,168,25,41,1224_jpg.rf.42baa97b5ee83de462ae64d63986a9a8.jpg,300,300,89,209
None,43,157,17,31,1224_jpg.rf.42baa97b5ee83de462ae64d63986a9a8.jpg,300,300,60,188
None,119,35,13,21,1231_jpg.rf.d24d5df1126f467ffa3643f2a1e1e215.jpg,300,300,132,56
None,223,21,22,40,1231_jpg.rf.d24d5df1126f467ffa3643f2a1e1e215.jpg,300,300,245,61
None,43,53,18,32,1231_jpg.rf.d24d5df1126f467ffa3643f2a1e1e215.jpg,300,300,61,85
None,87,38,12,21,1231_jpg.rf.d24d5df1126f467ffa3643f2a1e1e215.jpg,300,300,99,59
None,101,53,6,13,1231_jpg.rf.d24d5df1126f467ffa3643f2a1e1e215.jpg,300,300,107,66
Mask,142,76,15,17,1231_jpg.rf.d24d5df1126f467ffa3643f2a1e1e215.jpg,300,300,157,93
Mask,74,172,9,28,1240_jpg.rf.1cb5c5945c797c84de8f1dce63482905.jpg,300,300,83,200
Mask,58,183,19,33,1240_jpg.rf.1cb5c5945c797c84de8f1dce63482905.jpg,300,300,77,216
None,114,50,10,10,1240_jpg.rf.1cb5c5945c797c84de8f1dce63482905.jpg,300,300,124,60
None,274,53,7,9,1240_jpg.rf.1cb5c5945c797c84de8f1dce63482905.jpg,300,300,281,62
None,93,63,7,9,1240_jpg.rf.1cb5c5945c797c84de8f1dce63482905.jpg,300,300,100,72
Mask,128,83,25,25,1241_jpg.rf.66e9c8c65e8b367b9c6af13d8405d65a.jpg,300,300,153,108
Mask,228,33,9,10,1241_jpg.rf.66e9c8c65e8b367b9c6af13d8405d65a.jpg,300,300,237,43
None,123,160,18,38,1246_jpg.rf.e2f8016d58ee1cc8d54809c4d29c7a05.jpg,300,300,141,198
None,265,168,20,28,1246_jpg.rf.e2f8016d58ee1cc8d54809c4d29c7a05.jpg,300,300,285,196
None,282,128,11,18,1246_jpg.rf.e2f8016d58ee1cc8d54809c4d29c7a05.jpg,300,300,293,146
None,271,109,9,12,1246_jpg.rf.e2f8016d58ee1cc8d54809c4d29c7a05.jpg,300,300,280,121
None,222,208,18,31,1246_jpg.rf.e2f8016d58ee1cc8d54809c4d29c7a05.jpg,300,300,240,239
None,266,246,18,31,1246_jpg.rf.e2f8016d58ee1cc8d54809c4d29c7a05.jpg,300,300,284,277
None,108,249,23,48,1246_jpg.rf.e2f8016d58ee1cc8d54809c4d29c7a05.jpg,300,300,131,297
None,43,211,20,25,1246_jpg.rf.e2f8016d58ee1cc8d54809c4d29c7a05.jpg,300,300,63,236
None,0,198,16,30,1246_jpg.rf.e2f8016d58ee1cc8d54809c4d29c7a05.jpg,300,300,16,228
None,38,273,20,26,1246_jpg.rf.e2f8016d58ee1cc8d54809c4d29c7a05.jpg,300,300,58,299
None,96,117,15,22,1246_jpg.rf.e2f8016d58ee1cc8d54809c4d29c7a05.jpg,300,300,111,139
None,109,96,8,17,1246_jpg.rf.e2f8016d58ee1cc8d54809c4d29c7a05.jpg,300,300,117,113
None,135,120,18,37,1246_jpg.rf.e2f8016d58ee1cc8d54809c4d29c7a05.jpg,300,300,153,157
None,161,135,15,30,1246_jpg.rf.e2f8016d58ee1cc8d54809c4d29c7a05.jpg,300,300,176,165
None,206,162,14,25,1246_jpg.rf.e2f8016d58ee1cc8d54809c4d29c7a05.jpg,300,300,220,187
Mask,145,115,19,24,1251_jpg.rf.92d17cefc5ee3a6e18cb65dc8f24733f.jpg,300,300,164,139
Mask,225,84,19,29,1251_jpg.rf.92d17cefc5ee3a6e18cb65dc8f24733f.jpg,300,300,244,113
Mask,182,101,18,23,1251_jpg.rf.92d17cefc5ee3a6e18cb65dc8f24733f.jpg,300,300,200,124
Mask,126,127,15,22,1251_jpg.rf.92d17cefc5ee3a6e18cb65dc8f24733f.jpg,300,300,141,149
Mask,84,104,19,24,1251_jpg.rf.92d17cefc5ee3a6e18cb65dc8f24733f.jpg,300,300,103,128
Mask,11,107,22,26,1251_jpg.rf.92d17cefc5ee3a6e18cb65dc8f24733f.jpg,300,300,33,133
None,163,106,9,20,1251_jpg.rf.92d17cefc5ee3a6e18cb65dc8f24733f.jpg,300,300,172,126
None,63,86,15,34,1257_jpg.rf.31e7a463acfb366a15c2dc89fb7dc509.jpg,300,300,78,120
None,107,81,13,28,1257_jpg.rf.31e7a463acfb366a15c2dc89fb7dc509.jpg,300,300,120,109
Mask,3,100,18,15,1257_jpg.rf.31e7a463acfb366a15c2dc89fb7dc509.jpg,300,300,21,115
Mask,185,90,13,18,1257_jpg.rf.31e7a463acfb366a15c2dc89fb7dc509.jpg,300,300,198,108
Mask,212,101,15,20,1257_jpg.rf.31e7a463acfb366a15c2dc89fb7dc509.jpg,300,300,227,121
Mask,249,58,20,19,1257_jpg.rf.31e7a463acfb366a15c2dc89fb7dc509.jpg,300,300,269,77
Mask,277,148,18,31,1257_jpg.rf.31e7a463acfb366a15c2dc89fb7dc509.jpg,300,300,295,179
Mask,92,136,10,8,1261_jpg.rf.6dd3a3e110b56b199e8c899f7e3a009a.jpg,300,300,102,144
Mask,183,41,25,64,1261_jpg.rf.6dd3a3e110b56b199e8c899f7e3a009a.jpg,300,300,208,105
None,134,100,25,68,1261_jpg.rf.6dd3a3e110b56b199e8c899f7e3a009a.jpg,300,300,159,168
Mask,171,58,14,16,1271_jpg.rf.1fb30aac88ff40eaca4fd3584f0b09f3.jpg,300,300,185,74
Mask,5,26,13,22,1271_jpg.rf.1fb30aac88ff40eaca4fd3584f0b09f3.jpg,300,300,18,48
Mask,78,32,13,21,1271_jpg.rf.1fb30aac88ff40eaca4fd3584f0b09f3.jpg,300,300,91,53
Mask,99,11,13,20,1271_jpg.rf.1fb30aac88ff40eaca4fd3584f0b09f3.jpg,300,300,112,31
Mask,146,44,17,18,1271_jpg.rf.1fb30aac88ff40eaca4fd3584f0b09f3.jpg,300,300,163,62
Mask,206,58,9,10,1271_jpg.rf.1fb30aac88ff40eaca4fd3584f0b09f3.jpg,300,300,215,68
Mask,195,50,11,14,1271_jpg.rf.1fb30aac88ff40eaca4fd3584f0b09f3.jpg,300,300,206,64
Mask,186,45,7,15,1271_jpg.rf.1fb30aac88ff40eaca4fd3584f0b09f3.jpg,300,300,193,60
Mask,167,34,12,13,1271_jpg.rf.1fb30aac88ff40eaca4fd3584f0b09f3.jpg,300,300,179,47
Mask,216,30,12,16,1271_jpg.rf.1fb30aac88ff40eaca4fd3584f0b09f3.jpg,300,300,228,46
Mask,246,71,10,10,1271_jpg.rf.1fb30aac88ff40eaca4fd3584f0b09f3.jpg,300,300,256,81
Mask,271,61,11,14,1271_jpg.rf.1fb30aac88ff40eaca4fd3584f0b09f3.jpg,300,300,282,75
Mask,165,109,56,64,1275_jpg.rf.ca9f4c7154ce7af3782889adcf06761b.jpg,300,300,221,173
None,56,153,18,20,1275_jpg.rf.ca9f4c7154ce7af3782889adcf06761b.jpg,300,300,74,173
None,141,150,13,19,1275_jpg.rf.ca9f4c7154ce7af3782889adcf06761b.jpg,300,300,154,169
None,263,109,33,43,1293_jpg.rf.0a1c155f79fe78c29410fb0eaf584839.jpg,300,300,296,152
None,197,98,16,28,1293_jpg.rf.0a1c155f79fe78c29410fb0eaf584839.jpg,300,300,213,126
None,53,93,8,15,1293_jpg.rf.0a1c155f79fe78c29410fb0eaf584839.jpg,300,300,61,108
Mask,81,106,19,24,1293_jpg.rf.0a1c155f79fe78c29410fb0eaf584839.jpg,300,300,100,130
Mask,118,119,12,19,1293_jpg.rf.0a1c155f79fe78c29410fb0eaf584839.jpg,300,300,130,138
Mask,144,98,5,13,1293_jpg.rf.0a1c155f79fe78c29410fb0eaf584839.jpg,300,300,149,111
None,23,86,25,35,1293_jpg.rf.0a1c155f79fe78c29410fb0eaf584839.jpg,300,300,48,121
Mask,3,189,44,68,1295_jpg.rf.29e63987626531618e1f917815c128f0.jpg,300,300,47,257
Mask,61,201,33,52,1295_jpg.rf.29e63987626531618e1f917815c128f0.jpg,300,300,94,253
Mask,265,146,26,35,1295_jpg.rf.29e63987626531618e1f917815c128f0.jpg,300,300,291,181
Mask,224,59,12,13,1295_jpg.rf.29e63987626531618e1f917815c128f0.jpg,300,300,236,72
Mask,180,76,10,11,1295_jpg.rf.29e63987626531618e1f917815c128f0.jpg,300,300,190,87
Mask,268,41,6,9,1295_jpg.rf.29e63987626531618e1f917815c128f0.jpg,300,300,274,50
Mask,149,37,9,8,1295_jpg.rf.29e63987626531618e1f917815c128f0.jpg,300,300,158,45
Mask,209,52,11,8,1295_jpg.rf.29e63987626531618e1f917815c128f0.jpg,300,300,220,60
None,117,30,12,19,1295_jpg.rf.29e63987626531618e1f917815c128f0.jpg,300,300,129,49
None,257,18,8,17,1295_jpg.rf.29e63987626531618e1f917815c128f0.jpg,300,300,265,35
None,245,32,10,19,1295_jpg.rf.29e63987626531618e1f917815c128f0.jpg,300,300,255,51
None,280,30,7,14,1295_jpg.rf.29e63987626531618e1f917815c128f0.jpg,300,300,287,44
None,95,59,13,31,1295_jpg.rf.29e63987626531618e1f917815c128f0.jpg,300,300,108,90
None,26,61,16,26,1295_jpg.rf.29e63987626531618e1f917815c128f0.jpg,300,300,42,87
Mask,21,96,10,14,1295_jpg.rf.29e63987626531618e1f917815c128f0.jpg,300,300,31,110
Mask,120,124,12,10,1299_jpg.rf.ac53a6ac6ebabbbbbe6b92ae74a4bc74.jpg,300,300,132,134
Mask,73,82,8,8,1299_jpg.rf.ac53a6ac6ebabbbbbe6b92ae74a4bc74.jpg,300,300,81,90
Mask,46,243,12,12,1299_jpg.rf.ac53a6ac6ebabbbbbe6b92ae74a4bc74.jpg,300,300,58,255
Mask,15,237,14,12,1299_jpg.rf.ac53a6ac6ebabbbbbe6b92ae74a4bc74.jpg,300,300,29,249
Mask,159,78,9,11,1299_jpg.rf.ac53a6ac6ebabbbbbe6b92ae74a4bc74.jpg,300,300,168,89
Mask,193,173,10,12,1299_jpg.rf.ac53a6ac6ebabbbbbe6b92ae74a4bc74.jpg,300,300,203,185
None,0,32,7,12,1299_jpg.rf.ac53a6ac6ebabbbbbe6b92ae74a4bc74.jpg,300,300,7,44
Mask,218,181,7,9,1299_jpg.rf.ac53a6ac6ebabbbbbe6b92ae74a4bc74.jpg,300,300,225,190
Mask,190,39,5,9,1299_jpg.rf.ac53a6ac6ebabbbbbe6b92ae74a4bc74.jpg,300,300,195,48
Mask,60,124,65,92,1303_jpg.rf.7be76a32058d5e3102bd20c08e1af360.jpg,300,300,125,216
Mask,155,130,44,77,1303_jpg.rf.7be76a32058d5e3102bd20c08e1af360.jpg,300,300,199,207
Mask,205,132,30,53,1303_jpg.rf.7be76a32058d5e3102bd20c08e1af360.jpg,300,300,235,185
None,257,100,27,60,1303_jpg.rf.7be76a32058d5e3102bd20c08e1af360.jpg,300,300,284,160
Mask,81,131,7,10,1305_jpg.rf.6d1171e8311b809e6ffcbc25d703af14.jpg,300,300,88,141
Mask,249,241,10,19,1305_jpg.rf.6d1171e8311b809e6ffcbc25d703af14.jpg,300,300,259,260
Mask,232,154,7,11,1305_jpg.rf.6d1171e8311b809e6ffcbc25d703af14.jpg,300,300,239,165
Mask,20,95,10,10,1305_jpg.rf.6d1171e8311b809e6ffcbc25d703af14.jpg,300,300,30,105
Mask,36,93,10,7,1305_jpg.rf.6d1171e8311b809e6ffcbc25d703af14.jpg,300,300,46,100
Mask,60,83,8,7,1305_jpg.rf.6d1171e8311b809e6ffcbc25d703af14.jpg,300,300,68,90
Mask,219,59,5,4,1305_jpg.rf.6d1171e8311b809e6ffcbc25d703af14.jpg,300,300,224,63
Mask,195,53,7,7,1305_jpg.rf.6d1171e8311b809e6ffcbc25d703af14.jpg,300,300,202,60
Mask,157,141,8,9,1305_jpg.rf.6d1171e8311b809e6ffcbc25d703af14.jpg,300,300,165,150
None,237,99,6,12,1305_jpg.rf.6d1171e8311b809e6ffcbc25d703af14.jpg,300,300,243,111
None,200,141,11,18,1305_jpg.rf.6d1171e8311b809e6ffcbc25d703af14.jpg,300,300,211,159
None,184,138,8,15,1305_jpg.rf.6d1171e8311b809e6ffcbc25d703af14.jpg,300,300,192,153
None,191,126,7,13,1305_jpg.rf.6d1171e8311b809e6ffcbc25d703af14.jpg,300,300,198,139
None,200,120,7,10,1305_jpg.rf.6d1171e8311b809e6ffcbc25d703af14.jpg,300,300,207,130
None,212,104,6,12,1305_jpg.rf.6d1171e8311b809e6ffcbc25d703af14.jpg,300,300,218,116
Mask,180,105,5,7,1305_jpg.rf.6d1171e8311b809e6ffcbc25d703af14.jpg,300,300,185,112
None,137,115,8,14,1305_jpg.rf.6d1171e8311b809e6ffcbc25d703af14.jpg,300,300,145,129
Mask,104,128,6,6,1305_jpg.rf.6d1171e8311b809e6ffcbc25d703af14.jpg,300,300,110,134
Mask,69,130,6,8,1305_jpg.rf.6d1171e8311b809e6ffcbc25d703af14.jpg,300,300,75,138
Mask,118,139,10,7,1305_jpg.rf.6d1171e8311b809e6ffcbc25d703af14.jpg,300,300,128,146
None,52,79,7,15,1305_jpg.rf.6d1171e8311b809e6ffcbc25d703af14.jpg,300,300,59,94
None,173,121,6,15,1305_jpg.rf.6d1171e8311b809e6ffcbc25d703af14.jpg,300,300,179,136
None,167,92,8,9,1305_jpg.rf.6d1171e8311b809e6ffcbc25d703af14.jpg,300,300,175,101
None,273,89,7,7,1305_jpg.rf.6d1171e8311b809e6ffcbc25d703af14.jpg,300,300,280,96
Mask,273,136,16,26,1305_jpg.rf.6d1171e8311b809e6ffcbc25d703af14.jpg,300,300,289,162
Mask,233,58,6,3,1305_jpg.rf.6d1171e8311b809e6ffcbc25d703af14.jpg,300,300,239,61
None,284,95,7,16,1305_jpg.rf.6d1171e8311b809e6ffcbc25d703af14.jpg,300,300,291,111
None,182,31,28,51,1320_jpg.rf.70d91c126e52fc050bfaa6a4596c4570.jpg,300,300,210,82
Mask,40,78,19,18,1320_jpg.rf.70d91c126e52fc050bfaa6a4596c4570.jpg,300,300,59,96
Mask,219,89,31,28,1320_jpg.rf.70d91c126e52fc050bfaa6a4596c4570.jpg,300,300,250,117
Mask,152,106,38,35,1320_jpg.rf.70d91c126e52fc050bfaa6a4596c4570.jpg,300,300,190,141
Mask,132,119,22,21,1320_jpg.rf.70d91c126e52fc050bfaa6a4596c4570.jpg,300,300,154,140
Mask,17,89,15,12,1320_jpg.rf.70d91c126e52fc050bfaa6a4596c4570.jpg,300,300,32,101
Mask,196,95,11,10,1322_jpg.rf.2c3b711be0196bf5221da9379530d91a.jpg,300,300,207,105
Mask,290,99,10,10,1322_jpg.rf.2c3b711be0196bf5221da9379530d91a.jpg,300,300,300,109
Mask,251,107,12,8,1322_jpg.rf.2c3b711be0196bf5221da9379530d91a.jpg,300,300,263,115
Mask,186,99,8,10,1322_jpg.rf.2c3b711be0196bf5221da9379530d91a.jpg,300,300,194,109
Mask,167,98,7,6,1322_jpg.rf.2c3b711be0196bf5221da9379530d91a.jpg,300,300,174,104
Mask,154,104,6,6,1322_jpg.rf.2c3b711be0196bf5221da9379530d91a.jpg,300,300,160,110
Mask,134,94,8,10,1322_jpg.rf.2c3b711be0196bf5221da9379530d91a.jpg,300,300,142,104
Mask,119,102,9,13,1322_jpg.rf.2c3b711be0196bf5221da9379530d91a.jpg,300,300,128,115
Mask,99,94,10,11,1322_jpg.rf.2c3b711be0196bf5221da9379530d91a.jpg,300,300,109,105
Mask,87,94,10,12,1322_jpg.rf.2c3b711be0196bf5221da9379530d91a.jpg,300,300,97,106
Mask,25,97,11,12,1322_jpg.rf.2c3b711be0196bf5221da9379530d91a.jpg,300,300,36,109
Mask,12,96,12,11,1322_jpg.rf.2c3b711be0196bf5221da9379530d91a.jpg,300,300,24,107
None,216,90,9,19,1322_jpg.rf.2c3b711be0196bf5221da9379530d91a.jpg,300,300,225,109
None,233,89,11,18,1322_jpg.rf.2c3b711be0196bf5221da9379530d91a.jpg,300,300,244,107
None,68,97,14,20,1322_jpg.rf.2c3b711be0196bf5221da9379530d91a.jpg,300,300,82,117
None,9,45,34,32,1335_jpg.rf.6f2a75c6684f965c777e0cfdbffb876c.jpg,300,300,43,77
None,150,48,31,38,1335_jpg.rf.6f2a75c6684f965c777e0cfdbffb876c.jpg,300,300,181,86
Mask,149,91,40,62,1342_jpg.rf.6d72cdbb1e404c8436066de1a3d0d5b1.jpg,300,300,189,153
Mask,249,119,24,43,1342_jpg.rf.6d72cdbb1e404c8436066de1a3d0d5b1.jpg,300,300,273,162
Mask,49,159,19,40,1342_jpg.rf.6d72cdbb1e404c8436066de1a3d0d5b1.jpg,300,300,68,199
Mask,279,107,7,13,1346_jpg.rf.6955e1bdbb5830c7d8e04c5fcf85615d.jpg,300,300,286,120
Mask,234,146,17,21,1346_jpg.rf.6955e1bdbb5830c7d8e04c5fcf85615d.jpg,300,300,251,167
Mask,197,125,8,12,1346_jpg.rf.6955e1bdbb5830c7d8e04c5fcf85615d.jpg,300,300,205,137
Mask,183,127,7,6,1346_jpg.rf.6955e1bdbb5830c7d8e04c5fcf85615d.jpg,300,300,190,133
Mask,169,116,8,14,1346_jpg.rf.6955e1bdbb5830c7d8e04c5fcf85615d.jpg,300,300,177,130
Mask,100,119,8,10,1346_jpg.rf.6955e1bdbb5830c7d8e04c5fcf85615d.jpg,300,300,108,129
Mask,41,108,17,20,1346_jpg.rf.6955e1bdbb5830c7d8e04c5fcf85615d.jpg,300,300,58,128
Mask,71,114,7,10,1346_jpg.rf.6955e1bdbb5830c7d8e04c5fcf85615d.jpg,300,300,78,124
Mask,61,123,9,11,1346_jpg.rf.6955e1bdbb5830c7d8e04c5fcf85615d.jpg,300,300,70,134
Mask,18,126,5,9,1346_jpg.rf.6955e1bdbb5830c7d8e04c5fcf85615d.jpg,300,300,23,135
Mask,110,119,5,6,1346_jpg.rf.6955e1bdbb5830c7d8e04c5fcf85615d.jpg,300,300,115,125
Mask,127,117,8,6,1346_jpg.rf.6955e1bdbb5830c7d8e04c5fcf85615d.jpg,300,300,135,123
Mask,143,128,4,9,1346_jpg.rf.6955e1bdbb5830c7d8e04c5fcf85615d.jpg,300,300,147,137
Mask,245,119,7,8,1346_jpg.rf.6955e1bdbb5830c7d8e04c5fcf85615d.jpg,300,300,252,127
Mask,44,89,56,75,1355_jpg.rf.9fa95a76bcbb16abf893055c5e8d3933.jpg,300,300,100,164
Mask,98,168,61,74,1355_jpg.rf.9fa95a76bcbb16abf893055c5e8d3933.jpg,300,300,159,242
Mask,231,67,38,40,1355_jpg.rf.9fa95a76bcbb16abf893055c5e8d3933.jpg,300,300,269,107
Mask,201,72,25,30,1355_jpg.rf.9fa95a76bcbb16abf893055c5e8d3933.jpg,300,300,226,102
Mask,148,46,20,21,1355_jpg.rf.9fa95a76bcbb16abf893055c5e8d3933.jpg,300,300,168,67
Mask,105,89,25,20,1355_jpg.rf.9fa95a76bcbb16abf893055c5e8d3933.jpg,300,300,130,109
Mask,81,61,12,15,1356_jpg.rf.d65bb6da26d8f5443df4861a8d7dba29.jpg,300,300,93,76
Mask,199,73,12,13,1356_jpg.rf.d65bb6da26d8f5443df4861a8d7dba29.jpg,300,300,211,86
Mask,134,83,9,14,1356_jpg.rf.d65bb6da26d8f5443df4861a8d7dba29.jpg,300,300,143,97
None,150,64,12,20,1356_jpg.rf.d65bb6da26d8f5443df4861a8d7dba29.jpg,300,300,162,84
None,239,66,12,18,1356_jpg.rf.d65bb6da26d8f5443df4861a8d7dba29.jpg,300,300,251,84
None,3,68,10,11,1356_jpg.rf.d65bb6da26d8f5443df4861a8d7dba29.jpg,300,300,13,79
Mask,82,114,58,71,1360_jpg.rf.20e21270ed9113cc1498225a2c6698a0.jpg,300,300,140,185
Mask,152,79,54,64,1360_jpg.rf.20e21270ed9113cc1498225a2c6698a0.jpg,300,300,206,143
Mask,255,76,28,39,1362_jpg.rf.7943dbc391ad6b8585145eb18a3c62fc.jpg,300,300,283,115
Mask,181,85,24,27,1362_jpg.rf.7943dbc391ad6b8585145eb18a3c62fc.jpg,300,300,205,112
Mask,162,63,15,21,1362_jpg.rf.7943dbc391ad6b8585145eb18a3c62fc.jpg,300,300,177,84
Mask,83,73,13,10,1362_jpg.rf.7943dbc391ad6b8585145eb18a3c62fc.jpg,300,300,96,83
Mask,73,70,12,7,1362_jpg.rf.7943dbc391ad6b8585145eb18a3c62fc.jpg,300,300,85,77
Mask,53,74,7,6,1362_jpg.rf.7943dbc391ad6b8585145eb18a3c62fc.jpg,300,300,60,80
Mask,3,74,8,10,1362_jpg.rf.7943dbc391ad6b8585145eb18a3c62fc.jpg,300,300,11,84
None,16,67,20,33,1362_jpg.rf.7943dbc391ad6b8585145eb18a3c62fc.jpg,300,300,36,100
Mask,103,137,12,17,1364_jpg.rf.270e10ffa7ebe928a5ed4aebc97942b0.jpg,300,300,115,154
Mask,146,140,18,17,1364_jpg.rf.270e10ffa7ebe928a5ed4aebc97942b0.jpg,300,300,164,157
Mask,64,126,12,13,1364_jpg.rf.270e10ffa7ebe928a5ed4aebc97942b0.jpg,300,300,76,139
Mask,171,142,12,12,1364_jpg.rf.270e10ffa7ebe928a5ed4aebc97942b0.jpg,300,300,183,154
Mask,192,145,11,17,1364_jpg.rf.270e10ffa7ebe928a5ed4aebc97942b0.jpg,300,300,203,162
Mask,224,141,8,12,1364_jpg.rf.270e10ffa7ebe928a5ed4aebc97942b0.jpg,300,300,232,153
Mask,280,138,13,14,1364_jpg.rf.270e10ffa7ebe928a5ed4aebc97942b0.jpg,300,300,293,152
Helmet,168,123,19,17,1364_jpg.rf.270e10ffa7ebe928a5ed4aebc97942b0.jpg,300,300,187,140
Helmet,221,125,12,13,1364_jpg.rf.270e10ffa7ebe928a5ed4aebc97942b0.jpg,300,300,233,138
None,29,31,82,204,1367_jpg.rf.3f8b59bfe404f83f32847183bc7328e1.jpg,300,300,111,235
Mask,153,129,30,56,1368_jpg.rf.fbe93d712c82f54ab0f68aea76c6443f.jpg,300,300,183,185
Mask,89,87,43,92,1368_jpg.rf.fbe93d712c82f54ab0f68aea76c6443f.jpg,300,300,132,179
None,202,96,81,112,1368_jpg.rf.fbe93d712c82f54ab0f68aea76c6443f.jpg,300,300,283,208
Mask,286,137,14,15,1368_jpg.rf.fbe93d712c82f54ab0f68aea76c6443f.jpg,300,300,300,152
Mask,185,79,29,36,1369_jpg.rf.76dc10d5194df3d02865a31e1dc72c9c.jpg,300,300,214,115
Mask,51,40,18,12,1369_jpg.rf.76dc10d5194df3d02865a31e1dc72c9c.jpg,300,300,69,52
Mask,235,27,15,8,1369_jpg.rf.76dc10d5194df3d02865a31e1dc72c9c.jpg,300,300,250,35
Mask,182,17,12,7,1369_jpg.rf.76dc10d5194df3d02865a31e1dc72c9c.jpg,300,300,194,24
None,242,54,52,95,1369_jpg.rf.76dc10d5194df3d02865a31e1dc72c9c.jpg,300,300,294,149
None,83,92,20,47,1370_jpg.rf.8a225e46e83d12a9bd8c9d57baf9290e.jpg,300,300,103,139
Mask,259,90,12,13,1373_jpg.rf.199716a35aa6fb887599a1d8334442df.jpg,300,300,271,103
Mask,68,105,18,18,1373_jpg.rf.199716a35aa6fb887599a1d8334442df.jpg,300,300,86,123
Mask,122,95,15,19,1373_jpg.rf.199716a35aa6fb887599a1d8334442df.jpg,300,300,137,114
None,198,75,16,26,1373_jpg.rf.199716a35aa6fb887599a1d8334442df.jpg,300,300,214,101
None,211,47,10,23,1373_jpg.rf.199716a35aa6fb887599a1d8334442df.jpg,300,300,221,70
None,160,56,11,18,1373_jpg.rf.199716a35aa6fb887599a1d8334442df.jpg,300,300,171,74
None,90,56,13,20,1373_jpg.rf.199716a35aa6fb887599a1d8334442df.jpg,300,300,103,76
Mask,257,78,8,10,1373_jpg.rf.199716a35aa6fb887599a1d8334442df.jpg,300,300,265,88
None,134,29,12,17,1374_jpg.rf.b116a380b4f45cfc1b5835a31f681940.jpg,300,300,146,46
None,184,119,27,37,1374_jpg.rf.b116a380b4f45cfc1b5835a31f681940.jpg,300,300,211,156
None,1,126,32,58,1374_jpg.rf.b116a380b4f45cfc1b5835a31f681940.jpg,300,300,33,184
None,86,74,10,23,1374_jpg.rf.b116a380b4f45cfc1b5835a31f681940.jpg,300,300,96,97
None,99,72,8,15,1374_jpg.rf.b116a380b4f45cfc1b5835a31f681940.jpg,300,300,107,87
None,208,74,21,31,1374_jpg.rf.b116a380b4f45cfc1b5835a31f681940.jpg,300,300,229,105
Mask,187,69,9,11,1374_jpg.rf.b116a380b4f45cfc1b5835a31f681940.jpg,300,300,196,80
Mask,78,96,11,17,1374_jpg.rf.b116a380b4f45cfc1b5835a31f681940.jpg,300,300,89,113
None,45,110,23,34,1374_jpg.rf.b116a380b4f45cfc1b5835a31f681940.jpg,300,300,68,144
Mask,69,119,13,18,1374_jpg.rf.b116a380b4f45cfc1b5835a31f681940.jpg,300,300,82,137
Mask,230,88,5,9,1379_jpg.rf.ee40074fe548c99a502b082f9e24e781.jpg,300,300,235,97
Mask,186,102,5,3,1379_jpg.rf.ee40074fe548c99a502b082f9e24e781.jpg,300,300,191,105
None,33,62,33,56,1380_jpg.rf.b3be9ec720ded4ca1a0d591a153c2729.jpg,300,300,66,118
None,193,0,43,31,1380_jpg.rf.b3be9ec720ded4ca1a0d591a153c2729.jpg,300,300,236,31
None,272,112,23,41,1380_jpg.rf.b3be9ec720ded4ca1a0d591a153c2729.jpg,300,300,295,153
None,135,42,27,40,1380_jpg.rf.b3be9ec720ded4ca1a0d591a153c2729.jpg,300,300,162,82
None,128,15,19,44,1383_jpg.rf.e70084f997befda155103512222975e0.jpg,300,300,147,59
None,177,34,20,40,1383_jpg.rf.e70084f997befda155103512222975e0.jpg,300,300,197,74
None,37,34,16,31,1383_jpg.rf.e70084f997befda155103512222975e0.jpg,300,300,53,65
Mask,264,33,24,34,1383_jpg.rf.e70084f997befda155103512222975e0.jpg,300,300,288,67
Mask,250,12,18,23,1383_jpg.rf.e70084f997befda155103512222975e0.jpg,300,300,268,35
Mask,165,15,13,21,1383_jpg.rf.e70084f997befda155103512222975e0.jpg,300,300,178,36
Mask,206,43,12,12,1383_jpg.rf.e70084f997befda155103512222975e0.jpg,300,300,218,55
Mask,48,119,23,48,1385_jpg.rf.5a99f117ab149d542da3a1d2c4d1a180.jpg,300,300,71,167
Mask,239,134,18,20,1385_jpg.rf.5a99f117ab149d542da3a1d2c4d1a180.jpg,300,300,257,154
None,105,92,23,52,1385_jpg.rf.5a99f117ab149d542da3a1d2c4d1a180.jpg,300,300,128,144
None,265,116,16,26,1386_jpg.rf.7803f0e4f9242b89ef4239277ae17981.jpg,300,300,281,142
None,217,106,17,23,1386_jpg.rf.7803f0e4f9242b89ef4239277ae17981.jpg,300,300,234,129
None,174,105,13,22,1386_jpg.rf.7803f0e4f9242b89ef4239277ae17981.jpg,300,300,187,127
None,137,118,14,20,1386_jpg.rf.7803f0e4f9242b89ef4239277ae17981.jpg,300,300,151,138
None,99,117,13,21,1386_jpg.rf.7803f0e4f9242b89ef4239277ae17981.jpg,300,300,112,138
None,58,133,15,17,1386_jpg.rf.7803f0e4f9242b89ef4239277ae17981.jpg,300,300,73,150
None,27,116,10,20,1386_jpg.rf.7803f0e4f9242b89ef4239277ae17981.jpg,300,300,37,136
Mask,54,116,12,8,1386_jpg.rf.7803f0e4f9242b89ef4239277ae17981.jpg,300,300,66,124
None,84,101,7,16,1386_jpg.rf.7803f0e4f9242b89ef4239277ae17981.jpg,300,300,91,117
None,107,93,8,21,1386_jpg.rf.7803f0e4f9242b89ef4239277ae17981.jpg,300,300,115,114
None,139,93,8,16,1386_jpg.rf.7803f0e4f9242b89ef4239277ae17981.jpg,300,300,147,109
None,165,86,7,15,1386_jpg.rf.7803f0e4f9242b89ef4239277ae17981.jpg,300,300,172,101
None,201,40,11,29,1386_jpg.rf.7803f0e4f9242b89ef4239277ae17981.jpg,300,300,212,69
None,217,27,10,25,1386_jpg.rf.7803f0e4f9242b89ef4239277ae17981.jpg,300,300,227,52
None,262,84,10,21,1386_jpg.rf.7803f0e4f9242b89ef4239277ae17981.jpg,300,300,272,105
None,233,28,9,15,1386_jpg.rf.7803f0e4f9242b89ef4239277ae17981.jpg,300,300,242,43
None,189,34,8,15,1386_jpg.rf.7803f0e4f9242b89ef4239277ae17981.jpg,300,300,197,49
None,76,45,11,16,1386_jpg.rf.7803f0e4f9242b89ef4239277ae17981.jpg,300,300,87,61
None,5,56,8,15,1386_jpg.rf.7803f0e4f9242b89ef4239277ae17981.jpg,300,300,13,71
None,17,59,6,10,1386_jpg.rf.7803f0e4f9242b89ef4239277ae17981.jpg,300,300,23,69
None,69,87,7,13,1386_jpg.rf.7803f0e4f9242b89ef4239277ae17981.jpg,300,300,76,100
None,45,92,9,14,1386_jpg.rf.7803f0e4f9242b89ef4239277ae17981.jpg,300,300,54,106
None,122,71,8,10,1386_jpg.rf.7803f0e4f9242b89ef4239277ae17981.jpg,300,300,130,81
None,104,73,6,7,1386_jpg.rf.7803f0e4f9242b89ef4239277ae17981.jpg,300,300,110,80
None,140,68,5,9,1386_jpg.rf.7803f0e4f9242b89ef4239277ae17981.jpg,300,300,145,77
Mask,145,77,6,7,1386_jpg.rf.7803f0e4f9242b89ef4239277ae17981.jpg,300,300,151,84
Mask,155,44,4,5,1386_jpg.rf.7803f0e4f9242b89ef4239277ae17981.jpg,300,300,159,49
None,240,77,8,17,1386_jpg.rf.7803f0e4f9242b89ef4239277ae17981.jpg,300,300,248,94
None,120,82,8,10,1386_jpg.rf.7803f0e4f9242b89ef4239277ae17981.jpg,300,300,128,92
None,109,44,4,7,1386_jpg.rf.7803f0e4f9242b89ef4239277ae17981.jpg,300,300,113,51
Mask,63,51,4,3,1386_jpg.rf.7803f0e4f9242b89ef4239277ae17981.jpg,300,300,67,54
Mask,45,113,7,8,1386_jpg.rf.7803f0e4f9242b89ef4239277ae17981.jpg,300,300,52,121
None,272,12,8,16,1386_jpg.rf.7803f0e4f9242b89ef4239277ae17981.jpg,300,300,280,28
None,153,68,66,93,1387_jpg.rf.3535ea8320ddd6df7e1d8df62721f771.jpg,300,300,219,161
Mask,128,54,18,28,1388_jpg.rf.382bedee5c5c959189930f6f331cb739.jpg,300,300,146,82
Mask,244,45,20,30,1388_jpg.rf.382bedee5c5c959189930f6f331cb739.jpg,300,300,264,75
Mask,178,105,20,27,1388_jpg.rf.382bedee5c5c959189930f6f331cb739.jpg,300,300,198,132
Mask,203,138,19,21,1388_jpg.rf.382bedee5c5c959189930f6f331cb739.jpg,300,300,222,159
Mask,228,148,16,18,1388_jpg.rf.382bedee5c5c959189930f6f331cb739.jpg,300,300,244,166
Mask,275,168,15,25,1388_jpg.rf.382bedee5c5c959189930f6f331cb739.jpg,300,300,290,193
Mask,251,97,19,14,1388_jpg.rf.382bedee5c5c959189930f6f331cb739.jpg,300,300,270,111
Mask,107,134,23,31,1388_jpg.rf.382bedee5c5c959189930f6f331cb739.jpg,300,300,130,165
Mask,12,125,21,25,1388_jpg.rf.382bedee5c5c959189930f6f331cb739.jpg,300,300,33,150
Mask,64,18,11,18,1388_jpg.rf.382bedee5c5c959189930f6f331cb739.jpg,300,300,75,36
None,96,0,20,23,1388_jpg.rf.382bedee5c5c959189930f6f331cb739.jpg,300,300,116,23
None,185,46,18,34,1388_jpg.rf.382bedee5c5c959189930f6f331cb739.jpg,300,300,203,80
None,170,55,16,30,1388_jpg.rf.382bedee5c5c959189930f6f331cb739.jpg,300,300,186,85
None,94,58,18,36,1388_jpg.rf.382bedee5c5c959189930f6f331cb739.jpg,300,300,112,94
None,67,48,22,42,1388_jpg.rf.382bedee5c5c959189930f6f331cb739.jpg,300,300,89,90
None,160,0,13,12,1388_jpg.rf.382bedee5c5c959189930f6f331cb739.jpg,300,300,173,12
None,37,74,18,43,1388_jpg.rf.382bedee5c5c959189930f6f331cb739.jpg,300,300,55,117
Mask,108,96,13,13,1389_jpg.rf.c9e707e26f558a059d1439a5c97e1016.jpg,300,300,121,109
Mask,148,97,12,21,1389_jpg.rf.c9e707e26f558a059d1439a5c97e1016.jpg,300,300,160,118
Mask,173,92,13,15,1389_jpg.rf.c9e707e26f558a059d1439a5c97e1016.jpg,300,300,186,107
Mask,216,96,10,15,1389_jpg.rf.c9e707e26f558a059d1439a5c97e1016.jpg,300,300,226,111
Mask,246,104,12,18,1389_jpg.rf.c9e707e26f558a059d1439a5c97e1016.jpg,300,300,258,122
Mask,282,98,14,17,1389_jpg.rf.c9e707e26f558a059d1439a5c97e1016.jpg,300,300,296,115
Mask,267,69,13,13,1389_jpg.rf.c9e707e26f558a059d1439a5c97e1016.jpg,300,300,280,82
Mask,74,109,11,16,1389_jpg.rf.c9e707e26f558a059d1439a5c97e1016.jpg,300,300,85,125
Mask,5,89,15,20,1389_jpg.rf.c9e707e26f558a059d1439a5c97e1016.jpg,300,300,20,109
Mask,24,80,9,10,1389_jpg.rf.c9e707e26f558a059d1439a5c97e1016.jpg,300,300,33,90
Mask,2,69,13,21,1389_jpg.rf.c9e707e26f558a059d1439a5c97e1016.jpg,300,300,15,90
Mask,41,81,12,12,1389_jpg.rf.c9e707e26f558a059d1439a5c97e1016.jpg,300,300,53,93
Mask,56,69,13,14,1389_jpg.rf.c9e707e26f558a059d1439a5c97e1016.jpg,300,300,69,83
Mask,158,86,12,14,1389_jpg.rf.c9e707e26f558a059d1439a5c97e1016.jpg,300,300,170,100
Mask,257,74,10,10,1389_jpg.rf.c9e707e26f558a059d1439a5c97e1016.jpg,300,300,267,84
Mask,226,191,35,36,1390_jpg.rf.252f060af99199c810c401fc34cfe4c8.jpg,300,300,261,227
Mask,162,138,50,51,1390_jpg.rf.252f060af99199c810c401fc34cfe4c8.jpg,300,300,212,189
Mask,117,122,31,33,1390_jpg.rf.252f060af99199c810c401fc34cfe4c8.jpg,300,300,148,155
None,59,130,8,11,1390_jpg.rf.252f060af99199c810c401fc34cfe4c8.jpg,300,300,67,141
None,40,141,8,15,1390_jpg.rf.252f060af99199c810c401fc34cfe4c8.jpg,300,300,48,156
Mask,188,56,22,21,1393_jpg.rf.c57ac8237a3d365f1cf99f58eb8cbc54.jpg,300,300,210,77
Mask,103,143,105,100,1394_jpg.rf.766f7f085edb1a4be5bc68f65e2bdae3.jpg,300,300,208,243
None,269,51,28,26,1395_jpg.rf.4efa4485f0f98f0dcc68e02a265f96f9.jpg,300,300,297,77
None,236,59,19,20,1395_jpg.rf.4efa4485f0f98f0dcc68e02a265f96f9.jpg,300,300,255,79
None,188,50,17,13,1395_jpg.rf.4efa4485f0f98f0dcc68e02a265f96f9.jpg,300,300,205,63
None,152,49,14,12,1395_jpg.rf.4efa4485f0f98f0dcc68e02a265f96f9.jpg,300,300,166,61
None,137,51,15,16,1395_jpg.rf.4efa4485f0f98f0dcc68e02a265f96f9.jpg,300,300,152,67
None,102,37,19,22,1395_jpg.rf.4efa4485f0f98f0dcc68e02a265f96f9.jpg,300,300,121,59
None,84,33,12,13,1395_jpg.rf.4efa4485f0f98f0dcc68e02a265f96f9.jpg,300,300,96,46
None,97,47,99,139,1396_jpg.rf.a48d544b352986f39e997534557311e4.jpg,300,300,196,186
None,114,115,22,38,1397_jpg.rf.ec416cbf931cd20c92030e89dd4b8589.jpg,300,300,136,153
None,192,112,15,25,1397_jpg.rf.ec416cbf931cd20c92030e89dd4b8589.jpg,300,300,207,137
None,257,144,17,25,1397_jpg.rf.ec416cbf931cd20c92030e89dd4b8589.jpg,300,300,274,169
None,36,169,19,23,1397_jpg.rf.ec416cbf931cd20c92030e89dd4b8589.jpg,300,300,55,192
None,110,104,56,92,1398_jpg.rf.34f58eb4f2100cbed3f51dc327645553.jpg,300,300,166,196
Mask,99,156,99,92,1399_jpg.rf.aed71f665f6de032eb2e3eb84823fa35.jpg,300,300,198,248
Mask,97,213,84,69,1400_jpg.rf.9a0ef55745e9c0bda1768286947b29c0.jpg,300,300,181,282
None,12,69,26,25,1401_jpg.rf.cdcdc353a9e2132c8c1645a01af15a8a.jpg,300,300,38,94
None,97,75,23,34,1401_jpg.rf.cdcdc353a9e2132c8c1645a01af15a8a.jpg,300,300,120,109
None,249,133,37,28,1401_jpg.rf.cdcdc353a9e2132c8c1645a01af15a8a.jpg,300,300,286,161
None,242,165,28,38,1402_jpg.rf.2a1aef3dfacd8bb0308c677f88290187.jpg,300,300,270,203
None,122,165,17,28,1402_jpg.rf.2a1aef3dfacd8bb0308c677f88290187.jpg,300,300,139,193
None,98,140,15,30,1402_jpg.rf.2a1aef3dfacd8bb0308c677f88290187.jpg,300,300,113,170
None,52,164,13,29,1402_jpg.rf.2a1aef3dfacd8bb0308c677f88290187.jpg,300,300,65,193
None,8,171,16,21,1402_jpg.rf.2a1aef3dfacd8bb0308c677f88290187.jpg,300,300,24,192
None,0,160,12,21,1402_jpg.rf.2a1aef3dfacd8bb0308c677f88290187.jpg,300,300,12,181
None,145,162,13,18,1402_jpg.rf.2a1aef3dfacd8bb0308c677f88290187.jpg,300,300,158,180
Mask,270,138,18,11,1402_jpg.rf.2a1aef3dfacd8bb0308c677f88290187.jpg,300,300,288,149
Mask,63,108,12,11,1402_jpg.rf.2a1aef3dfacd8bb0308c677f88290187.jpg,300,300,75,119
Mask,53,94,8,6,1402_jpg.rf.2a1aef3dfacd8bb0308c677f88290187.jpg,300,300,61,100
None,149,110,7,9,1402_jpg.rf.2a1aef3dfacd8bb0308c677f88290187.jpg,300,300,156,119
None,114,107,7,7,1402_jpg.rf.2a1aef3dfacd8bb0308c677f88290187.jpg,300,300,121,114
None,230,132,8,8,1402_jpg.rf.2a1aef3dfacd8bb0308c677f88290187.jpg,300,300,238,140
None,158,130,21,30,1402_jpg.rf.2a1aef3dfacd8bb0308c677f88290187.jpg,300,300,179,160
None,34,170,12,19,1402_jpg.rf.2a1aef3dfacd8bb0308c677f88290187.jpg,300,300,46,189
Mask,287,87,13,16,1403_jpg.rf.c56ff6ab8a2c7e840826a0544b471823.jpg,300,300,300,103
Mask,117,140,26,36,1403_jpg.rf.c56ff6ab8a2c7e840826a0544b471823.jpg,300,300,143,176
Mask,218,59,10,13,1403_jpg.rf.c56ff6ab8a2c7e840826a0544b471823.jpg,300,300,228,72
None,36,19,26,62,1403_jpg.rf.c56ff6ab8a2c7e840826a0544b471823.jpg,300,300,62,81
None,166,86,23,43,1404_jpg.rf.cb45bfce26c38fbb1da7ab504e127c6e.jpg,300,300,189,129
None,96,39,34,63,1404_jpg.rf.cb45bfce26c38fbb1da7ab504e127c6e.jpg,300,300,130,102
None,124,54,15,34,1404_jpg.rf.cb45bfce26c38fbb1da7ab504e127c6e.jpg,300,300,139,88
None,152,44,14,27,1404_jpg.rf.cb45bfce26c38fbb1da7ab504e127c6e.jpg,300,300,166,71
None,204,51,15,32,1404_jpg.rf.cb45bfce26c38fbb1da7ab504e127c6e.jpg,300,300,219,83
None,213,42,16,30,1404_jpg.rf.cb45bfce26c38fbb1da7ab504e127c6e.jpg,300,300,229,72
None,38,35,22,31,1404_jpg.rf.cb45bfce26c38fbb1da7ab504e127c6e.jpg,300,300,60,66
None,0,26,11,29,1404_jpg.rf.cb45bfce26c38fbb1da7ab504e127c6e.jpg,300,300,11,55
None,0,102,16,58,1404_jpg.rf.cb45bfce26c38fbb1da7ab504e127c6e.jpg,300,300,16,160
None,168,37,17,39,1404_jpg.rf.cb45bfce26c38fbb1da7ab504e127c6e.jpg,300,300,185,76
None,183,38,11,31,1404_jpg.rf.cb45bfce26c38fbb1da7ab504e127c6e.jpg,300,300,194,69
Mask,69,124,70,59,1406_jpg.rf.35fbf7f540a8a89f7ee522f46d991405.jpg,300,300,139,183
Mask,210,72,23,52,1406_jpg.rf.35fbf7f540a8a89f7ee522f46d991405.jpg,300,300,233,124
Mask,254,75,16,35,1406_jpg.rf.35fbf7f540a8a89f7ee522f46d991405.jpg,300,300,270,110
Mask,120,137,78,109,1407_jpg.rf.9fafc6af54ca1643f89c3bcc6c7d6a93.jpg,300,300,198,246
Mask,143,143,59,101,1408_jpg.rf.e251da3f844f92c6179ef2130b11ca55.jpg,300,300,202,244
None,177,23,50,80,1409_jpg.rf.24c3590fa96622eb464d9ae0df70e3f3.jpg,300,300,227,103
None,110,116,20,42,1409_jpg.rf.24c3590fa96622eb464d9ae0df70e3f3.jpg,300,300,130,158
None,37,104,18,45,1409_jpg.rf.24c3590fa96622eb464d9ae0df70e3f3.jpg,300,300,55,149
Mask,119,102,31,43,1410_jpg.rf.bcd52def20338008399a228b76ea88e5.jpg,300,300,150,145
Mask,240,172,24,29,1410_jpg.rf.bcd52def20338008399a228b76ea88e5.jpg,300,300,264,201
Mask,153,123,82,136,1411_jpg.rf.5a771825a459d55f029695896173c682.jpg,300,300,235,259
Mask,98,49,62,106,1411_jpg.rf.5a771825a459d55f029695896173c682.jpg,300,300,160,155
Mask,11,117,81,106,1411_jpg.rf.5a771825a459d55f029695896173c682.jpg,300,300,92,223
Mask,56,118,209,182,1412_jpg.rf.ddb7b8af7b24486de25faebab72f8f12.jpg,300,300,265,300
Mask,136,160,21,38,1413_jpg.rf.b97740b7124523604a604cf001a90d36.jpg,300,300,157,198
None,183,30,117,213,1414_jpg.rf.b1ff3ff900602dfaf9fbbbcd07c80ad4.jpg,300,300,300,243
None,68,172,26,51,1414_jpg.rf.b1ff3ff900602dfaf9fbbbcd07c80ad4.jpg,300,300,94,223
None,26,107,20,33,1414_jpg.rf.b1ff3ff900602dfaf9fbbbcd07c80ad4.jpg,300,300,46,140
Mask,87,67,160,197,1415_jpg.rf.d4d08c016349b14e135d34a9b1683008.jpg,300,300,247,264
Mask,90,65,24,29,1416_jpg.rf.154a0c13cd90b4a059dd7d5fa3a3f873.jpg,300,300,114,94
None,99,22,101,226,1417_jpg.rf.ec6f7baee45ce4067a942cbe2384d30b.jpg,300,300,200,248
Mask,170,91,48,49,1418_jpg.rf.82e6f16d1dce18cdd42c686d75cbe338.jpg,300,300,218,140
None,98,8,42,122,1419_jpg.rf.6c098a5561623b874774dc93046958b7.jpg,300,300,140,130
None,204,33,11,18,1420_jpg.rf.c05924661f14cfba0c77195ee336f0fa.jpg,300,300,215,51
None,229,31,10,20,1420_jpg.rf.c05924661f14cfba0c77195ee336f0fa.jpg,300,300,239,51
None,269,24,7,15,1420_jpg.rf.c05924661f14cfba0c77195ee336f0fa.jpg,300,300,276,39
None,221,14,8,13,1420_jpg.rf.c05924661f14cfba0c77195ee336f0fa.jpg,300,300,229,27
None,111,21,10,21,1420_jpg.rf.c05924661f14cfba0c77195ee336f0fa.jpg,300,300,121,42
None,84,5,26,46,1420_jpg.rf.c05924661f14cfba0c77195ee336f0fa.jpg,300,300,110,51
None,3,46,21,48,1420_jpg.rf.c05924661f14cfba0c77195ee336f0fa.jpg,300,300,24,94
Mask,149,40,10,12,1420_jpg.rf.c05924661f14cfba0c77195ee336f0fa.jpg,300,300,159,52
Mask,158,62,16,17,1420_jpg.rf.c05924661f14cfba0c77195ee336f0fa.jpg,300,300,174,79
Mask,251,36,17,24,1420_jpg.rf.c05924661f14cfba0c77195ee336f0fa.jpg,300,300,268,60
Mask,173,40,9,12,1420_jpg.rf.c05924661f14cfba0c77195ee336f0fa.jpg,300,300,182,52
Mask,284,16,4,7,1420_jpg.rf.c05924661f14cfba0c77195ee336f0fa.jpg,300,300,288,23
Mask,206,92,23,31,1421_jpg.rf.2b4666bfff904416cd073e58fc5d9c1a.jpg,300,300,229,123
None,43,135,32,40,1421_jpg.rf.2b4666bfff904416cd073e58fc5d9c1a.jpg,300,300,75,175
Mask,0,100,16,18,1421_jpg.rf.2b4666bfff904416cd073e58fc5d9c1a.jpg,300,300,16,118
None,79,84,14,20,1422_jpg.rf.8ebbbe0036e8af540e05a0f7dc66193e.jpg,300,300,93,104
None,188,48,15,27,1422_jpg.rf.8ebbbe0036e8af540e05a0f7dc66193e.jpg,300,300,203,75
None,242,47,17,25,1422_jpg.rf.8ebbbe0036e8af540e05a0f7dc66193e.jpg,300,300,259,72
None,153,35,15,23,1422_jpg.rf.8ebbbe0036e8af540e05a0f7dc66193e.jpg,300,300,168,58
None,37,69,10,14,1422_jpg.rf.8ebbbe0036e8af540e05a0f7dc66193e.jpg,300,300,47,83
Mask,174,52,12,10,1422_jpg.rf.8ebbbe0036e8af540e05a0f7dc66193e.jpg,300,300,186,62
Mask,111,57,9,14,1422_jpg.rf.8ebbbe0036e8af540e05a0f7dc66193e.jpg,300,300,120,71
None,225,131,10,16,1422_jpg.rf.8ebbbe0036e8af540e05a0f7dc66193e.jpg,300,300,235,147
None,23,1,154,277,1423_jpg.rf.c8149c729300eb1c4abbf036efe1ccf8.jpg,300,300,177,278
None,113,49,61,103,1425_jpg.rf.757dca37e18c47fd1af32d89c3d82416.jpg,300,300,174,152
None,32,4,20,44,1425_jpg.rf.757dca37e18c47fd1af32d89c3d82416.jpg,300,300,52,48
None,150,105,8,18,1426_jpg.rf.29098ce79a4cf2d70427af616bc1dbac.jpg,300,300,158,123
None,238,73,26,50,1426_jpg.rf.29098ce79a4cf2d70427af616bc1dbac.jpg,300,300,264,123
None,86,87,27,56,1426_jpg.rf.29098ce79a4cf2d70427af616bc1dbac.jpg,300,300,113,143
None,170,49,11,35,1427_jpg.rf.80eff635d1a8f2b775cdcae87df9c00a.jpg,300,300,181,84
None,151,47,20,33,1427_jpg.rf.80eff635d1a8f2b775cdcae87df9c00a.jpg,300,300,171,80
None,241,75,20,26,1427_jpg.rf.80eff635d1a8f2b775cdcae87df9c00a.jpg,300,300,261,101
None,54,77,13,27,1427_jpg.rf.80eff635d1a8f2b775cdcae87df9c00a.jpg,300,300,67,104
Mask,101,89,58,93,1428_jpg.rf.6a404c4bc19424ddf09edc0f14afceca.jpg,300,300,159,182
Mask,232,150,67,74,1428_jpg.rf.6a404c4bc19424ddf09edc0f14afceca.jpg,300,300,299,224
Mask,94,121,14,15,1429_jpg.rf.2563c6cf6179dbaaea486998cd1b7215.jpg,300,300,108,136
Mask,123,134,17,18,1429_jpg.rf.2563c6cf6179dbaaea486998cd1b7215.jpg,300,300,140,152
Mask,151,142,16,15,1429_jpg.rf.2563c6cf6179dbaaea486998cd1b7215.jpg,300,300,167,157
Mask,147,133,5,16,1429_jpg.rf.2563c6cf6179dbaaea486998cd1b7215.jpg,300,300,152,149
Mask,157,122,12,10,1429_jpg.rf.2563c6cf6179dbaaea486998cd1b7215.jpg,300,300,169,132
Mask,208,127,13,12,1429_jpg.rf.2563c6cf6179dbaaea486998cd1b7215.jpg,300,300,221,139
Mask,239,118,12,13,1429_jpg.rf.2563c6cf6179dbaaea486998cd1b7215.jpg,300,300,251,131
Mask,226,129,8,13,1429_jpg.rf.2563c6cf6179dbaaea486998cd1b7215.jpg,300,300,234,142
Mask,287,127,13,13,1429_jpg.rf.2563c6cf6179dbaaea486998cd1b7215.jpg,300,300,300,140
Mask,268,126,10,10,1429_jpg.rf.2563c6cf6179dbaaea486998cd1b7215.jpg,300,300,278,136
Mask,243,180,23,24,1429_jpg.rf.2563c6cf6179dbaaea486998cd1b7215.jpg,300,300,266,204
Mask,180,162,25,21,1429_jpg.rf.2563c6cf6179dbaaea486998cd1b7215.jpg,300,300,205,183
Mask,208,154,7,12,1429_jpg.rf.2563c6cf6179dbaaea486998cd1b7215.jpg,300,300,215,166
Mask,70,153,19,21,1429_jpg.rf.2563c6cf6179dbaaea486998cd1b7215.jpg,300,300,89,174
Mask,45,182,30,27,1429_jpg.rf.2563c6cf6179dbaaea486998cd1b7215.jpg,300,300,75,209
Mask,13,137,21,26,1429_jpg.rf.2563c6cf6179dbaaea486998cd1b7215.jpg,300,300,34,163
Mask,1,134,12,21,1429_jpg.rf.2563c6cf6179dbaaea486998cd1b7215.jpg,300,300,13,155
Mask,35,129,10,11,1429_jpg.rf.2563c6cf6179dbaaea486998cd1b7215.jpg,300,300,45,140
Mask,42,140,13,11,1429_jpg.rf.2563c6cf6179dbaaea486998cd1b7215.jpg,300,300,55,151
Mask,60,124,3,7,1429_jpg.rf.2563c6cf6179dbaaea486998cd1b7215.jpg,300,300,63,131
Mask,75,121,10,8,1429_jpg.rf.2563c6cf6179dbaaea486998cd1b7215.jpg,300,300,85,129
Mask,64,125,8,10,1429_jpg.rf.2563c6cf6179dbaaea486998cd1b7215.jpg,300,300,72,135
Mask,114,228,30,35,1429_jpg.rf.2563c6cf6179dbaaea486998cd1b7215.jpg,300,300,144,263
Mask,152,226,15,27,1429_jpg.rf.2563c6cf6179dbaaea486998cd1b7215.jpg,300,300,167,253
Mask,184,243,39,50,1429_jpg.rf.2563c6cf6179dbaaea486998cd1b7215.jpg,300,300,223,293
Mask,134,158,25,38,1430_jpg.rf.fe7c2704291022aaf22ff47ec8cfad39.jpg,300,300,159,196
Mask,113,71,112,60,1431_jpg.rf.623c7f9ff8e5954c3fcfc66a4955c537.jpg,300,300,225,131
Mask,119,88,47,59,1432_jpg.rf.8fccd0b0c580851c7839d434b2a4ec9d.jpg,300,300,166,147
Mask,132,108,63,86,1433_jpg.rf.35be9d984f274204e7eea86ec8bd3254.jpg,300,300,195,194
None,224,67,54,131,1433_jpg.rf.35be9d984f274204e7eea86ec8bd3254.jpg,300,300,278,198
None,21,73,56,132,1433_jpg.rf.35be9d984f274204e7eea86ec8bd3254.jpg,300,300,77,205
None,0,0,34,168,1433_jpg.rf.35be9d984f274204e7eea86ec8bd3254.jpg,300,300,34,168
None,234,0,62,101,1433_jpg.rf.35be9d984f274204e7eea86ec8bd3254.jpg,300,300,296,101
Mask,114,48,10,7,1434_jpg.rf.2c504cd622088c8198a6a3a27eb45124.jpg,300,300,124,55
Mask,120,70,10,12,1434_jpg.rf.2c504cd622088c8198a6a3a27eb45124.jpg,300,300,130,82
Mask,134,45,10,11,1434_jpg.rf.2c504cd622088c8198a6a3a27eb45124.jpg,300,300,144,56
Mask,151,43,6,7,1434_jpg.rf.2c504cd622088c8198a6a3a27eb45124.jpg,300,300,157,50
Mask,170,54,9,8,1434_jpg.rf.2c504cd622088c8198a6a3a27eb45124.jpg,300,300,179,62
Mask,163,51,6,11,1434_jpg.rf.2c504cd622088c8198a6a3a27eb45124.jpg,300,300,169,62
Mask,187,31,8,7,1434_jpg.rf.2c504cd622088c8198a6a3a27eb45124.jpg,300,300,195,38
Mask,253,22,8,8,1434_jpg.rf.2c504cd622088c8198a6a3a27eb45124.jpg,300,300,261,30
Mask,280,37,7,8,1434_jpg.rf.2c504cd622088c8198a6a3a27eb45124.jpg,300,300,287,45
Mask,249,213,23,28,1434_jpg.rf.2c504cd622088c8198a6a3a27eb45124.jpg,300,300,272,241
Mask,105,169,19,20,1434_jpg.rf.2c504cd622088c8198a6a3a27eb45124.jpg,300,300,124,189
Mask,109,123,15,16,1434_jpg.rf.2c504cd622088c8198a6a3a27eb45124.jpg,300,300,124,139
Mask,90,120,16,15,1434_jpg.rf.2c504cd622088c8198a6a3a27eb45124.jpg,300,300,106,135
Mask,135,95,13,10,1434_jpg.rf.2c504cd622088c8198a6a3a27eb45124.jpg,300,300,148,105
Mask,177,90,12,12,1434_jpg.rf.2c504cd622088c8198a6a3a27eb45124.jpg,300,300,189,102
Mask,244,82,16,29,1435_jpg.rf.09d68a097fb584080b83def66659071f.jpg,300,300,260,111
Mask,63,82,11,12,1435_jpg.rf.09d68a097fb584080b83def66659071f.jpg,300,300,74,94
Mask,2,87,12,16,1435_jpg.rf.09d68a097fb584080b83def66659071f.jpg,300,300,14,103
None,79,57,67,172,1436_jpg.rf.09c1db9690b3ba646a625f3f15cee035.jpg,300,300,146,229
None,217,0,65,97,1437_jpg.rf.7eeaa1737d7adf4824b5f76471b89c82.jpg,300,300,282,97
Mask,41,153,39,45,1437_jpg.rf.7eeaa1737d7adf4824b5f76471b89c82.jpg,300,300,80,198
Mask,76,115,8,7,1438_jpg.rf.f791f0fa103b804b86877924a7c9dd26.jpg,300,300,84,122
Mask,71,119,5,6,1438_jpg.rf.f791f0fa103b804b86877924a7c9dd26.jpg,300,300,76,125
Mask,207,125,5,7,1438_jpg.rf.f791f0fa103b804b86877924a7c9dd26.jpg,300,300,212,132
None,139,122,7,12,1438_jpg.rf.f791f0fa103b804b86877924a7c9dd26.jpg,300,300,146,134
None,31,121,5,9,1438_jpg.rf.f791f0fa103b804b86877924a7c9dd26.jpg,300,300,36,130
None,154,140,10,32,1438_jpg.rf.f791f0fa103b804b86877924a7c9dd26.jpg,300,300,164,172
Mask,199,0,12,12,1439_jpg.rf.a1e0f3642e9255be42d0477d6e16a4b7.jpg,300,300,211,12
Mask,241,22,17,18,1439_jpg.rf.a1e0f3642e9255be42d0477d6e16a4b7.jpg,300,300,258,40
None,186,150,16,34,1439_jpg.rf.a1e0f3642e9255be42d0477d6e16a4b7.jpg,300,300,202,184
Mask,87,121,154,101,1441_jpg.rf.ae6814c1887eb2911779f2f8666209ac.jpg,300,300,241,222
Mask,25,115,58,89,1441_jpg.rf.ae6814c1887eb2911779f2f8666209ac.jpg,300,300,83,204
None,168,68,45,87,1442_jpg.rf.a7014a83497e5edfe3f68c96c89c8c73.jpg,300,300,213,155
Mask,101,125,11,9,1442_jpg.rf.a7014a83497e5edfe3f68c96c89c8c73.jpg,300,300,112,134
None,89,36,51,117,1443_jpg.rf.d8e39d651c6cf23131c9b1adec626d13.jpg,300,300,140,153
Mask,15,168,28,47,1443_jpg.rf.d8e39d651c6cf23131c9b1adec626d13.jpg,300,300,43,215
Mask,214,48,24,23,1444_jpg.rf.8b1dc66f72e40c184bc58b8ebf17a540.jpg,300,300,238,71
Mask,170,48,22,25,1444_jpg.rf.8b1dc66f72e40c184bc58b8ebf17a540.jpg,300,300,192,73
Mask,131,72,18,25,1444_jpg.rf.8b1dc66f72e40c184bc58b8ebf17a540.jpg,300,300,149,97
Mask,79,79,13,18,1444_jpg.rf.8b1dc66f72e40c184bc58b8ebf17a540.jpg,300,300,92,97
Mask,30,63,20,18,1444_jpg.rf.8b1dc66f72e40c184bc58b8ebf17a540.jpg,300,300,50,81
Mask,121,95,39,48,1445_jpg.rf.1223a6c508c98e2edef99754da387980.jpg,300,300,160,143
Mask,20,40,33,31,1445_jpg.rf.1223a6c508c98e2edef99754da387980.jpg,300,300,53,71
Mask,163,35,31,25,1445_jpg.rf.1223a6c508c98e2edef99754da387980.jpg,300,300,194,60
Mask,19,220,51,55,1446_jpg.rf.7c424f28eaa7ac22de3068f2f32d6a1a.jpg,300,300,70,275
Mask,88,110,57,50,1446_jpg.rf.7c424f28eaa7ac22de3068f2f32d6a1a.jpg,300,300,145,160
Mask,222,166,51,42,1446_jpg.rf.7c424f28eaa7ac22de3068f2f32d6a1a.jpg,300,300,273,208
Mask,68,109,100,124,1447_jpg.rf.f4e53e85c9d19bf209e0dc3c0c741057.jpg,300,300,168,233
Mask,188,90,20,14,1448_jpg.rf.09908a0338a6b20228e6b4ecb624aa59.jpg,300,300,208,104
Mask,135,109,13,9,1448_jpg.rf.09908a0338a6b20228e6b4ecb624aa59.jpg,300,300,148,118
None,58,135,15,25,1448_jpg.rf.09908a0338a6b20228e6b4ecb624aa59.jpg,300,300,73,160
Mask,259,183,16,49,1449_jpg.rf.66e954eb1ee422433a61993e88df880a.jpg,300,300,275,232
Mask,0,205,44,95,1449_jpg.rf.66e954eb1ee422433a61993e88df880a.jpg,300,300,44,300
Mask,137,92,26,40,1450_jpg.rf.a966b3ad910e8ef77c9b70ff26032758.jpg,300,300,163,132
None,53,1,43,83,1450_jpg.rf.a966b3ad910e8ef77c9b70ff26032758.jpg,300,300,96,84
None,234,29,30,48,1450_jpg.rf.a966b3ad910e8ef77c9b70ff26032758.jpg,300,300,264,77
None,162,23,29,61,1450_jpg.rf.a966b3ad910e8ef77c9b70ff26032758.jpg,300,300,191,84
Mask,203,76,33,31,1451_jpg.rf.8ecd495c49b7c485f767874e09e99817.jpg,300,300,236,107
Mask,104,61,22,31,1451_jpg.rf.8ecd495c49b7c485f767874e09e99817.jpg,300,300,126,92
None,30,4,21,36,1451_jpg.rf.8ecd495c49b7c485f767874e09e99817.jpg,300,300,51,40
None,258,8,21,39,1451_jpg.rf.8ecd495c49b7c485f767874e09e99817.jpg,300,300,279,47
None,8,22,14,26,1451_jpg.rf.8ecd495c49b7c485f767874e09e99817.jpg,300,300,22,48
None,18,1,12,20,1451_jpg.rf.8ecd495c49b7c485f767874e09e99817.jpg,300,300,30,21
None,51,0,17,26,1451_jpg.rf.8ecd495c49b7c485f767874e09e99817.jpg,300,300,68,26
None,74,1,13,40,1451_jpg.rf.8ecd495c49b7c485f767874e09e99817.jpg,300,300,87,41
Mask,158,115,65,89,1452_jpg.rf.561a48ae5fd30cf9cadff68182a7dee0.jpg,300,300,223,204
Mask,38,65,189,146,1453_jpg.rf.71e96b600a74e2a521f8ddd8ac6e14ef.jpg,300,300,227,211
Helmet,109,0,91,132,1454_jpg.rf.8b531b9085168ca1ea774d15488be291.jpg,300,300,200,132
None,84,48,31,69,1454_jpg.rf.8b531b9085168ca1ea774d15488be291.jpg,300,300,115,117
Mask,269,53,10,8,1455_jpg.rf.e031fe0173f9e26fd99fb4abd46411dc.jpg,300,300,279,61
Mask,172,65,10,10,1455_jpg.rf.e031fe0173f9e26fd99fb4abd46411dc.jpg,300,300,182,75
Mask,115,70,10,8,1455_jpg.rf.e031fe0173f9e26fd99fb4abd46411dc.jpg,300,300,125,78
Mask,48,71,10,9,1455_jpg.rf.e031fe0173f9e26fd99fb4abd46411dc.jpg,300,300,58,80
None,112,22,62,143,1456_jpg.rf.c14a9fc3fbfbb82101f6b953ae8225ea.jpg,300,300,174,165
Mask,155,152,33,52,1457_jpg.rf.3ed5cf20ca9721591732dea994db8e8a.jpg,300,300,188,204
Mask,117,107,62,68,1458_jpg.rf.9b229515e49b74d3a7d979db6412e9be.jpg,300,300,179,175
Mask,158,68,10,18,1459_jpg.rf.d2842dbc88991072cc5b6644e624d6dd.jpg,300,300,168,86
Mask,203,64,10,17,1459_jpg.rf.d2842dbc88991072cc5b6644e624d6dd.jpg,300,300,213,81
None,51,55,18,30,1459_jpg.rf.d2842dbc88991072cc5b6644e624d6dd.jpg,300,300,69,85
Mask,31,81,106,62,1460_jpg.rf.3a45c76973c5b7c56472d14dc79a18ff.jpg,300,300,137,143
Mask,166,49,29,16,1461_jpg.rf.2fc1b2fe3caf99fae6901351998274a1.jpg,300,300,195,65
Mask,96,49,26,15,1461_jpg.rf.2fc1b2fe3caf99fae6901351998274a1.jpg,300,300,122,64
None,75,210,11,22,1462_jpg.rf.cfe499c2c03ccebd9696211d12733f3f.jpg,300,300,86,232
None,194,159,8,11,1462_jpg.rf.cfe499c2c03ccebd9696211d12733f3f.jpg,300,300,202,170
None,272,198,7,10,1462_jpg.rf.cfe499c2c03ccebd9696211d12733f3f.jpg,300,300,279,208
None,100,199,7,16,1462_jpg.rf.cfe499c2c03ccebd9696211d12733f3f.jpg,300,300,107,215
None,122,191,10,17,1462_jpg.rf.cfe499c2c03ccebd9696211d12733f3f.jpg,300,300,132,208
None,17,178,7,8,1462_jpg.rf.cfe499c2c03ccebd9696211d12733f3f.jpg,300,300,24,186
None,181,193,9,21,1462_jpg.rf.cfe499c2c03ccebd9696211d12733f3f.jpg,300,300,190,214
Mask,143,17,18,15,1463_jpg.rf.a2a736afb529b03bbff9f88fe6f7dc79.jpg,300,300,161,32
Mask,120,12,11,19,1463_jpg.rf.a2a736afb529b03bbff9f88fe6f7dc79.jpg,300,300,131,31
Mask,62,15,15,18,1463_jpg.rf.a2a736afb529b03bbff9f88fe6f7dc79.jpg,300,300,77,33
Mask,76,107,12,17,1463_jpg.rf.a2a736afb529b03bbff9f88fe6f7dc79.jpg,300,300,88,124
Mask,89,68,8,17,1463_jpg.rf.a2a736afb529b03bbff9f88fe6f7dc79.jpg,300,300,97,85
Mask,5,0,11,10,1463_jpg.rf.a2a736afb529b03bbff9f88fe6f7dc79.jpg,300,300,16,10
Mask,171,38,10,26,1463_jpg.rf.a2a736afb529b03bbff9f88fe6f7dc79.jpg,300,300,181,64
Mask,216,23,13,25,1463_jpg.rf.a2a736afb529b03bbff9f88fe6f7dc79.jpg,300,300,229,48
None,136,38,39,109,1464_jpg.rf.4e718c00715a647adcb41c0202db4780.jpg,300,300,175,147
Mask,31,112,175,188,1465_jpg.rf.66967f06ca4109c2af31e05af6425b6d.jpg,300,300,206,300
Mask,205,92,56,99,1466_jpg.rf.5f6730377d39c0c168e7ab91a5d0cc6a.jpg,300,300,261,191
Mask,65,114,49,75,1466_jpg.rf.5f6730377d39c0c168e7ab91a5d0cc6a.jpg,300,300,114,189
Mask,100,118,127,131,1467_jpg.rf.00b54892907e193f5049762cd5a82d67.jpg,300,300,227,249
Mask,82,96,58,58,1468_jpg.rf.d2acc5113c2b168c7dce97622fc256e5.jpg,300,300,140,154
Mask,187,87,54,56,1468_jpg.rf.d2acc5113c2b168c7dce97622fc256e5.jpg,300,300,241,143
Mask,68,121,13,10,1469_jpg.rf.1ed735ae3eed9b6b88a6d72ff4088155.jpg,300,300,81,131
Mask,114,138,10,10,1469_jpg.rf.1ed735ae3eed9b6b88a6d72ff4088155.jpg,300,300,124,148
Mask,153,145,11,7,1469_jpg.rf.1ed735ae3eed9b6b88a6d72ff4088155.jpg,300,300,164,152
Mask,194,137,8,10,1469_jpg.rf.1ed735ae3eed9b6b88a6d72ff4088155.jpg,300,300,202,147
Mask,222,119,9,10,1469_jpg.rf.1ed735ae3eed9b6b88a6d72ff4088155.jpg,300,300,231,129
None,199,30,18,39,1475_jpg.rf.7d7a48201e2bb0f06a63dabe8e0181e9.jpg,300,300,217,69
None,155,48,20,36,1475_jpg.rf.7d7a48201e2bb0f06a63dabe8e0181e9.jpg,300,300,175,84
None,148,28,18,27,1475_jpg.rf.7d7a48201e2bb0f06a63dabe8e0181e9.jpg,300,300,166,55
None,111,103,19,41,1475_jpg.rf.7d7a48201e2bb0f06a63dabe8e0181e9.jpg,300,300,130,144
Mask,246,72,12,22,1475_jpg.rf.7d7a48201e2bb0f06a63dabe8e0181e9.jpg,300,300,258,94
Helmet,246,30,49,40,1475_jpg.rf.7d7a48201e2bb0f06a63dabe8e0181e9.jpg,300,300,295,70
Helmet,0,0,55,96,1475_jpg.rf.7d7a48201e2bb0f06a63dabe8e0181e9.jpg,300,300,55,96
None,269,129,17,31,1476_jpg.rf.a799202219631d9bfb6299e1347014d0.jpg,300,300,286,160
None,216,112,18,27,1476_jpg.rf.a799202219631d9bfb6299e1347014d0.jpg,300,300,234,139
None,173,112,15,28,1476_jpg.rf.a799202219631d9bfb6299e1347014d0.jpg,300,300,188,140
None,135,126,13,27,1476_jpg.rf.a799202219631d9bfb6299e1347014d0.jpg,300,300,148,153
None,97,127,14,22,1476_jpg.rf.a799202219631d9bfb6299e1347014d0.jpg,300,300,111,149
None,52,148,15,18,1476_jpg.rf.a799202219631d9bfb6299e1347014d0.jpg,300,300,67,166
None,20,129,9,24,1476_jpg.rf.a799202219631d9bfb6299e1347014d0.jpg,300,300,29,153
None,38,118,7,12,1476_jpg.rf.a799202219631d9bfb6299e1347014d0.jpg,300,300,45,130
None,39,98,5,13,1476_jpg.rf.a799202219631d9bfb6299e1347014d0.jpg,300,300,44,111
None,50,87,8,16,1476_jpg.rf.a799202219631d9bfb6299e1347014d0.jpg,300,300,58,103
None,65,91,6,13,1476_jpg.rf.a799202219631d9bfb6299e1347014d0.jpg,300,300,71,104
None,77,105,11,23,1476_jpg.rf.a799202219631d9bfb6299e1347014d0.jpg,300,300,88,128
None,102,94,13,26,1476_jpg.rf.a799202219631d9bfb6299e1347014d0.jpg,300,300,115,120
None,68,33,12,25,1476_jpg.rf.a799202219631d9bfb6299e1347014d0.jpg,300,300,80,58
None,87,45,7,15,1476_jpg.rf.a799202219631d9bfb6299e1347014d0.jpg,300,300,94,60
None,200,29,14,34,1476_jpg.rf.a799202219631d9bfb6299e1347014d0.jpg,300,300,214,63
None,220,13,9,25,1476_jpg.rf.a799202219631d9bfb6299e1347014d0.jpg,300,300,229,38
None,235,12,6,16,1476_jpg.rf.a799202219631d9bfb6299e1347014d0.jpg,300,300,241,28
None,282,28,7,18,1476_jpg.rf.a799202219631d9bfb6299e1347014d0.jpg,300,300,289,46
None,260,23,7,17,1476_jpg.rf.a799202219631d9bfb6299e1347014d0.jpg,300,300,267,40
None,7,49,8,15,1476_jpg.rf.a799202219631d9bfb6299e1347014d0.jpg,300,300,15,64
None,17,38,7,14,1476_jpg.rf.a799202219631d9bfb6299e1347014d0.jpg,300,300,24,52
None,28,47,4,9,1476_jpg.rf.a799202219631d9bfb6299e1347014d0.jpg,300,300,32,56
None,135,97,12,20,1476_jpg.rf.a799202219631d9bfb6299e1347014d0.jpg,300,300,147,117
None,163,88,8,16,1476_jpg.rf.a799202219631d9bfb6299e1347014d0.jpg,300,300,171,104
None,265,84,13,23,1476_jpg.rf.a799202219631d9bfb6299e1347014d0.jpg,300,300,278,107
None,244,77,9,19,1476_jpg.rf.a799202219631d9bfb6299e1347014d0.jpg,300,300,253,96
None,120,69,7,13,1476_jpg.rf.a799202219631d9bfb6299e1347014d0.jpg,300,300,127,82
None,135,61,9,14,1476_jpg.rf.a799202219631d9bfb6299e1347014d0.jpg,300,300,144,75
None,105,32,5,9,1476_jpg.rf.a799202219631d9bfb6299e1347014d0.jpg,300,300,110,41
None,99,66,8,13,1476_jpg.rf.a799202219631d9bfb6299e1347014d0.jpg,300,300,107,79
None,98,82,7,15,1476_jpg.rf.a799202219631d9bfb6299e1347014d0.jpg,300,300,105,97
Mask,47,125,8,12,1476_jpg.rf.a799202219631d9bfb6299e1347014d0.jpg,300,300,55,137
Mask,56,41,7,6,1476_jpg.rf.a799202219631d9bfb6299e1347014d0.jpg,300,300,63,47
None,249,12,5,10,1476_jpg.rf.a799202219631d9bfb6299e1347014d0.jpg,300,300,254,22
Mask,153,33,6,5,1476_jpg.rf.a799202219631d9bfb6299e1347014d0.jpg,300,300,159,38
None,0,48,5,17,1476_jpg.rf.a799202219631d9bfb6299e1347014d0.jpg,300,300,5,65
Mask,142,76,10,9,1476_jpg.rf.a799202219631d9bfb6299e1347014d0.jpg,300,300,152,85
None,114,92,9,18,1476_jpg.rf.a799202219631d9bfb6299e1347014d0.jpg,300,300,123,110
None,114,78,8,12,1476_jpg.rf.a799202219631d9bfb6299e1347014d0.jpg,300,300,122,90
None,174,61,7,15,1476_jpg.rf.a799202219631d9bfb6299e1347014d0.jpg,300,300,181,76
None,189,16,8,21,1476_jpg.rf.a799202219631d9bfb6299e1347014d0.jpg,300,300,197,37
Mask,66,79,7,9,1476_jpg.rf.a799202219631d9bfb6299e1347014d0.jpg,300,300,73,88
Mask,186,218,43,48,1477_jpg.rf.db3290ae030c022d3de8fe86bbd57067.jpg,300,300,229,266
Mask,51,227,51,43,1477_jpg.rf.db3290ae030c022d3de8fe86bbd57067.jpg,300,300,102,270
Mask,48,60,31,38,1477_jpg.rf.db3290ae030c022d3de8fe86bbd57067.jpg,300,300,79,98
Mask,125,25,27,38,1477_jpg.rf.db3290ae030c022d3de8fe86bbd57067.jpg,300,300,152,63
Mask,154,9,28,23,1477_jpg.rf.db3290ae030c022d3de8fe86bbd57067.jpg,300,300,182,32
Mask,254,37,23,31,1477_jpg.rf.db3290ae030c022d3de8fe86bbd57067.jpg,300,300,277,68
Mask,234,44,16,27,1477_jpg.rf.db3290ae030c022d3de8fe86bbd57067.jpg,300,300,250,71
None,198,7,26,61,1477_jpg.rf.db3290ae030c022d3de8fe86bbd57067.jpg,300,300,224,68
None,121,117,41,65,1477_jpg.rf.db3290ae030c022d3de8fe86bbd57067.jpg,300,300,162,182
Mask,238,142,25,30,1481_jpg.rf.8d697000d154193cf69e10458907bd28.jpg,300,300,263,172
Mask,192,58,21,35,1481_jpg.rf.8d697000d154193cf69e10458907bd28.jpg,300,300,213,93
Mask,32,122,62,93,1481_jpg.rf.8d697000d154193cf69e10458907bd28.jpg,300,300,94,215
None,206,141,26,46,1481_jpg.rf.8d697000d154193cf69e10458907bd28.jpg,300,300,232,187
Mask,135,96,34,48,1482_jpg.rf.095d2d0820551fe800d962de35f4ed72.jpg,300,300,169,144
Mask,66,135,39,49,1484_jpg.rf.0067b2fda4a5425d382b7c435205dfcf.jpg,300,300,105,184
Mask,159,225,24,26,1484_jpg.rf.0067b2fda4a5425d382b7c435205dfcf.jpg,300,300,183,251
Mask,237,223,39,33,1484_jpg.rf.0067b2fda4a5425d382b7c435205dfcf.jpg,300,300,276,256
Mask,147,54,7,5,1485_jpg.rf.4281ec7a5b4c3e74277cd9e348e4b0f3.jpg,300,300,154,59
Mask,233,56,15,8,1485_jpg.rf.4281ec7a5b4c3e74277cd9e348e4b0f3.jpg,300,300,248,64
Mask,73,41,13,19,1485_jpg.rf.4281ec7a5b4c3e74277cd9e348e4b0f3.jpg,300,300,86,60
Mask,122,60,15,14,1485_jpg.rf.4281ec7a5b4c3e74277cd9e348e4b0f3.jpg,300,300,137,74
Helmet,119,37,26,23,1485_jpg.rf.4281ec7a5b4c3e74277cd9e348e4b0f3.jpg,300,300,145,60
Helmet,232,34,21,22,1485_jpg.rf.4281ec7a5b4c3e74277cd9e348e4b0f3.jpg,300,300,253,56
Mask,274,93,10,13,1486_jpg.rf.7a1e4cbb2c23294eb45bf41acfa54010.jpg,300,300,284,106
Mask,206,110,17,31,1486_jpg.rf.7a1e4cbb2c23294eb45bf41acfa54010.jpg,300,300,223,141
Mask,185,69,6,9,1486_jpg.rf.7a1e4cbb2c23294eb45bf41acfa54010.jpg,300,300,191,78
Mask,161,69,5,8,1486_jpg.rf.7a1e4cbb2c23294eb45bf41acfa54010.jpg,300,300,166,77
Mask,150,81,5,11,1486_jpg.rf.7a1e4cbb2c23294eb45bf41acfa54010.jpg,300,300,155,92
Mask,75,99,5,9,1486_jpg.rf.7a1e4cbb2c23294eb45bf41acfa54010.jpg,300,300,80,108
Mask,69,115,5,10,1486_jpg.rf.7a1e4cbb2c23294eb45bf41acfa54010.jpg,300,300,74,125
Mask,41,128,19,25,1486_jpg.rf.7a1e4cbb2c23294eb45bf41acfa54010.jpg,300,300,60,153
Mask,28,124,7,10,1486_jpg.rf.7a1e4cbb2c23294eb45bf41acfa54010.jpg,300,300,35,134
Mask,13,121,8,10,1486_jpg.rf.7a1e4cbb2c23294eb45bf41acfa54010.jpg,300,300,21,131
Mask,0,140,10,21,1486_jpg.rf.7a1e4cbb2c23294eb45bf41acfa54010.jpg,300,300,10,161
Mask,245,69,5,11,1486_jpg.rf.7a1e4cbb2c23294eb45bf41acfa54010.jpg,300,300,250,80
Mask,88,69,36,60,1486_jpg.rf.7a1e4cbb2c23294eb45bf41acfa54010.jpg,300,300,124,129
None,48,58,16,20,1487_jpg.rf.420cbad3bf6a631ed6b2a15ff95ac42a.jpg,300,300,64,78
None,261,27,13,21,1487_jpg.rf.420cbad3bf6a631ed6b2a15ff95ac42a.jpg,300,300,274,48
None,225,42,12,16,1487_jpg.rf.420cbad3bf6a631ed6b2a15ff95ac42a.jpg,300,300,237,58
None,193,20,12,27,1487_jpg.rf.420cbad3bf6a631ed6b2a15ff95ac42a.jpg,300,300,205,47
None,166,28,13,21,1487_jpg.rf.420cbad3bf6a631ed6b2a15ff95ac42a.jpg,300,300,179,49
None,99,31,12,22,1487_jpg.rf.420cbad3bf6a631ed6b2a15ff95ac42a.jpg,300,300,111,53
None,89,50,15,25,1487_jpg.rf.420cbad3bf6a631ed6b2a15ff95ac42a.jpg,300,300,104,75
None,135,63,15,27,1487_jpg.rf.420cbad3bf6a631ed6b2a15ff95ac42a.jpg,300,300,150,90
Mask,76,108,77,89,1488_jpg.rf.426858c5df9554136fc454bf0105f571.jpg,300,300,153,197
None,160,45,67,138,1488_jpg.rf.426858c5df9554136fc454bf0105f571.jpg,300,300,227,183
None,252,0,48,118,1488_jpg.rf.426858c5df9554136fc454bf0105f571.jpg,300,300,300,118
Mask,131,140,41,107,1489_jpg.rf.ebef44ab688567656cac98efe3105413.jpg,300,300,172,247
Mask,267,72,20,23,1490_jpg.rf.b87b147d8255fe4efa93735a361cfa3c.jpg,300,300,287,95
Helmet,119,11,61,89,1490_jpg.rf.b87b147d8255fe4efa93735a361cfa3c.jpg,300,300,180,100
None,97,64,24,38,1490_jpg.rf.b87b147d8255fe4efa93735a361cfa3c.jpg,300,300,121,102
Mask,134,90,49,68,1491_jpg.rf.845c7b5dd4989391b38291914d9119a6.jpg,300,300,183,158
Mask,85,142,140,158,1492_jpg.rf.251368f6c3644946913d1263a059ba04.jpg,300,300,225,300
Mask,110,160,100,107,1493_jpg.rf.b2cc83962eb8318ac659a023ab83c99a.jpg,300,300,210,267
Mask,60,68,46,42,1493_jpg.rf.b2cc83962eb8318ac659a023ab83c99a.jpg,300,300,106,110
None,82,36,111,222,1494_jpg.rf.5d7c557a40849f8a9cad24cc307f1a5c.jpg,300,300,193,258
Mask,119,169,89,64,1495_jpg.rf.164033d38be228a7119319a89a847cf1.jpg,300,300,208,233
Mask,66,113,71,40,1496_jpg.rf.a23083d97fb113903af695258628dd45.jpg,300,300,137,153
Mask,202,155,58,28,1496_jpg.rf.a23083d97fb113903af695258628dd45.jpg,300,300,260,183
Mask,43,84,38,37,1497_jpg.rf.4ab599e927a6211531d5d8ddad712fe0.jpg,300,300,81,121
Mask,198,69,35,40,1497_jpg.rf.4ab599e927a6211531d5d8ddad712fe0.jpg,300,300,233,109
None,129,83,41,82,1498_jpg.rf.234d465f866ba6bf4fd61afedda2311a.jpg,300,300,170,165
None,237,154,37,71,1498_jpg.rf.234d465f866ba6bf4fd61afedda2311a.jpg,300,300,274,225
None,50,93,30,62,1498_jpg.rf.234d465f866ba6bf4fd61afedda2311a.jpg,300,300,80,155
None,0,172,38,71,1498_jpg.rf.234d465f866ba6bf4fd61afedda2311a.jpg,300,300,38,243
Mask,214,157,12,17,1498_jpg.rf.234d465f866ba6bf4fd61afedda2311a.jpg,300,300,226,174
Mask,169,161,12,13,1498_jpg.rf.234d465f866ba6bf4fd61afedda2311a.jpg,300,300,181,174
Mask,223,76,28,31,1499_jpg.rf.2111f7f0c5402953e5395f65a1d151a4.jpg,300,300,251,107
None,45,20,31,66,1499_jpg.rf.2111f7f0c5402953e5395f65a1d151a4.jpg,300,300,76,86
None,41,165,18,26,1500_jpg.rf.d1ebd435648f7d2fe9b9cf992bfe4b01.jpg,300,300,59,191
None,86,171,19,23,1500_jpg.rf.d1ebd435648f7d2fe9b9cf992bfe4b01.jpg,300,300,105,194
None,202,142,26,38,1500_jpg.rf.d1ebd435648f7d2fe9b9cf992bfe4b01.jpg,300,300,228,180
Mask,88,108,28,38,1501_jpg.rf.f1b0c3ce9a5d172dc591434c14f90772.jpg,300,300,116,146
Mask,38,116,18,41,1501_jpg.rf.f1b0c3ce9a5d172dc591434c14f90772.jpg,300,300,56,157
Mask,123,89,36,48,1502_jpg.rf.69914e297f0fcc350a9a814921323787.jpg,300,300,159,137
Mask,41,198,15,20,1502_jpg.rf.69914e297f0fcc350a9a814921323787.jpg,300,300,56,218
Mask,0,191,17,23,1502_jpg.rf.69914e297f0fcc350a9a814921323787.jpg,300,300,17,214
Mask,155,97,21,36,1503_jpg.rf.0fb257be822937aad1ed71aafbae35a9.jpg,300,300,176,133
Mask,242,119,11,10,1503_jpg.rf.0fb257be822937aad1ed71aafbae35a9.jpg,300,300,253,129
None,68,71,26,48,1503_jpg.rf.0fb257be822937aad1ed71aafbae35a9.jpg,300,300,94,119
None,137,13,35,32,1504_jpg.rf.a4f1fc365787bf75999c5db622cc1533.jpg,300,300,172,45
Mask,98,109,100,183,1505_jpg.rf.9c1397d61310c8a1f2e7661dd0bc69c6.jpg,300,300,198,292
Mask,127,85,26,30,1506_jpg.rf.594a3b118bce401484a57fd4a1a30442.jpg,300,300,153,115
Mask,149,57,35,33,1507_jpg.rf.32519aead1ee48ef110e793ea9405282.jpg,300,300,184,90
Mask,51,91,40,46,1508_jpg.rf.b1303dcfd5705ab834f3fb774f704a06.jpg,300,300,91,137
None,196,74,46,79,1508_jpg.rf.b1303dcfd5705ab834f3fb774f704a06.jpg,300,300,242,153
Mask,265,191,35,37,1509_jpg.rf.4d191dd0851d4eaa91866405e8438a7b.jpg,300,300,300,228
Mask,191,104,15,6,1509_jpg.rf.4d191dd0851d4eaa91866405e8438a7b.jpg,300,300,206,110
Mask,78,139,25,21,1509_jpg.rf.4d191dd0851d4eaa91866405e8438a7b.jpg,300,300,103,160
Mask,49,104,12,5,1509_jpg.rf.4d191dd0851d4eaa91866405e8438a7b.jpg,300,300,61,109
None,16,123,41,65,1509_jpg.rf.4d191dd0851d4eaa91866405e8438a7b.jpg,300,300,57,188
Mask,95,93,10,8,1509_jpg.rf.4d191dd0851d4eaa91866405e8438a7b.jpg,300,300,105,101
Mask,176,64,55,71,1511_jpg.rf.3628eee123ac73e9fd790ac0736a489a.jpg,300,300,231,135
Mask,120,135,89,114,1512_jpg.rf.4b44dff81dd60bafae3d72d598747d90.jpg,300,300,209,249
Mask,83,133,83,143,1514_jpg.rf.4beeace34637cc42fd4983b2c62424d7.jpg,300,300,166,276
None,111,55,70,191,1515_jpg.rf.5cefd5ad901e3046211c6632cd3b99e9.jpg,300,300,181,246
Mask,77,113,8,8,1516_jpg.rf.437185f0b62f6b9862d0fb85c3a5c377.jpg,300,300,85,121
Mask,69,117,6,6,1516_jpg.rf.437185f0b62f6b9862d0fb85c3a5c377.jpg,300,300,75,123
None,55,111,8,17,1516_jpg.rf.437185f0b62f6b9862d0fb85c3a5c377.jpg,300,300,63,128
None,31,120,7,11,1516_jpg.rf.437185f0b62f6b9862d0fb85c3a5c377.jpg,300,300,38,131
None,152,132,14,39,1516_jpg.rf.437185f0b62f6b9862d0fb85c3a5c377.jpg,300,300,166,171
None,181,34,35,58,1517_jpg.rf.8916808e61f06915827a169e260bd7de.jpg,300,300,216,92
None,76,86,31,54,1517_jpg.rf.8916808e61f06915827a169e260bd7de.jpg,300,300,107,140
None,102,42,91,199,1518_jpg.rf.f667c83af719076a21f077804b9ee63c.jpg,300,300,193,241
Mask,264,91,29,35,1519_jpg.rf.abdb44b4de68dd1fd61f96f301684bab.jpg,300,300,293,126
Mask,197,68,26,36,1519_jpg.rf.abdb44b4de68dd1fd61f96f301684bab.jpg,300,300,223,104
Mask,117,46,24,40,1519_jpg.rf.abdb44b4de68dd1fd61f96f301684bab.jpg,300,300,141,86
Mask,102,73,16,19,1519_jpg.rf.abdb44b4de68dd1fd61f96f301684bab.jpg,300,300,118,92
Mask,168,134,32,44,1519_jpg.rf.abdb44b4de68dd1fd61f96f301684bab.jpg,300,300,200,178
Mask,79,128,28,41,1519_jpg.rf.abdb44b4de68dd1fd61f96f301684bab.jpg,300,300,107,169
Mask,46,85,15,45,1519_jpg.rf.abdb44b4de68dd1fd61f96f301684bab.jpg,300,300,61,130
Mask,61,102,12,24,1519_jpg.rf.abdb44b4de68dd1fd61f96f301684bab.jpg,300,300,73,126
Mask,224,77,19,27,1519_jpg.rf.abdb44b4de68dd1fd61f96f301684bab.jpg,300,300,243,104
Mask,289,74,11,30,1519_jpg.rf.abdb44b4de68dd1fd61f96f301684bab.jpg,300,300,300,104
None,244,68,16,43,1519_jpg.rf.abdb44b4de68dd1fd61f96f301684bab.jpg,300,300,260,111
None,241,55,28,44,1520_jpg.rf.7eaebf32b661396da9ba47fa3a6f6781.jpg,300,300,269,99
None,170,96,16,32,1520_jpg.rf.7eaebf32b661396da9ba47fa3a6f6781.jpg,300,300,186,128
Mask,46,157,147,143,1521_jpg.rf.02a77a2d0026e1968dea674a995e42fd.jpg,300,300,193,300
None,14,59,11,28,1522_jpg.rf.24fd752c1c4f4eff26bf9290f6b8c35e.jpg,300,300,25,87
Mask,81,66,10,12,1522_jpg.rf.24fd752c1c4f4eff26bf9290f6b8c35e.jpg,300,300,91,78
Mask,55,80,8,11,1522_jpg.rf.24fd752c1c4f4eff26bf9290f6b8c35e.jpg,300,300,63,91
Mask,35,69,14,16,1522_jpg.rf.24fd752c1c4f4eff26bf9290f6b8c35e.jpg,300,300,49,85
None,232,46,13,32,1522_jpg.rf.24fd752c1c4f4eff26bf9290f6b8c35e.jpg,300,300,245,78
None,117,10,17,31,1523_jpg.rf.7bbe867f3f3a55f783d617ad4e611320.jpg,300,300,134,41
Helmet,10,7,47,84,1523_jpg.rf.7bbe867f3f3a55f783d617ad4e611320.jpg,300,300,57,91
Mask,109,77,37,62,1523_jpg.rf.7bbe867f3f3a55f783d617ad4e611320.jpg,300,300,146,139
Mask,175,78,37,56,1523_jpg.rf.7bbe867f3f3a55f783d617ad4e611320.jpg,300,300,212,134
Mask,232,89,32,50,1523_jpg.rf.7bbe867f3f3a55f783d617ad4e611320.jpg,300,300,264,139
Mask,137,94,31,42,1524_jpg.rf.7d00837572e2246e647ca8fbc884c84b.jpg,300,300,168,136
Mask,273,21,18,18,1525_jpg.rf.c6f518f0d4ae76f753348cc3be1f22bc.jpg,300,300,291,39
None,142,25,24,59,1525_jpg.rf.c6f518f0d4ae76f753348cc3be1f22bc.jpg,300,300,166,84
None,71,0,34,44,1525_jpg.rf.c6f518f0d4ae76f753348cc3be1f22bc.jpg,300,300,105,44
Mask,14,25,31,29,1525_jpg.rf.c6f518f0d4ae76f753348cc3be1f22bc.jpg,300,300,45,54
Mask,127,155,61,54,1526_jpg.rf.8e400ada8b75dc093551f7d2fb94372b.jpg,300,300,188,209
Mask,84,158,68,68,1528_jpg.rf.6a0678cd6ba7c07e5e4c7b493b629fb7.jpg,300,300,152,226
Mask,78,142,131,140,1529_jpg.rf.58190bca29fb65dd84fdf395f4e756f5.jpg,300,300,209,282
Mask,175,101,74,112,1530_jpg.rf.0fb7555b8ce875ed28a4303a539192c2.jpg,300,300,249,213
Mask,83,150,127,133,1531_jpg.rf.d8f1839fc6d562484c1cca22c45d58e0.jpg,300,300,210,283
Mask,109,89,15,17,1532_jpg.rf.a2b33bb680d582c65e4970374cd538f2.jpg,300,300,124,106
Mask,212,104,12,11,1532_jpg.rf.a2b33bb680d582c65e4970374cd538f2.jpg,300,300,224,115
Mask,230,95,6,7,1532_jpg.rf.a2b33bb680d582c65e4970374cd538f2.jpg,300,300,236,102
Mask,292,103,8,13,1532_jpg.rf.a2b33bb680d582c65e4970374cd538f2.jpg,300,300,300,116
Mask,184,99,12,13,1532_jpg.rf.a2b33bb680d582c65e4970374cd538f2.jpg,300,300,196,112
Helmet,226,75,15,17,1532_jpg.rf.a2b33bb680d582c65e4970374cd538f2.jpg,300,300,241,92
Helmet,208,80,18,22,1532_jpg.rf.a2b33bb680d582c65e4970374cd538f2.jpg,300,300,226,102
Helmet,194,84,16,19,1532_jpg.rf.a2b33bb680d582c65e4970374cd538f2.jpg,300,300,210,103
Helmet,285,84,15,23,1532_jpg.rf.a2b33bb680d582c65e4970374cd538f2.jpg,300,300,300,107
Mask,224,54,22,32,1532_jpg.rf.a2b33bb680d582c65e4970374cd538f2.jpg,300,300,246,86
Mask,101,88,9,15,1532_jpg.rf.a2b33bb680d582c65e4970374cd538f2.jpg,300,300,110,103
None,119,30,55,107,1533_jpg.rf.d2ad569fbd26ceea6ae9d0faa9c27c13.jpg,300,300,174,137
Mask,238,66,31,60,1539_jpg.rf.5eed575d97fa312dd8a859cb7d3f3120.jpg,300,300,269,126
Mask,195,76,41,73,1539_jpg.rf.5eed575d97fa312dd8a859cb7d3f3120.jpg,300,300,236,149
None,76,33,68,192,1539_jpg.rf.5eed575d97fa312dd8a859cb7d3f3120.jpg,300,300,144,225
Mask,70,91,142,179,1540_jpg.rf.27ab30956b3733addf23845cf99e6372.jpg,300,300,212,270
None,120,39,52,164,1541_jpg.rf.36895d702bd4f6f45ce312c73e333ae4.jpg,300,300,172,203
Mask,142,86,44,72,1544_jpg.rf.781aa8770e36a4c24e87b5ab2204edab.jpg,300,300,186,158
Mask,257,135,15,26,1544_jpg.rf.781aa8770e36a4c24e87b5ab2204edab.jpg,300,300,272,161
Mask,224,115,10,13,1544_jpg.rf.781aa8770e36a4c24e87b5ab2204edab.jpg,300,300,234,128
Mask,107,148,9,12,1544_jpg.rf.781aa8770e36a4c24e87b5ab2204edab.jpg,300,300,116,160
Mask,159,125,9,7,1545_jpg.rf.f58bf337c8500974a894b8dfff5c137c.jpg,300,300,168,132
Mask,172,113,35,54,1545_jpg.rf.f58bf337c8500974a894b8dfff5c137c.jpg,300,300,207,167
Mask,108,126,27,29,1545_jpg.rf.f58bf337c8500974a894b8dfff5c137c.jpg,300,300,135,155
Mask,56,113,35,61,1545_jpg.rf.f58bf337c8500974a894b8dfff5c137c.jpg,300,300,91,174
Mask,269,123,10,13,1545_jpg.rf.f58bf337c8500974a894b8dfff5c137c.jpg,300,300,279,136
Mask,138,49,35,18,1547_jpg.rf.c65f0452f664dd1ddc62eb0770ae806f.jpg,300,300,173,67
Helmet,199,47,18,10,1547_jpg.rf.c65f0452f664dd1ddc62eb0770ae806f.jpg,300,300,217,57
Mask,54,181,104,81,1548_jpg.rf.44a30471642fbac6ac1a1735280d4524.jpg,300,300,158,262
Mask,13,43,8,13,1550_jpg.rf.296db5ba076592b4312abc7033f9e26d.jpg,300,300,21,56
Mask,39,51,9,14,1550_jpg.rf.296db5ba076592b4312abc7033f9e26d.jpg,300,300,48,65
Mask,57,40,9,13,1550_jpg.rf.296db5ba076592b4312abc7033f9e26d.jpg,300,300,66,53
Mask,68,42,10,10,1550_jpg.rf.296db5ba076592b4312abc7033f9e26d.jpg,300,300,78,52
Mask,91,58,13,20,1550_jpg.rf.296db5ba076592b4312abc7033f9e26d.jpg,300,300,104,78
Mask,110,40,14,20,1550_jpg.rf.296db5ba076592b4312abc7033f9e26d.jpg,300,300,124,60
Mask,124,59,9,14,1550_jpg.rf.296db5ba076592b4312abc7033f9e26d.jpg,300,300,133,73
Mask,125,69,26,42,1550_jpg.rf.296db5ba076592b4312abc7033f9e26d.jpg,300,300,151,111
Mask,167,52,18,19,1550_jpg.rf.296db5ba076592b4312abc7033f9e26d.jpg,300,300,185,71
Mask,186,45,26,28,1550_jpg.rf.296db5ba076592b4312abc7033f9e26d.jpg,300,300,212,73
Mask,243,40,26,41,1550_jpg.rf.296db5ba076592b4312abc7033f9e26d.jpg,300,300,269,81
None,266,102,34,103,1551_jpg.rf.f8b5f9aadaa2b1b7da60ba81cef97dc3.jpg,300,300,300,205
Mask,134,38,28,41,1551_jpg.rf.f8b5f9aadaa2b1b7da60ba81cef97dc3.jpg,300,300,162,79
None,0,35,21,47,1551_jpg.rf.f8b5f9aadaa2b1b7da60ba81cef97dc3.jpg,300,300,21,82
None,33,95,37,63,1551_jpg.rf.f8b5f9aadaa2b1b7da60ba81cef97dc3.jpg,300,300,70,158
Mask,162,137,56,79,1551_jpg.rf.f8b5f9aadaa2b1b7da60ba81cef97dc3.jpg,300,300,218,216
Mask,121,29,16,19,1552_jpg.rf.b9344e3afed15e287f1a927344c3fc68.jpg,300,300,137,48
None,82,12,11,25,1552_jpg.rf.b9344e3afed15e287f1a927344c3fc68.jpg,300,300,93,37
None,109,65,68,117,1553_jpg.rf.562d9193ce77314d1ee25bdd25e6b417.jpg,300,300,177,182
None,90,48,26,48,1554_jpg.rf.5df5b85624bd4ee4c94477ce825a5d01.jpg,300,300,116,96
None,127,45,20,29,1554_jpg.rf.5df5b85624bd4ee4c94477ce825a5d01.jpg,300,300,147,74
Mask,203,54,8,13,1554_jpg.rf.5df5b85624bd4ee4c94477ce825a5d01.jpg,300,300,211,67
Mask,224,49,7,10,1554_jpg.rf.5df5b85624bd4ee4c94477ce825a5d01.jpg,300,300,231,59
Mask,175,56,52,67,1556_jpg.rf.fa71f9c8e37d53a92192561614c828cc.jpg,300,300,227,123
None,184,74,24,47,1557_jpg.rf.8b0f811dccbb49b9ea6f8c1df2d56970.jpg,300,300,208,121
None,149,75,15,30,1557_jpg.rf.8b0f811dccbb49b9ea6f8c1df2d56970.jpg,300,300,164,105
None,117,61,12,22,1557_jpg.rf.8b0f811dccbb49b9ea6f8c1df2d56970.jpg,300,300,129,83
None,97,72,15,41,1557_jpg.rf.8b0f811dccbb49b9ea6f8c1df2d56970.jpg,300,300,112,113
None,142,56,8,19,1557_jpg.rf.8b0f811dccbb49b9ea6f8c1df2d56970.jpg,300,300,150,75
None,282,68,13,22,1557_jpg.rf.8b0f811dccbb49b9ea6f8c1df2d56970.jpg,300,300,295,90
None,130,54,5,8,1557_jpg.rf.8b0f811dccbb49b9ea6f8c1df2d56970.jpg,300,300,135,62
Mask,117,89,68,100,1558_jpg.rf.c90728d13e1831e86e492591fc0943a1.jpg,300,300,185,189
Mask,94,157,81,107,1559_jpg.rf.309e3dbd3a599a34fa09be258a4b742c.jpg,300,300,175,264
Mask,237,104,10,18,1560_jpg.rf.6d785cc7717086a20c4f95d972263e8f.jpg,300,300,247,122
Mask,205,75,13,15,1560_jpg.rf.6d785cc7717086a20c4f95d972263e8f.jpg,300,300,218,90
Mask,183,85,12,15,1560_jpg.rf.6d785cc7717086a20c4f95d972263e8f.jpg,300,300,195,100
Mask,124,90,13,18,1560_jpg.rf.6d785cc7717086a20c4f95d972263e8f.jpg,300,300,137,108
Mask,141,102,12,13,1560_jpg.rf.6d785cc7717086a20c4f95d972263e8f.jpg,300,300,153,115
Mask,165,112,11,15,1560_jpg.rf.6d785cc7717086a20c4f95d972263e8f.jpg,300,300,176,127
Mask,78,105,10,12,1560_jpg.rf.6d785cc7717086a20c4f95d972263e8f.jpg,300,300,88,117
Mask,29,110,17,16,1560_jpg.rf.6d785cc7717086a20c4f95d972263e8f.jpg,300,300,46,126
Mask,43,93,11,13,1560_jpg.rf.6d785cc7717086a20c4f95d972263e8f.jpg,300,300,54,106
Mask,84,92,8,8,1560_jpg.rf.6d785cc7717086a20c4f95d972263e8f.jpg,300,300,92,100
Mask,94,91,6,11,1560_jpg.rf.6d785cc7717086a20c4f95d972263e8f.jpg,300,300,100,102
Mask,70,92,4,10,1560_jpg.rf.6d785cc7717086a20c4f95d972263e8f.jpg,300,300,74,102
Mask,148,90,10,12,1560_jpg.rf.6d785cc7717086a20c4f95d972263e8f.jpg,300,300,158,102
Mask,6,60,26,27,1562_jpg.rf.61e044161bf91a8a9b2a048f4ec23bc3.jpg,300,300,32,87
Mask,44,39,15,17,1562_jpg.rf.61e044161bf91a8a9b2a048f4ec23bc3.jpg,300,300,59,56
Mask,82,68,19,20,1562_jpg.rf.61e044161bf91a8a9b2a048f4ec23bc3.jpg,300,300,101,88
Mask,117,72,13,12,1562_jpg.rf.61e044161bf91a8a9b2a048f4ec23bc3.jpg,300,300,130,84
Mask,101,43,9,13,1562_jpg.rf.61e044161bf91a8a9b2a048f4ec23bc3.jpg,300,300,110,56
Mask,94,40,5,6,1562_jpg.rf.61e044161bf91a8a9b2a048f4ec23bc3.jpg,300,300,99,46
Mask,158,62,12,7,1562_jpg.rf.61e044161bf91a8a9b2a048f4ec23bc3.jpg,300,300,170,69
Mask,167,46,15,20,1562_jpg.rf.61e044161bf91a8a9b2a048f4ec23bc3.jpg,300,300,182,66
Mask,191,69,12,14,1562_jpg.rf.61e044161bf91a8a9b2a048f4ec23bc3.jpg,300,300,203,83
Mask,209,62,12,16,1562_jpg.rf.61e044161bf91a8a9b2a048f4ec23bc3.jpg,300,300,221,78
Mask,226,64,8,12,1562_jpg.rf.61e044161bf91a8a9b2a048f4ec23bc3.jpg,300,300,234,76
Mask,237,63,15,14,1562_jpg.rf.61e044161bf91a8a9b2a048f4ec23bc3.jpg,300,300,252,77
Mask,268,71,8,8,1562_jpg.rf.61e044161bf91a8a9b2a048f4ec23bc3.jpg,300,300,276,79
Mask,275,73,14,8,1562_jpg.rf.61e044161bf91a8a9b2a048f4ec23bc3.jpg,300,300,289,81
None,105,41,102,178,1563_jpg.rf.5d57e81d943110b3c98cf5ffe22e2690.jpg,300,300,207,219
None,204,4,31,79,1567_jpg.rf.ae5b405efd2b42236c5e20e15a7313da.jpg,300,300,235,83
None,242,0,37,32,1567_jpg.rf.ae5b405efd2b42236c5e20e15a7313da.jpg,300,300,279,32
None,112,69,18,33,1569_jpg.rf.5d0958ad3e8712ae65a242d54107baa1.jpg,300,300,130,102
Mask,68,96,13,12,1569_jpg.rf.5d0958ad3e8712ae65a242d54107baa1.jpg,300,300,81,108
Mask,51,87,8,11,1569_jpg.rf.5d0958ad3e8712ae65a242d54107baa1.jpg,300,300,59,98
Mask,36,86,14,20,1569_jpg.rf.5d0958ad3e8712ae65a242d54107baa1.jpg,300,300,50,106
Mask,0,77,14,20,1569_jpg.rf.5d0958ad3e8712ae65a242d54107baa1.jpg,300,300,14,97
Mask,177,70,19,20,1569_jpg.rf.5d0958ad3e8712ae65a242d54107baa1.jpg,300,300,196,90
Mask,238,162,15,26,1569_jpg.rf.5d0958ad3e8712ae65a242d54107baa1.jpg,300,300,253,188
None,139,36,118,213,1570_jpg.rf.4add5fded8b116049abaee037b975213.jpg,300,300,257,249
None,240,128,58,129,1570_jpg.rf.4add5fded8b116049abaee037b975213.jpg,300,300,298,257
None,246,48,52,86,1570_jpg.rf.4add5fded8b116049abaee037b975213.jpg,300,300,298,134
None,77,53,54,110,1570_jpg.rf.4add5fded8b116049abaee037b975213.jpg,300,300,131,163
None,15,73,65,95,1570_jpg.rf.4add5fded8b116049abaee037b975213.jpg,300,300,80,168
None,0,121,75,137,1570_jpg.rf.4add5fded8b116049abaee037b975213.jpg,300,300,75,258
None,81,0,122,203,1571_jpg.rf.626ea2449c07f0d54fd0ec2a29025895.jpg,300,300,203,203
Mask,111,95,57,51,1572_jpg.rf.9981aa62103b6cd8561559355c9702cc.jpg,300,300,168,146
Mask,119,79,63,121,1575_jpg.rf.9ad3c8fa97e8070bb0f6b70b3c199574.jpg,300,300,182,200
Mask,115,131,68,89,1576_jpg.rf.b30c012a02ca2dc5869e9b1b26a0d8f7.jpg,300,300,183,220
None,73,78,48,77,1577_jpg.rf.7fb5a9a990ed1d8b9aa39e4225409676.jpg,300,300,121,155
None,155,48,9,18,1578_jpg.rf.f6a94c8dc06d5dc607193736b0ab1702.jpg,300,300,164,66
None,107,135,11,18,1578_jpg.rf.f6a94c8dc06d5dc607193736b0ab1702.jpg,300,300,118,153
None,84,128,11,19,1578_jpg.rf.f6a94c8dc06d5dc607193736b0ab1702.jpg,300,300,95,147
None,48,112,10,16,1578_jpg.rf.f6a94c8dc06d5dc607193736b0ab1702.jpg,300,300,58,128
None,131,34,8,13,1578_jpg.rf.f6a94c8dc06d5dc607193736b0ab1702.jpg,300,300,139,47
None,118,37,8,13,1578_jpg.rf.f6a94c8dc06d5dc607193736b0ab1702.jpg,300,300,126,50
Mask,30,41,138,169,1579_jpg.rf.4a92b86459b7496435fd93226667ca77.jpg,300,300,168,210
None,24,45,92,231,1580_jpg.rf.b5459b276d8faa3605c3d1111b0500c3.jpg,300,300,116,276
None,183,20,101,259,1580_jpg.rf.b5459b276d8faa3605c3d1111b0500c3.jpg,300,300,284,279
Mask,78,125,38,57,1581_jpg.rf.4bdc0724ec12c4da8b655367c45ece48.jpg,300,300,116,182
Mask,140,144,46,60,1581_jpg.rf.4bdc0724ec12c4da8b655367c45ece48.jpg,300,300,186,204
Mask,186,108,8,9,1582_jpg.rf.0390c1b0722cb5ce33bfde35c936e35c.jpg,300,300,194,117
Mask,152,64,13,15,1582_jpg.rf.0390c1b0722cb5ce33bfde35c936e35c.jpg,300,300,165,79
Mask,270,104,10,8,1582_jpg.rf.0390c1b0722cb5ce33bfde35c936e35c.jpg,300,300,280,112
Mask,86,105,10,9,1582_jpg.rf.0390c1b0722cb5ce33bfde35c936e35c.jpg,300,300,96,114
None,46,95,11,15,1582_jpg.rf.0390c1b0722cb5ce33bfde35c936e35c.jpg,300,300,57,110
None,227,79,10,15,1582_jpg.rf.0390c1b0722cb5ce33bfde35c936e35c.jpg,300,300,237,94
Mask,84,150,100,114,1583_jpg.rf.008fd38994757dc798927b4c01a301f4.jpg,300,300,184,264
Mask,61,150,190,150,1584_jpg.rf.02a1fe3e148f2ffca9f4c6bffafa2149.jpg,300,300,251,300
Mask,5,72,15,16,1585_jpg.rf.83b456c2cbc5348b75cb47955788271b.jpg,300,300,20,88
Mask,50,66,16,20,1585_jpg.rf.83b456c2cbc5348b75cb47955788271b.jpg,300,300,66,86
Mask,34,80,13,20,1585_jpg.rf.83b456c2cbc5348b75cb47955788271b.jpg,300,300,47,100
Mask,81,81,16,18,1585_jpg.rf.83b456c2cbc5348b75cb47955788271b.jpg,300,300,97,99
Mask,96,58,16,15,1585_jpg.rf.83b456c2cbc5348b75cb47955788271b.jpg,300,300,112,73
Mask,98,84,14,13,1585_jpg.rf.83b456c2cbc5348b75cb47955788271b.jpg,300,300,112,97
Mask,127,61,15,16,1585_jpg.rf.83b456c2cbc5348b75cb47955788271b.jpg,300,300,142,77
Mask,142,76,13,7,1585_jpg.rf.83b456c2cbc5348b75cb47955788271b.jpg,300,300,155,83
Mask,152,58,4,9,1585_jpg.rf.83b456c2cbc5348b75cb47955788271b.jpg,300,300,156,67
Mask,163,64,10,13,1585_jpg.rf.83b456c2cbc5348b75cb47955788271b.jpg,300,300,173,77
Mask,180,66,12,10,1585_jpg.rf.83b456c2cbc5348b75cb47955788271b.jpg,300,300,192,76
Mask,172,62,7,16,1585_jpg.rf.83b456c2cbc5348b75cb47955788271b.jpg,300,300,179,78
Mask,203,58,7,10,1585_jpg.rf.83b456c2cbc5348b75cb47955788271b.jpg,300,300,210,68
Mask,213,69,10,12,1585_jpg.rf.83b456c2cbc5348b75cb47955788271b.jpg,300,300,223,81
Mask,221,73,9,8,1585_jpg.rf.83b456c2cbc5348b75cb47955788271b.jpg,300,300,230,81
Mask,226,56,8,8,1585_jpg.rf.83b456c2cbc5348b75cb47955788271b.jpg,300,300,234,64
Mask,238,59,8,11,1585_jpg.rf.83b456c2cbc5348b75cb47955788271b.jpg,300,300,246,70
Mask,253,66,5,10,1585_jpg.rf.83b456c2cbc5348b75cb47955788271b.jpg,300,300,258,76
Mask,227,127,12,14,1585_jpg.rf.83b456c2cbc5348b75cb47955788271b.jpg,300,300,239,141
Mask,119,265,69,35,1586_jpg.rf.c4dadaa304405e116c6373ac526b1300.jpg,300,300,188,300
Mask,16,65,18,21,1587_jpg.rf.08a854188a214f585ba8357271a12324.jpg,300,300,34,86
Mask,126,57,25,21,1587_jpg.rf.08a854188a214f585ba8357271a12324.jpg,300,300,151,78
Mask,226,8,22,13,1587_jpg.rf.08a854188a214f585ba8357271a12324.jpg,300,300,248,21
None,104,16,20,35,1587_jpg.rf.08a854188a214f585ba8357271a12324.jpg,300,300,124,51
Mask,172,87,16,13,1588_jpg.rf.0029bdb3cfffa5613a446dc0baa01117.jpg,300,300,188,100
Mask,110,101,14,12,1588_jpg.rf.0029bdb3cfffa5613a446dc0baa01117.jpg,300,300,124,113
Mask,252,120,19,16,1589_jpg.rf.1761900c1591b108771443bf092d5a6d.jpg,300,300,271,136
Mask,113,122,21,17,1589_jpg.rf.1761900c1591b108771443bf092d5a6d.jpg,300,300,134,139
Mask,81,123,100,136,1590_jpg.rf.d4c23238a3777b3b809dfb62ce34cfda.jpg,300,300,181,259
None,143,122,14,23,1591_jpg.rf.561ba248009e8c648ed5874bbecd475d.jpg,300,300,157,145
None,235,224,10,11,1591_jpg.rf.561ba248009e8c648ed5874bbecd475d.jpg,300,300,245,235
None,40,230,13,17,1591_jpg.rf.561ba248009e8c648ed5874bbecd475d.jpg,300,300,53,247
None,2,224,11,15,1591_jpg.rf.561ba248009e8c648ed5874bbecd475d.jpg,300,300,13,239
None,0,188,6,20,1591_jpg.rf.561ba248009e8c648ed5874bbecd475d.jpg,300,300,6,208
None,36,170,9,21,1591_jpg.rf.561ba248009e8c648ed5874bbecd475d.jpg,300,300,45,191
None,87,154,9,9,1591_jpg.rf.561ba248009e8c648ed5874bbecd475d.jpg,300,300,96,163
None,39,99,8,17,1591_jpg.rf.561ba248009e8c648ed5874bbecd475d.jpg,300,300,47,116
None,48,89,9,21,1591_jpg.rf.561ba248009e8c648ed5874bbecd475d.jpg,300,300,57,110
None,0,96,7,19,1591_jpg.rf.561ba248009e8c648ed5874bbecd475d.jpg,300,300,7,115
None,100,58,12,16,1591_jpg.rf.561ba248009e8c648ed5874bbecd475d.jpg,300,300,112,74
None,63,58,9,12,1591_jpg.rf.561ba248009e8c648ed5874bbecd475d.jpg,300,300,72,70
None,30,61,8,12,1591_jpg.rf.561ba248009e8c648ed5874bbecd475d.jpg,300,300,38,73
None,12,14,10,14,1591_jpg.rf.561ba248009e8c648ed5874bbecd475d.jpg,300,300,22,28
None,36,18,10,14,1591_jpg.rf.561ba248009e8c648ed5874bbecd475d.jpg,300,300,46,32
None,96,10,8,18,1591_jpg.rf.561ba248009e8c648ed5874bbecd475d.jpg,300,300,104,28
None,119,13,10,15,1591_jpg.rf.561ba248009e8c648ed5874bbecd475d.jpg,300,300,129,28
None,162,8,8,16,1591_jpg.rf.561ba248009e8c648ed5874bbecd475d.jpg,300,300,170,24
None,141,24,8,13,1591_jpg.rf.561ba248009e8c648ed5874bbecd475d.jpg,300,300,149,37
None,205,18,11,18,1591_jpg.rf.561ba248009e8c648ed5874bbecd475d.jpg,300,300,216,36
None,242,4,7,7,1591_jpg.rf.561ba248009e8c648ed5874bbecd475d.jpg,300,300,249,11
None,277,90,10,10,1591_jpg.rf.561ba248009e8c648ed5874bbecd475d.jpg,300,300,287,100
None,277,62,9,12,1591_jpg.rf.561ba248009e8c648ed5874bbecd475d.jpg,300,300,286,74
None,241,74,8,17,1591_jpg.rf.561ba248009e8c648ed5874bbecd475d.jpg,300,300,249,91
None,220,49,10,13,1591_jpg.rf.561ba248009e8c648ed5874bbecd475d.jpg,300,300,230,62
None,180,51,15,17,1591_jpg.rf.561ba248009e8c648ed5874bbecd475d.jpg,300,300,195,68
None,172,29,10,12,1591_jpg.rf.561ba248009e8c648ed5874bbecd475d.jpg,300,300,182,41
None,170,79,13,17,1591_jpg.rf.561ba248009e8c648ed5874bbecd475d.jpg,300,300,183,96
None,199,89,15,17,1591_jpg.rf.561ba248009e8c648ed5874bbecd475d.jpg,300,300,214,106
None,145,81,12,16,1591_jpg.rf.561ba248009e8c648ed5874bbecd475d.jpg,300,300,157,97
None,219,203,12,14,1591_jpg.rf.561ba248009e8c648ed5874bbecd475d.jpg,300,300,231,217
None,181,140,12,18,1591_jpg.rf.561ba248009e8c648ed5874bbecd475d.jpg,300,300,193,158
None,280,140,12,18,1591_jpg.rf.561ba248009e8c648ed5874bbecd475d.jpg,300,300,292,158
None,227,119,11,16,1591_jpg.rf.561ba248009e8c648ed5874bbecd475d.jpg,300,300,238,135
None,210,115,13,13,1591_jpg.rf.561ba248009e8c648ed5874bbecd475d.jpg,300,300,223,128
Mask,173,115,13,13,1591_jpg.rf.561ba248009e8c648ed5874bbecd475d.jpg,300,300,186,128
Mask,104,121,13,12,1591_jpg.rf.561ba248009e8c648ed5874bbecd475d.jpg,300,300,117,133
Mask,66,126,11,9,1591_jpg.rf.561ba248009e8c648ed5874bbecd475d.jpg,300,300,77,135
None,73,38,10,16,1591_jpg.rf.561ba248009e8c648ed5874bbecd475d.jpg,300,300,83,54
None,45,164,9,16,1591_jpg.rf.561ba248009e8c648ed5874bbecd475d.jpg,300,300,54,180
Mask,167,175,13,13,1591_jpg.rf.561ba248009e8c648ed5874bbecd475d.jpg,300,300,180,188
None,287,18,12,14,1591_jpg.rf.561ba248009e8c648ed5874bbecd475d.jpg,300,300,299,32
None,115,55,86,145,1592_jpg.rf.6cc017c52bf906d3281396e69842d17d.jpg,300,300,201,200
Mask,183,108,45,55,1593_jpg.rf.f456ba0424a9fab6028ad80546f04d44.jpg,300,300,228,163
Mask,239,65,26,33,1593_jpg.rf.f456ba0424a9fab6028ad80546f04d44.jpg,300,300,265,98
Mask,99,59,23,27,1593_jpg.rf.f456ba0424a9fab6028ad80546f04d44.jpg,300,300,122,86
Mask,38,69,19,21,1593_jpg.rf.f456ba0424a9fab6028ad80546f04d44.jpg,300,300,57,90
Mask,151,126,32,37,1595_jpg.rf.9f210fa1490af37c1b683418bf206c09.jpg,300,300,183,163
Mask,220,150,36,40,1595_jpg.rf.9f210fa1490af37c1b683418bf206c09.jpg,300,300,256,190
Mask,103,117,31,36,1595_jpg.rf.9f210fa1490af37c1b683418bf206c09.jpg,300,300,134,153
Mask,58,87,30,45,1595_jpg.rf.9f210fa1490af37c1b683418bf206c09.jpg,300,300,88,132
Mask,181,90,24,36,1595_jpg.rf.9f210fa1490af37c1b683418bf206c09.jpg,300,300,205,126
Mask,122,68,23,30,1595_jpg.rf.9f210fa1490af37c1b683418bf206c09.jpg,300,300,145,98
Mask,147,56,14,34,1595_jpg.rf.9f210fa1490af37c1b683418bf206c09.jpg,300,300,161,90
None,103,103,11,17,1596_jpg.rf.fcc7115c99bcfec2b3e0e1f8173badb5.jpg,300,300,114,120
None,285,100,13,36,1596_jpg.rf.fcc7115c99bcfec2b3e0e1f8173badb5.jpg,300,300,298,136
None,233,142,14,28,1596_jpg.rf.fcc7115c99bcfec2b3e0e1f8173badb5.jpg,300,300,247,170
None,184,117,14,33,1596_jpg.rf.fcc7115c99bcfec2b3e0e1f8173badb5.jpg,300,300,198,150
None,130,100,8,17,1596_jpg.rf.fcc7115c99bcfec2b3e0e1f8173badb5.jpg,300,300,138,117
None,89,150,20,34,1596_jpg.rf.fcc7115c99bcfec2b3e0e1f8173badb5.jpg,300,300,109,184
None,64,123,13,28,1596_jpg.rf.fcc7115c99bcfec2b3e0e1f8173badb5.jpg,300,300,77,151
Mask,51,124,13,15,1596_jpg.rf.fcc7115c99bcfec2b3e0e1f8173badb5.jpg,300,300,64,139
None,120,161,11,18,1596_jpg.rf.fcc7115c99bcfec2b3e0e1f8173badb5.jpg,300,300,131,179
None,50,202,12,21,1596_jpg.rf.fcc7115c99bcfec2b3e0e1f8173badb5.jpg,300,300,62,223
Mask,74,122,74,75,1598_jpg.rf.e0947e88bf4695238611e11249e3d142.jpg,300,300,148,197
Mask,222,100,52,118,1598_jpg.rf.e0947e88bf4695238611e11249e3d142.jpg,300,300,274,218
Mask,112,147,91,99,1599_jpg.rf.6bef915de20f41aa069a023d07a3e576.jpg,300,300,203,246
Mask,99,106,15,13,1602_jpg.rf.8e7f6fb14a42970ca06198e808be3394.jpg,300,300,114,119
Mask,120,92,12,11,1602_jpg.rf.8e7f6fb14a42970ca06198e808be3394.jpg,300,300,132,103
Mask,137,104,12,12,1602_jpg.rf.8e7f6fb14a42970ca06198e808be3394.jpg,300,300,149,116
Mask,161,120,14,15,1602_jpg.rf.8e7f6fb14a42970ca06198e808be3394.jpg,300,300,175,135
Mask,183,101,9,9,1602_jpg.rf.8e7f6fb14a42970ca06198e808be3394.jpg,300,300,192,110
Mask,166,97,10,5,1602_jpg.rf.8e7f6fb14a42970ca06198e808be3394.jpg,300,300,176,102
Mask,241,125,13,11,1602_jpg.rf.8e7f6fb14a42970ca06198e808be3394.jpg,300,300,254,136
Mask,138,155,21,18,1602_jpg.rf.8e7f6fb14a42970ca06198e808be3394.jpg,300,300,159,173
Mask,180,200,28,31,1602_jpg.rf.8e7f6fb14a42970ca06198e808be3394.jpg,300,300,208,231
Mask,262,214,25,27,1602_jpg.rf.8e7f6fb14a42970ca06198e808be3394.jpg,300,300,287,241
Mask,285,157,12,16,1602_jpg.rf.8e7f6fb14a42970ca06198e808be3394.jpg,300,300,297,173
Mask,251,160,19,20,1602_jpg.rf.8e7f6fb14a42970ca06198e808be3394.jpg,300,300,270,180
Mask,18,129,23,18,1602_jpg.rf.8e7f6fb14a42970ca06198e808be3394.jpg,300,300,41,147
Mask,0,173,23,33,1602_jpg.rf.8e7f6fb14a42970ca06198e808be3394.jpg,300,300,23,206
None,181,174,11,19,1606_jpg.rf.d0da946e3c7a9308c2b2a9f9c8eef641.jpg,300,300,192,193
None,145,150,9,14,1606_jpg.rf.d0da946e3c7a9308c2b2a9f9c8eef641.jpg,300,300,154,164
None,96,182,13,21,1606_jpg.rf.d0da946e3c7a9308c2b2a9f9c8eef641.jpg,300,300,109,203
None,85,146,9,13,1606_jpg.rf.d0da946e3c7a9308c2b2a9f9c8eef641.jpg,300,300,94,159
None,59,155,11,14,1606_jpg.rf.d0da946e3c7a9308c2b2a9f9c8eef641.jpg,300,300,70,169
None,253,144,15,8,1606_jpg.rf.d0da946e3c7a9308c2b2a9f9c8eef641.jpg,300,300,268,152
None,142,21,50,113,1607_jpg.rf.ca2ba426f4e47a6f31a16280e514154d.jpg,300,300,192,134
None,172,43,38,85,1609_jpg.rf.82f6cbdf96a704d940781b4a057d291d.jpg,300,300,210,128
None,96,93,31,81,1609_jpg.rf.82f6cbdf96a704d940781b4a057d291d.jpg,300,300,127,174
Mask,116,182,7,7,1610_jpg.rf.db569857c553cb7f2c8f92fe2e09e69a.jpg,300,300,123,189
Mask,249,174,5,5,1610_jpg.rf.db569857c553cb7f2c8f92fe2e09e69a.jpg,300,300,254,179
Mask,269,171,3,5,1610_jpg.rf.db569857c553cb7f2c8f92fe2e09e69a.jpg,300,300,272,176
Mask,159,151,16,13,1615_jpg.rf.23677a4148ea1622f89859a5a80756b1.jpg,300,300,175,164
Mask,72,148,22,24,1615_jpg.rf.23677a4148ea1622f89859a5a80756b1.jpg,300,300,94,172
Mask,105,158,14,19,1615_jpg.rf.23677a4148ea1622f89859a5a80756b1.jpg,300,300,119,177
None,120,149,18,33,1615_jpg.rf.23677a4148ea1622f89859a5a80756b1.jpg,300,300,138,182
Mask,144,170,18,21,1615_jpg.rf.23677a4148ea1622f89859a5a80756b1.jpg,300,300,162,191
Mask,206,157,14,18,1615_jpg.rf.23677a4148ea1622f89859a5a80756b1.jpg,300,300,220,175
Mask,185,147,10,7,1615_jpg.rf.23677a4148ea1622f89859a5a80756b1.jpg,300,300,195,154
Mask,238,148,7,13,1615_jpg.rf.23677a4148ea1622f89859a5a80756b1.jpg,300,300,245,161
Mask,83,84,7,8,1616_jpg.rf.9a91ab3eddd04e2842f35faa0b34ccda.jpg,300,300,90,92
Mask,204,71,13,17,1616_jpg.rf.9a91ab3eddd04e2842f35faa0b34ccda.jpg,300,300,217,88
Mask,133,91,8,7,1616_jpg.rf.9a91ab3eddd04e2842f35faa0b34ccda.jpg,300,300,141,98
Mask,117,101,11,11,1616_jpg.rf.9a91ab3eddd04e2842f35faa0b34ccda.jpg,300,300,128,112
None,99,74,11,26,1616_jpg.rf.9a91ab3eddd04e2842f35faa0b34ccda.jpg,300,300,110,100
Mask,255,69,12,25,1616_jpg.rf.9a91ab3eddd04e2842f35faa0b34ccda.jpg,300,300,267,94
None,218,158,34,61,1618_jpg.rf.2d0bc6731b02d737c5ebfea699125736.jpg,300,300,252,219
Mask,128,143,51,71,1618_jpg.rf.2d0bc6731b02d737c5ebfea699125736.jpg,300,300,179,214
Mask,32,170,48,59,1618_jpg.rf.2d0bc6731b02d737c5ebfea699125736.jpg,300,300,80,229
Mask,233,67,25,30,1622_jpg.rf.e28284ff029d8d59311dd914704ea8a9.jpg,300,300,258,97
None,217,79,9,16,1622_jpg.rf.e28284ff029d8d59311dd914704ea8a9.jpg,300,300,226,95
None,174,40,8,13,1622_jpg.rf.e28284ff029d8d59311dd914704ea8a9.jpg,300,300,182,53
None,114,92,9,10,1622_jpg.rf.e28284ff029d8d59311dd914704ea8a9.jpg,300,300,123,102
None,97,87,12,19,1622_jpg.rf.e28284ff029d8d59311dd914704ea8a9.jpg,300,300,109,106
None,56,96,15,16,1622_jpg.rf.e28284ff029d8d59311dd914704ea8a9.jpg,300,300,71,112
None,30,95,21,21,1622_jpg.rf.e28284ff029d8d59311dd914704ea8a9.jpg,300,300,51,116
Mask,56,67,13,22,1626_jpg.rf.7648ef4e05c38bb598b522e94ee14123.jpg,300,300,69,89
Mask,112,81,25,25,1626_jpg.rf.7648ef4e05c38bb598b522e94ee14123.jpg,300,300,137,106
Mask,153,69,27,33,1626_jpg.rf.7648ef4e05c38bb598b522e94ee14123.jpg,300,300,180,102
Mask,281,160,8,13,1627_jpg.rf.d6d559c677840111d46c1f67e25ad203.jpg,300,300,289,173
Mask,129,123,40,64,1627_jpg.rf.d6d559c677840111d46c1f67e25ad203.jpg,300,300,169,187
Mask,213,132,4,11,1627_jpg.rf.d6d559c677840111d46c1f67e25ad203.jpg,300,300,217,143
Mask,180,107,18,21,1630_jpg.rf.73ca13fafb9cd3dd7a66d495ea4521f1.jpg,300,300,198,128
None,160,83,15,30,1630_jpg.rf.73ca13fafb9cd3dd7a66d495ea4521f1.jpg,300,300,175,113
Mask,135,138,20,25,1631_jpg.rf.a23bfac899b6c4c87238843519dabaaf.jpg,300,300,155,163
Mask,165,165,19,19,1631_jpg.rf.a23bfac899b6c4c87238843519dabaaf.jpg,300,300,184,184
Mask,205,185,18,25,1631_jpg.rf.a23bfac899b6c4c87238843519dabaaf.jpg,300,300,223,210
Mask,231,188,17,15,1631_jpg.rf.a23bfac899b6c4c87238843519dabaaf.jpg,300,300,248,203
Mask,247,227,27,26,1631_jpg.rf.a23bfac899b6c4c87238843519dabaaf.jpg,300,300,274,253
Mask,239,278,26,22,1631_jpg.rf.a23bfac899b6c4c87238843519dabaaf.jpg,300,300,265,300
Mask,201,278,27,22,1631_jpg.rf.a23bfac899b6c4c87238843519dabaaf.jpg,300,300,228,300
Mask,158,231,23,25,1631_jpg.rf.a23bfac899b6c4c87238843519dabaaf.jpg,300,300,181,256
Mask,182,235,14,23,1631_jpg.rf.a23bfac899b6c4c87238843519dabaaf.jpg,300,300,196,258
Mask,104,214,24,28,1631_jpg.rf.a23bfac899b6c4c87238843519dabaaf.jpg,300,300,128,242
Mask,33,218,22,26,1631_jpg.rf.a23bfac899b6c4c87238843519dabaaf.jpg,300,300,55,244
Mask,71,239,23,25,1631_jpg.rf.a23bfac899b6c4c87238843519dabaaf.jpg,300,300,94,264
Mask,3,189,22,17,1631_jpg.rf.a23bfac899b6c4c87238843519dabaaf.jpg,300,300,25,206
Mask,3,143,25,20,1631_jpg.rf.a23bfac899b6c4c87238843519dabaaf.jpg,300,300,28,163
Mask,68,151,23,14,1631_jpg.rf.a23bfac899b6c4c87238843519dabaaf.jpg,300,300,91,165
Mask,45,153,19,17,1631_jpg.rf.a23bfac899b6c4c87238843519dabaaf.jpg,300,300,64,170
Mask,30,154,12,16,1631_jpg.rf.a23bfac899b6c4c87238843519dabaaf.jpg,300,300,42,170
Mask,39,118,15,12,1631_jpg.rf.a23bfac899b6c4c87238843519dabaaf.jpg,300,300,54,130
Mask,64,99,18,18,1631_jpg.rf.a23bfac899b6c4c87238843519dabaaf.jpg,300,300,82,117
Mask,23,123,14,15,1631_jpg.rf.a23bfac899b6c4c87238843519dabaaf.jpg,300,300,37,138
Mask,141,223,20,20,1631_jpg.rf.a23bfac899b6c4c87238843519dabaaf.jpg,300,300,161,243
Mask,195,148,15,16,1631_jpg.rf.a23bfac899b6c4c87238843519dabaaf.jpg,300,300,210,164
Mask,268,172,17,21,1631_jpg.rf.a23bfac899b6c4c87238843519dabaaf.jpg,300,300,285,193
Mask,290,201,10,22,1631_jpg.rf.a23bfac899b6c4c87238843519dabaaf.jpg,300,300,300,223
Mask,281,229,17,24,1631_jpg.rf.a23bfac899b6c4c87238843519dabaaf.jpg,300,300,298,253
Mask,221,118,15,16,1631_jpg.rf.a23bfac899b6c4c87238843519dabaaf.jpg,300,300,236,134
Mask,237,107,16,20,1631_jpg.rf.a23bfac899b6c4c87238843519dabaaf.jpg,300,300,253,127
Mask,158,131,10,15,1631_jpg.rf.a23bfac899b6c4c87238843519dabaaf.jpg,300,300,168,146
Mask,91,103,18,18,1631_jpg.rf.a23bfac899b6c4c87238843519dabaaf.jpg,300,300,109,121
Mask,26,75,20,17,1631_jpg.rf.a23bfac899b6c4c87238843519dabaaf.jpg,300,300,46,92
Mask,196,60,12,15,1631_jpg.rf.a23bfac899b6c4c87238843519dabaaf.jpg,300,300,208,75
Mask,215,56,11,15,1631_jpg.rf.a23bfac899b6c4c87238843519dabaaf.jpg,300,300,226,71
Mask,94,40,11,11,1631_jpg.rf.a23bfac899b6c4c87238843519dabaaf.jpg,300,300,105,51
Mask,69,189,16,19,1631_jpg.rf.a23bfac899b6c4c87238843519dabaaf.jpg,300,300,85,208
Mask,262,98,13,20,1631_jpg.rf.a23bfac899b6c4c87238843519dabaaf.jpg,300,300,275,118
Mask,154,23,14,16,1631_jpg.rf.a23bfac899b6c4c87238843519dabaaf.jpg,300,300,168,39
None,129,194,38,40,1633_jpg.rf.9718063ea7c752ac092678733c9e6752.jpg,300,300,167,234
None,58,36,29,81,1637_jpg.rf.bad1fd076203bf5651e4b00440213e27.jpg,300,300,87,117
Mask,28,74,23,46,1637_jpg.rf.bad1fd076203bf5651e4b00440213e27.jpg,300,300,51,120
Mask,140,91,32,40,1637_jpg.rf.bad1fd076203bf5651e4b00440213e27.jpg,300,300,172,131
Mask,196,55,32,44,1637_jpg.rf.bad1fd076203bf5651e4b00440213e27.jpg,300,300,228,99
None,99,114,21,42,1638_jpg.rf.9be8d06b3c6166a19fae074dda748121.jpg,300,300,120,156
None,32,84,26,41,1638_jpg.rf.9be8d06b3c6166a19fae074dda748121.jpg,300,300,58,125
None,169,68,18,27,1638_jpg.rf.9be8d06b3c6166a19fae074dda748121.jpg,300,300,187,95
None,239,111,24,41,1638_jpg.rf.9be8d06b3c6166a19fae074dda748121.jpg,300,300,263,152
None,263,112,14,40,1638_jpg.rf.9be8d06b3c6166a19fae074dda748121.jpg,300,300,277,152
None,283,51,16,29,1638_jpg.rf.9be8d06b3c6166a19fae074dda748121.jpg,300,300,299,80
None,251,28,12,20,1638_jpg.rf.9be8d06b3c6166a19fae074dda748121.jpg,300,300,263,48
Mask,138,92,20,22,1638_jpg.rf.9be8d06b3c6166a19fae074dda748121.jpg,300,300,158,114
Mask,224,51,12,16,1638_jpg.rf.9be8d06b3c6166a19fae074dda748121.jpg,300,300,236,67
None,132,35,22,43,1639_jpg.rf.fe88b36d51ebb68120c004d518adbc76.jpg,300,300,154,78
None,257,3,20,33,1639_jpg.rf.fe88b36d51ebb68120c004d518adbc76.jpg,300,300,277,36
None,287,20,13,43,1639_jpg.rf.fe88b36d51ebb68120c004d518adbc76.jpg,300,300,300,63
None,251,42,25,46,1639_jpg.rf.fe88b36d51ebb68120c004d518adbc76.jpg,300,300,276,88
None,196,26,18,41,1639_jpg.rf.fe88b36d51ebb68120c004d518adbc76.jpg,300,300,214,67
None,223,41,10,30,1639_jpg.rf.fe88b36d51ebb68120c004d518adbc76.jpg,300,300,233,71
None,165,66,28,59,1639_jpg.rf.fe88b36d51ebb68120c004d518adbc76.jpg,300,300,193,125
None,89,89,26,56,1639_jpg.rf.fe88b36d51ebb68120c004d518adbc76.jpg,300,300,115,145
None,68,82,18,42,1639_jpg.rf.fe88b36d51ebb68120c004d518adbc76.jpg,300,300,86,124
None,77,39,16,37,1639_jpg.rf.fe88b36d51ebb68120c004d518adbc76.jpg,300,300,93,76
None,99,56,13,21,1639_jpg.rf.fe88b36d51ebb68120c004d518adbc76.jpg,300,300,112,77
None,41,48,14,29,1639_jpg.rf.fe88b36d51ebb68120c004d518adbc76.jpg,300,300,55,77
None,29,72,15,28,1639_jpg.rf.fe88b36d51ebb68120c004d518adbc76.jpg,300,300,44,100
None,0,66,20,64,1639_jpg.rf.fe88b36d51ebb68120c004d518adbc76.jpg,300,300,20,130
None,102,25,12,27,1639_jpg.rf.fe88b36d51ebb68120c004d518adbc76.jpg,300,300,114,52
None,152,23,20,37,1639_jpg.rf.fe88b36d51ebb68120c004d518adbc76.jpg,300,300,172,60
None,118,31,11,33,1639_jpg.rf.fe88b36d51ebb68120c004d518adbc76.jpg,300,300,129,64
Mask,74,44,11,14,1641_jpg.rf.69d08350c7fb6f0056dbdd7d2d0e2f51.jpg,300,300,85,58
Mask,122,63,19,18,1641_jpg.rf.69d08350c7fb6f0056dbdd7d2d0e2f51.jpg,300,300,141,81
Mask,235,56,12,10,1641_jpg.rf.69d08350c7fb6f0056dbdd7d2d0e2f51.jpg,300,300,247,66
Helmet,117,36,29,26,1641_jpg.rf.69d08350c7fb6f0056dbdd7d2d0e2f51.jpg,300,300,146,62
Helmet,234,37,20,21,1641_jpg.rf.69d08350c7fb6f0056dbdd7d2d0e2f51.jpg,300,300,254,58
Mask,57,147,13,23,1643_jpg.rf.885627afe46184303e3393f261e089f0.jpg,300,300,70,170
Mask,59,101,12,14,1643_jpg.rf.885627afe46184303e3393f261e089f0.jpg,300,300,71,115
Mask,107,46,8,10,1643_jpg.rf.885627afe46184303e3393f261e089f0.jpg,300,300,115,56
Mask,125,33,7,10,1643_jpg.rf.885627afe46184303e3393f261e089f0.jpg,300,300,132,43
Mask,186,8,11,9,1643_jpg.rf.885627afe46184303e3393f261e089f0.jpg,300,300,197,17
Mask,172,43,11,10,1643_jpg.rf.885627afe46184303e3393f261e089f0.jpg,300,300,183,53
Mask,151,81,12,13,1643_jpg.rf.885627afe46184303e3393f261e089f0.jpg,300,300,163,94
Mask,229,51,15,15,1643_jpg.rf.885627afe46184303e3393f261e089f0.jpg,300,300,244,66
Mask,245,127,14,22,1643_jpg.rf.885627afe46184303e3393f261e089f0.jpg,300,300,259,149
Mask,249,15,10,11,1643_jpg.rf.885627afe46184303e3393f261e089f0.jpg,300,300,259,26
Mask,237,28,10,8,1643_jpg.rf.885627afe46184303e3393f261e089f0.jpg,300,300,247,36
None,228,0,17,21,1644_jpg.rf.d0a7ec93496b7a341cb3d649ea026c29.jpg,300,300,245,21
Mask,189,163,32,49,1644_jpg.rf.d0a7ec93496b7a341cb3d649ea026c29.jpg,300,300,221,212
Mask,74,241,35,31,1644_jpg.rf.d0a7ec93496b7a341cb3d649ea026c29.jpg,300,300,109,272
None,55,92,15,41,1646_jpg.rf.5cdfd2ec8ed89d5a4f772a67e4f56332.jpg,300,300,70,133
None,137,77,11,28,1646_jpg.rf.5cdfd2ec8ed89d5a4f772a67e4f56332.jpg,300,300,148,105
None,28,65,16,25,1646_jpg.rf.5cdfd2ec8ed89d5a4f772a67e4f56332.jpg,300,300,44,90
None,86,75,12,25,1646_jpg.rf.5cdfd2ec8ed89d5a4f772a67e4f56332.jpg,300,300,98,100
None,94,69,8,26,1646_jpg.rf.5cdfd2ec8ed89d5a4f772a67e4f56332.jpg,300,300,102,95
None,105,70,12,32,1646_jpg.rf.5cdfd2ec8ed89d5a4f772a67e4f56332.jpg,300,300,117,102
None,116,82,13,24,1646_jpg.rf.5cdfd2ec8ed89d5a4f772a67e4f56332.jpg,300,300,129,106
None,46,18,7,21,1646_jpg.rf.5cdfd2ec8ed89d5a4f772a67e4f56332.jpg,300,300,53,39
None,236,74,12,26,1646_jpg.rf.5cdfd2ec8ed89d5a4f772a67e4f56332.jpg,300,300,248,100
None,213,76,12,26,1646_jpg.rf.5cdfd2ec8ed89d5a4f772a67e4f56332.jpg,300,300,225,102
None,197,78,12,27,1646_jpg.rf.5cdfd2ec8ed89d5a4f772a67e4f56332.jpg,300,300,209,105
None,183,59,14,33,1646_jpg.rf.5cdfd2ec8ed89d5a4f772a67e4f56332.jpg,300,300,197,92
None,171,62,13,28,1646_jpg.rf.5cdfd2ec8ed89d5a4f772a67e4f56332.jpg,300,300,184,90
None,25,101,13,41,1646_jpg.rf.5cdfd2ec8ed89d5a4f772a67e4f56332.jpg,300,300,38,142
None,3,100,14,38,1646_jpg.rf.5cdfd2ec8ed89d5a4f772a67e4f56332.jpg,300,300,17,138
None,165,101,11,27,1646_jpg.rf.5cdfd2ec8ed89d5a4f772a67e4f56332.jpg,300,300,176,128
None,180,109,8,24,1646_jpg.rf.5cdfd2ec8ed89d5a4f772a67e4f56332.jpg,300,300,188,133
None,155,99,10,29,1646_jpg.rf.5cdfd2ec8ed89d5a4f772a67e4f56332.jpg,300,300,165,128
None,155,62,12,30,1646_jpg.rf.5cdfd2ec8ed89d5a4f772a67e4f56332.jpg,300,300,167,92
None,145,61,10,29,1646_jpg.rf.5cdfd2ec8ed89d5a4f772a67e4f56332.jpg,300,300,155,90
None,63,71,15,33,1646_jpg.rf.5cdfd2ec8ed89d5a4f772a67e4f56332.jpg,300,300,78,104
Mask,173,68,14,22,1647_jpg.rf.fb5b596a4b590c6ddb64226c2643fbd8.jpg,300,300,187,90
Mask,213,97,16,15,1647_jpg.rf.fb5b596a4b590c6ddb64226c2643fbd8.jpg,300,300,229,112
Mask,238,110,24,38,1647_jpg.rf.fb5b596a4b590c6ddb64226c2643fbd8.jpg,300,300,262,148
Mask,196,56,38,48,1648_jpg.rf.3f8555a72c4ea3fb328ae5e4c6a15a1f.jpg,300,300,234,104
Mask,134,90,25,35,1648_jpg.rf.3f8555a72c4ea3fb328ae5e4c6a15a1f.jpg,300,300,159,125
Mask,62,81,30,39,1648_jpg.rf.3f8555a72c4ea3fb328ae5e4c6a15a1f.jpg,300,300,92,120
None,135,101,15,26,1650_jpg.rf.902927d5d9c9083d5ebe79677dd2f45b.jpg,300,300,150,127
Mask,236,92,13,30,1650_jpg.rf.902927d5d9c9083d5ebe79677dd2f45b.jpg,300,300,249,122
Mask,201,99,17,22,1650_jpg.rf.902927d5d9c9083d5ebe79677dd2f45b.jpg,300,300,218,121
Mask,34,116,16,14,1650_jpg.rf.902927d5d9c9083d5ebe79677dd2f45b.jpg,300,300,50,130
Mask,243,43,13,16,1651_jpg.rf.a6ecda2dc454e76c84bbdaf48e5774d6.jpg,300,300,256,59
Mask,38,54,19,16,1651_jpg.rf.a6ecda2dc454e76c84bbdaf48e5774d6.jpg,300,300,57,70
Mask,16,79,19,25,1651_jpg.rf.a6ecda2dc454e76c84bbdaf48e5774d6.jpg,300,300,35,104
Mask,195,60,15,16,1653_jpg.rf.94a291fbd14caae5a59fb46fe7bac5f8.jpg,300,300,210,76
Mask,220,117,16,16,1653_jpg.rf.94a291fbd14caae5a59fb46fe7bac5f8.jpg,300,300,236,133
Mask,194,147,18,17,1653_jpg.rf.94a291fbd14caae5a59fb46fe7bac5f8.jpg,300,300,212,164
Mask,135,138,20,25,1653_jpg.rf.94a291fbd14caae5a59fb46fe7bac5f8.jpg,300,300,155,163
Mask,164,162,18,21,1653_jpg.rf.94a291fbd14caae5a59fb46fe7bac5f8.jpg,300,300,182,183
Mask,203,186,23,23,1653_jpg.rf.94a291fbd14caae5a59fb46fe7bac5f8.jpg,300,300,226,209
Mask,251,226,21,26,1653_jpg.rf.94a291fbd14caae5a59fb46fe7bac5f8.jpg,300,300,272,252
Mask,232,186,18,20,1653_jpg.rf.94a291fbd14caae5a59fb46fe7bac5f8.jpg,300,300,250,206
Mask,268,174,19,18,1653_jpg.rf.94a291fbd14caae5a59fb46fe7bac5f8.jpg,300,300,287,192
Mask,158,229,18,24,1653_jpg.rf.94a291fbd14caae5a59fb46fe7bac5f8.jpg,300,300,176,253
Mask,178,231,22,27,1653_jpg.rf.94a291fbd14caae5a59fb46fe7bac5f8.jpg,300,300,200,258
Mask,202,276,23,22,1653_jpg.rf.94a291fbd14caae5a59fb46fe7bac5f8.jpg,300,300,225,298
Mask,241,280,25,20,1653_jpg.rf.94a291fbd14caae5a59fb46fe7bac5f8.jpg,300,300,266,300
Mask,281,230,16,21,1653_jpg.rf.94a291fbd14caae5a59fb46fe7bac5f8.jpg,300,300,297,251
Mask,68,238,28,20,1653_jpg.rf.94a291fbd14caae5a59fb46fe7bac5f8.jpg,300,300,96,258
Mask,32,219,25,21,1653_jpg.rf.94a291fbd14caae5a59fb46fe7bac5f8.jpg,300,300,57,240
Mask,2,188,22,18,1653_jpg.rf.94a291fbd14caae5a59fb46fe7bac5f8.jpg,300,300,24,206
Mask,6,146,22,18,1653_jpg.rf.94a291fbd14caae5a59fb46fe7bac5f8.jpg,300,300,28,164
Mask,48,153,13,21,1653_jpg.rf.94a291fbd14caae5a59fb46fe7bac5f8.jpg,300,300,61,174
Mask,32,157,13,15,1653_jpg.rf.94a291fbd14caae5a59fb46fe7bac5f8.jpg,300,300,45,172
Mask,70,152,16,16,1653_jpg.rf.94a291fbd14caae5a59fb46fe7bac5f8.jpg,300,300,86,168
Mask,92,103,17,18,1653_jpg.rf.94a291fbd14caae5a59fb46fe7bac5f8.jpg,300,300,109,121
Mask,64,100,15,16,1653_jpg.rf.94a291fbd14caae5a59fb46fe7bac5f8.jpg,300,300,79,116
Mask,27,75,15,15,1653_jpg.rf.94a291fbd14caae5a59fb46fe7bac5f8.jpg,300,300,42,90
Mask,40,117,14,15,1653_jpg.rf.94a291fbd14caae5a59fb46fe7bac5f8.jpg,300,300,54,132
Mask,22,120,13,18,1653_jpg.rf.94a291fbd14caae5a59fb46fe7bac5f8.jpg,300,300,35,138
Mask,0,107,8,16,1653_jpg.rf.94a291fbd14caae5a59fb46fe7bac5f8.jpg,300,300,8,123
Mask,67,188,19,21,1653_jpg.rf.94a291fbd14caae5a59fb46fe7bac5f8.jpg,300,300,86,209
Mask,105,140,16,11,1653_jpg.rf.94a291fbd14caae5a59fb46fe7bac5f8.jpg,300,300,121,151
Mask,260,99,20,16,1653_jpg.rf.94a291fbd14caae5a59fb46fe7bac5f8.jpg,300,300,280,115
Mask,291,199,9,21,1653_jpg.rf.94a291fbd14caae5a59fb46fe7bac5f8.jpg,300,300,300,220
Mask,287,93,13,16,1653_jpg.rf.94a291fbd14caae5a59fb46fe7bac5f8.jpg,300,300,300,109
Mask,86,195,16,21,1653_jpg.rf.94a291fbd14caae5a59fb46fe7bac5f8.jpg,300,300,102,216
Mask,157,22,9,12,1653_jpg.rf.94a291fbd14caae5a59fb46fe7bac5f8.jpg,300,300,166,34
Mask,185,79,12,13,1655_jpg.rf.338d0b3ad97c45c77243bf9011a1d97b.jpg,300,300,197,92
Mask,285,58,9,10,1655_jpg.rf.338d0b3ad97c45c77243bf9011a1d97b.jpg,300,300,294,68
Mask,243,64,15,17,1655_jpg.rf.338d0b3ad97c45c77243bf9011a1d97b.jpg,300,300,258,81
Mask,0,162,17,21,1655_jpg.rf.338d0b3ad97c45c77243bf9011a1d97b.jpg,300,300,17,183
Mask,137,97,20,32,1658_jpg.rf.dd9e8e0ece329f10bfde925ead4c295e.jpg,300,300,157,129
Mask,183,65,21,36,1658_jpg.rf.dd9e8e0ece329f10bfde925ead4c295e.jpg,300,300,204,101
Mask,235,66,27,27,1658_jpg.rf.dd9e8e0ece329f10bfde925ead4c295e.jpg,300,300,262,93
Mask,79,109,13,22,1658_jpg.rf.dd9e8e0ece329f10bfde925ead4c295e.jpg,300,300,92,131
Mask,22,84,21,25,1658_jpg.rf.dd9e8e0ece329f10bfde925ead4c295e.jpg,300,300,43,109
Mask,46,148,88,116,1659_jpg.rf.39bb0b350f127040ea0ce2f443f5eaf9.jpg,300,300,134,264
None,153,14,65,117,1661_jpg.rf.6ece77e3932f220449c976d7e66860f2.jpg,300,300,218,131
Mask,204,72,23,32,1662_jpg.rf.b2b4771cf9cb6145a9439246c82d4b42.jpg,300,300,227,104
Mask,132,81,24,26,1662_jpg.rf.b2b4771cf9cb6145a9439246c82d4b42.jpg,300,300,156,107
Mask,46,140,17,19,1662_jpg.rf.b2b4771cf9cb6145a9439246c82d4b42.jpg,300,300,63,159
Mask,46,107,14,12,1662_jpg.rf.b2b4771cf9cb6145a9439246c82d4b42.jpg,300,300,60,119
None,173,157,18,30,1664_jpg.rf.b29ea42387903b5f0d8171a134bd1f04.jpg,300,300,191,187
None,253,155,12,23,1664_jpg.rf.b29ea42387903b5f0d8171a134bd1f04.jpg,300,300,265,178
Mask,132,89,44,48,1665_jpg.rf.43e32ef995560c1dfa7fee83f45f9f8a.jpg,300,300,176,137
Mask,161,43,17,17,1666_jpg.rf.19e3e17d37051cc83180a44045e91169.jpg,300,300,178,60
Mask,134,50,15,16,1666_jpg.rf.19e3e17d37051cc83180a44045e91169.jpg,300,300,149,66
Mask,70,97,132,103,1667_jpg.rf.6a47adbc09b4ab4ae94c213ac25ab360.jpg,300,300,202,200
Mask,168,75,16,14,1668_jpg.rf.912bd301aa3b70a3ff82a480598eb777.jpg,300,300,184,89
None,279,73,10,16,1668_jpg.rf.912bd301aa3b70a3ff82a480598eb777.jpg,300,300,289,89
Mask,121,67,16,16,1668_jpg.rf.912bd301aa3b70a3ff82a480598eb777.jpg,300,300,137,83
None,58,75,8,17,1668_jpg.rf.912bd301aa3b70a3ff82a480598eb777.jpg,300,300,66,92
None,205,17,13,31,1670_jpg.rf.88c851466cd07f5414f7c0bdb76cc4cb.jpg,300,300,218,48
None,100,24,25,50,1670_jpg.rf.88c851466cd07f5414f7c0bdb76cc4cb.jpg,300,300,125,74
None,0,4,13,41,1670_jpg.rf.88c851466cd07f5414f7c0bdb76cc4cb.jpg,300,300,13,45
Mask,188,54,17,20,1672_jpg.rf.b1abbec0555438c7cfb26e8dbde7ef9e.jpg,300,300,205,74
Mask,255,56,17,18,1672_jpg.rf.b1abbec0555438c7cfb26e8dbde7ef9e.jpg,300,300,272,74
Mask,137,65,14,18,1672_jpg.rf.b1abbec0555438c7cfb26e8dbde7ef9e.jpg,300,300,151,83
Mask,100,71,17,17,1672_jpg.rf.b1abbec0555438c7cfb26e8dbde7ef9e.jpg,300,300,117,88
None,66,57,16,24,1672_jpg.rf.b1abbec0555438c7cfb26e8dbde7ef9e.jpg,300,300,82,81
Mask,198,38,69,44,1676_jpg.rf.11a0cc9173415d216801954ba9507276.jpg,300,300,267,82
Mask,230,140,70,62,1676_jpg.rf.11a0cc9173415d216801954ba9507276.jpg,300,300,300,202
Mask,32,107,83,52,1676_jpg.rf.11a0cc9173415d216801954ba9507276.jpg,300,300,115,159
Mask,121,117,35,38,1678_jpg.rf.b553467ec9d863800c1fb1064544cd13.jpg,300,300,156,155
Mask,88,76,28,23,1678_jpg.rf.b553467ec9d863800c1fb1064544cd13.jpg,300,300,116,99
Mask,171,31,26,19,1678_jpg.rf.b553467ec9d863800c1fb1064544cd13.jpg,300,300,197,50
Mask,224,45,13,12,1678_jpg.rf.b553467ec9d863800c1fb1064544cd13.jpg,300,300,237,57
Mask,235,70,10,14,1678_jpg.rf.b553467ec9d863800c1fb1064544cd13.jpg,300,300,245,84
Mask,161,103,19,28,1678_jpg.rf.b553467ec9d863800c1fb1064544cd13.jpg,300,300,180,131
None,243,93,38,62,1680_jpg.rf.1ee75eda1b540d76c9ab474cd31542da.jpg,300,300,281,155
None,20,60,40,91,1680_jpg.rf.1ee75eda1b540d76c9ab474cd31542da.jpg,300,300,60,151
None,216,62,27,69,1680_jpg.rf.1ee75eda1b540d76c9ab474cd31542da.jpg,300,300,243,131
None,205,39,13,14,1683_jpg.rf.d13a442627d1869f025a7f40d107c948.jpg,300,300,218,53
None,19,42,20,45,1683_jpg.rf.d13a442627d1869f025a7f40d107c948.jpg,300,300,39,87
Mask,54,116,22,21,1683_jpg.rf.d13a442627d1869f025a7f40d107c948.jpg,300,300,76,137
Mask,64,50,9,14,1683_jpg.rf.d13a442627d1869f025a7f40d107c948.jpg,300,300,73,64
Mask,78,51,11,13,1683_jpg.rf.d13a442627d1869f025a7f40d107c948.jpg,300,300,89,64
Mask,98,44,10,13,1683_jpg.rf.d13a442627d1869f025a7f40d107c948.jpg,300,300,108,57
Mask,113,46,10,16,1683_jpg.rf.d13a442627d1869f025a7f40d107c948.jpg,300,300,123,62
Mask,119,60,12,17,1683_jpg.rf.d13a442627d1869f025a7f40d107c948.jpg,300,300,131,77
Mask,136,76,18,26,1683_jpg.rf.d13a442627d1869f025a7f40d107c948.jpg,300,300,154,102
Mask,191,118,25,33,1683_jpg.rf.d13a442627d1869f025a7f40d107c948.jpg,300,300,216,151
Mask,219,70,20,21,1683_jpg.rf.d13a442627d1869f025a7f40d107c948.jpg,300,300,239,91
Mask,81,149,29,41,1683_jpg.rf.d13a442627d1869f025a7f40d107c948.jpg,300,300,110,190
Mask,234,265,55,35,1683_jpg.rf.d13a442627d1869f025a7f40d107c948.jpg,300,300,289,300
Mask,159,49,12,18,1683_jpg.rf.d13a442627d1869f025a7f40d107c948.jpg,300,300,171,67
Mask,66,102,38,41,1687_jpg.rf.58d85d512a39ff7824a4b43cd54f62dc.jpg,300,300,104,143
Mask,246,104,28,31,1687_jpg.rf.58d85d512a39ff7824a4b43cd54f62dc.jpg,300,300,274,135
Mask,181,117,11,17,1687_jpg.rf.58d85d512a39ff7824a4b43cd54f62dc.jpg,300,300,192,134
Mask,166,107,12,21,1687_jpg.rf.58d85d512a39ff7824a4b43cd54f62dc.jpg,300,300,178,128
Helmet,192,83,27,31,1687_jpg.rf.58d85d512a39ff7824a4b43cd54f62dc.jpg,300,300,219,114
Helmet,209,80,24,30,1687_jpg.rf.58d85d512a39ff7824a4b43cd54f62dc.jpg,300,300,233,110
None,134,63,29,54,1687_jpg.rf.58d85d512a39ff7824a4b43cd54f62dc.jpg,300,300,163,117
None,99,103,25,32,1693_jpg.rf.6d2c0de1b3768b3d5904965c35a0a578.jpg,300,300,124,135
Mask,163,84,24,23,1693_jpg.rf.6d2c0de1b3768b3d5904965c35a0a578.jpg,300,300,187,107
Mask,261,47,8,8,1693_jpg.rf.6d2c0de1b3768b3d5904965c35a0a578.jpg,300,300,269,55
Mask,276,31,13,12,1695_jpg.rf.c80fa9945d25adad255032fe9864df22.jpg,300,300,289,43
Mask,272,58,14,22,1695_jpg.rf.c80fa9945d25adad255032fe9864df22.jpg,300,300,286,80
Mask,237,78,31,38,1695_jpg.rf.c80fa9945d25adad255032fe9864df22.jpg,300,300,268,116
Mask,174,58,22,22,1695_jpg.rf.c80fa9945d25adad255032fe9864df22.jpg,300,300,196,80
Mask,144,50,15,13,1695_jpg.rf.c80fa9945d25adad255032fe9864df22.jpg,300,300,159,63
Mask,82,99,33,47,1695_jpg.rf.c80fa9945d25adad255032fe9864df22.jpg,300,300,115,146
Mask,12,46,15,17,1695_jpg.rf.c80fa9945d25adad255032fe9864df22.jpg,300,300,27,63
Mask,0,38,6,14,1695_jpg.rf.c80fa9945d25adad255032fe9864df22.jpg,300,300,6,52
Mask,38,34,12,12,1695_jpg.rf.c80fa9945d25adad255032fe9864df22.jpg,300,300,50,46
Mask,131,37,10,10,1695_jpg.rf.c80fa9945d25adad255032fe9864df22.jpg,300,300,141,47
Mask,196,41,16,14,1695_jpg.rf.c80fa9945d25adad255032fe9864df22.jpg,300,300,212,55
Mask,71,41,8,8,1695_jpg.rf.c80fa9945d25adad255032fe9864df22.jpg,300,300,79,49
Mask,173,29,13,18,1700_jpg.rf.c177d52f6f3027eed9bd88ee5acf7360.jpg,300,300,186,47
Mask,201,41,18,23,1700_jpg.rf.c177d52f6f3027eed9bd88ee5acf7360.jpg,300,300,219,64
Mask,193,17,16,20,1700_jpg.rf.c177d52f6f3027eed9bd88ee5acf7360.jpg,300,300,209,37
Mask,243,15,17,20,1700_jpg.rf.c177d52f6f3027eed9bd88ee5acf7360.jpg,300,300,260,35
Mask,258,64,18,26,1700_jpg.rf.c177d52f6f3027eed9bd88ee5acf7360.jpg,300,300,276,90
Mask,129,94,24,26,1700_jpg.rf.c177d52f6f3027eed9bd88ee5acf7360.jpg,300,300,153,120
Mask,239,191,29,36,1700_jpg.rf.c177d52f6f3027eed9bd88ee5acf7360.jpg,300,300,268,227
Mask,23,58,16,23,1700_jpg.rf.c177d52f6f3027eed9bd88ee5acf7360.jpg,300,300,39,81
Mask,54,3,20,22,1700_jpg.rf.c177d52f6f3027eed9bd88ee5acf7360.jpg,300,300,74,25
Mask,103,6,18,19,1700_jpg.rf.c177d52f6f3027eed9bd88ee5acf7360.jpg,300,300,121,25
Mask,35,15,15,17,1700_jpg.rf.c177d52f6f3027eed9bd88ee5acf7360.jpg,300,300,50,32
Mask,0,6,10,18,1700_jpg.rf.c177d52f6f3027eed9bd88ee5acf7360.jpg,300,300,10,24
None,32,190,13,19,1703_jpg.rf.bd1281fc14db864bcda98e460155dabf.jpg,300,300,45,209
None,230,199,7,9,1703_jpg.rf.bd1281fc14db864bcda98e460155dabf.jpg,300,300,237,208
None,205,4,26,76,1708_jpg.rf.5044047fd3ca4dbd558f134887a12283.jpg,300,300,231,80
Mask,106,81,13,16,1717_jpg.rf.901f1b3a98bf1dbb576bd478764826a4.jpg,300,300,119,97
Mask,25,105,21,21,1721_jpg.rf.4e14b8b72e96e6f30cbfb6b75149a240.jpg,300,300,46,126
Mask,73,71,11,10,1721_jpg.rf.4e14b8b72e96e6f30cbfb6b75149a240.jpg,300,300,84,81
Mask,92,69,10,11,1721_jpg.rf.4e14b8b72e96e6f30cbfb6b75149a240.jpg,300,300,102,80
Mask,30,68,15,12,1721_jpg.rf.4e14b8b72e96e6f30cbfb6b75149a240.jpg,300,300,45,80
Mask,0,69,7,10,1721_jpg.rf.4e14b8b72e96e6f30cbfb6b75149a240.jpg,300,300,7,79
Mask,145,69,17,13,1721_jpg.rf.4e14b8b72e96e6f30cbfb6b75149a240.jpg,300,300,162,82
Mask,183,67,10,8,1721_jpg.rf.4e14b8b72e96e6f30cbfb6b75149a240.jpg,300,300,193,75
Mask,195,68,10,6,1721_jpg.rf.4e14b8b72e96e6f30cbfb6b75149a240.jpg,300,300,205,74
Mask,211,56,15,13,1721_jpg.rf.4e14b8b72e96e6f30cbfb6b75149a240.jpg,300,300,226,69
Mask,270,68,16,13,1721_jpg.rf.4e14b8b72e96e6f30cbfb6b75149a240.jpg,300,300,286,81
None,206,131,18,38,1722_jpg.rf.9f795c59356339796f463396a94321ee.jpg,300,300,224,169
None,138,124,23,52,1722_jpg.rf.9f795c59356339796f463396a94321ee.jpg,300,300,161,176
None,67,188,12,27,1722_jpg.rf.9f795c59356339796f463396a94321ee.jpg,300,300,79,215
None,48,201,11,13,1722_jpg.rf.9f795c59356339796f463396a94321ee.jpg,300,300,59,214
None,288,190,10,12,1722_jpg.rf.9f795c59356339796f463396a94321ee.jpg,300,300,298,202
Mask,255,120,16,25,1732_jpg.rf.579a9ca260de561f624dd09dcec9183d.jpg,300,300,271,145
Mask,234,113,19,24,1732_jpg.rf.579a9ca260de561f624dd09dcec9183d.jpg,300,300,253,137
Mask,189,107,20,25,1732_jpg.rf.579a9ca260de561f624dd09dcec9183d.jpg,300,300,209,132
Mask,167,123,15,19,1732_jpg.rf.579a9ca260de561f624dd09dcec9183d.jpg,300,300,182,142
Mask,156,87,17,18,1732_jpg.rf.579a9ca260de561f624dd09dcec9183d.jpg,300,300,173,105
Mask,143,78,14,17,1732_jpg.rf.579a9ca260de561f624dd09dcec9183d.jpg,300,300,157,95
Mask,115,91,13,14,1732_jpg.rf.579a9ca260de561f624dd09dcec9183d.jpg,300,300,128,105
Mask,118,150,19,25,1732_jpg.rf.579a9ca260de561f624dd09dcec9183d.jpg,300,300,137,175
Mask,66,130,18,22,1732_jpg.rf.579a9ca260de561f624dd09dcec9183d.jpg,300,300,84,152
Mask,45,178,24,27,1732_jpg.rf.579a9ca260de561f624dd09dcec9183d.jpg,300,300,69,205
Mask,183,178,15,23,1732_jpg.rf.579a9ca260de561f624dd09dcec9183d.jpg,300,300,198,201
Mask,4,14,8,7,1736_jpg.rf.b6c41e58286235175364140f9ba343dc.jpg,300,300,12,21
Mask,177,25,8,7,1736_jpg.rf.b6c41e58286235175364140f9ba343dc.jpg,300,300,185,32
Mask,119,16,7,5,1736_jpg.rf.b6c41e58286235175364140f9ba343dc.jpg,300,300,126,21
Mask,38,86,9,6,1736_jpg.rf.b6c41e58286235175364140f9ba343dc.jpg,300,300,47,92
Mask,113,115,4,7,1736_jpg.rf.b6c41e58286235175364140f9ba343dc.jpg,300,300,117,122
Mask,210,230,8,12,1736_jpg.rf.b6c41e58286235175364140f9ba343dc.jpg,300,300,218,242
Mask,141,255,9,8,1736_jpg.rf.b6c41e58286235175364140f9ba343dc.jpg,300,300,150,263
Mask,3,221,8,9,1736_jpg.rf.b6c41e58286235175364140f9ba343dc.jpg,300,300,11,230
None,170,68,8,13,1740_jpg.rf.98fa6f79ef1d7c437b379fde3d4cf2e0.jpg,300,300,178,81
None,204,68,8,13,1740_jpg.rf.98fa6f79ef1d7c437b379fde3d4cf2e0.jpg,300,300,212,81
Mask,226,67,25,29,1740_jpg.rf.98fa6f79ef1d7c437b379fde3d4cf2e0.jpg,300,300,251,96
Mask,121,107,18,25,1740_jpg.rf.98fa6f79ef1d7c437b379fde3d4cf2e0.jpg,300,300,139,132
Mask,135,59,18,22,1740_jpg.rf.98fa6f79ef1d7c437b379fde3d4cf2e0.jpg,300,300,153,81
Mask,47,84,20,23,1740_jpg.rf.98fa6f79ef1d7c437b379fde3d4cf2e0.jpg,300,300,67,107
Mask,277,65,13,16,1755_jpg.rf.a3a5849898f18199f1e6ae3025c9cbf3.jpg,300,300,290,81
Mask,109,124,13,26,1755_jpg.rf.a3a5849898f18199f1e6ae3025c9cbf3.jpg,300,300,122,150
Mask,112,39,10,8,1755_jpg.rf.a3a5849898f18199f1e6ae3025c9cbf3.jpg,300,300,122,47
None,199,70,16,50,1755_jpg.rf.a3a5849898f18199f1e6ae3025c9cbf3.jpg,300,300,215,120
None,142,104,21,52,1755_jpg.rf.a3a5849898f18199f1e6ae3025c9cbf3.jpg,300,300,163,156
Mask,138,98,10,25,1755_jpg.rf.a3a5849898f18199f1e6ae3025c9cbf3.jpg,300,300,148,123
Mask,257,46,17,16,1756_jpg.rf.50d7ee49ebd20cc0d1feb2bfa61c5eb0.jpg,300,300,274,62
Mask,260,88,15,16,1756_jpg.rf.50d7ee49ebd20cc0d1feb2bfa61c5eb0.jpg,300,300,275,104
Mask,229,139,7,13,1756_jpg.rf.50d7ee49ebd20cc0d1feb2bfa61c5eb0.jpg,300,300,236,152
Mask,177,128,13,18,1756_jpg.rf.50d7ee49ebd20cc0d1feb2bfa61c5eb0.jpg,300,300,190,146
Mask,135,129,15,13,1756_jpg.rf.50d7ee49ebd20cc0d1feb2bfa61c5eb0.jpg,300,300,150,142
Mask,150,76,8,7,1756_jpg.rf.50d7ee49ebd20cc0d1feb2bfa61c5eb0.jpg,300,300,158,83
Mask,138,63,7,12,1756_jpg.rf.50d7ee49ebd20cc0d1feb2bfa61c5eb0.jpg,300,300,145,75
Mask,94,70,7,8,1756_jpg.rf.50d7ee49ebd20cc0d1feb2bfa61c5eb0.jpg,300,300,101,78
Mask,28,68,9,7,1756_jpg.rf.50d7ee49ebd20cc0d1feb2bfa61c5eb0.jpg,300,300,37,75
Mask,15,69,9,10,1756_jpg.rf.50d7ee49ebd20cc0d1feb2bfa61c5eb0.jpg,300,300,24,79
Mask,85,118,14,20,1756_jpg.rf.50d7ee49ebd20cc0d1feb2bfa61c5eb0.jpg,300,300,99,138
Mask,120,74,11,12,1757_jpg.rf.9f632b60d00faabae917ee0cedb8804a.jpg,300,300,131,86
Mask,157,89,11,8,1757_jpg.rf.9f632b60d00faabae917ee0cedb8804a.jpg,300,300,168,97
Mask,180,28,19,21,1757_jpg.rf.9f632b60d00faabae917ee0cedb8804a.jpg,300,300,199,49
Mask,230,55,11,18,1757_jpg.rf.9f632b60d00faabae917ee0cedb8804a.jpg,300,300,241,73
Mask,39,53,16,21,1757_jpg.rf.9f632b60d00faabae917ee0cedb8804a.jpg,300,300,55,74
Mask,171,89,8,8,1757_jpg.rf.9f632b60d00faabae917ee0cedb8804a.jpg,300,300,179,97
Mask,76,110,7,10,1757_jpg.rf.9f632b60d00faabae917ee0cedb8804a.jpg,300,300,83,120
Mask,102,90,10,12,1757_jpg.rf.9f632b60d00faabae917ee0cedb8804a.jpg,300,300,112,102
Mask,91,17,7,7,1760_jpg.rf.beaa3ad8d93102a306049be1f0efa2eb.jpg,300,300,98,24
Mask,84,51,13,12,1760_jpg.rf.beaa3ad8d93102a306049be1f0efa2eb.jpg,300,300,97,63
Mask,125,10,7,8,1760_jpg.rf.beaa3ad8d93102a306049be1f0efa2eb.jpg,300,300,132,18
Mask,12,16,7,6,1760_jpg.rf.beaa3ad8d93102a306049be1f0efa2eb.jpg,300,300,19,22
Mask,127,43,10,15,1762_jpg.rf.bd78400f46db06a71d8334ee566db160.jpg,300,300,137,58
Mask,185,43,11,14,1762_jpg.rf.bd78400f46db06a71d8334ee566db160.jpg,300,300,196,57
Mask,215,58,9,11,1762_jpg.rf.bd78400f46db06a71d8334ee566db160.jpg,300,300,224,69
Mask,97,62,10,11,1762_jpg.rf.bd78400f46db06a71d8334ee566db160.jpg,300,300,107,73
Mask,66,60,11,15,1762_jpg.rf.bd78400f46db06a71d8334ee566db160.jpg,300,300,77,75
Mask,30,41,14,18,1762_jpg.rf.bd78400f46db06a71d8334ee566db160.jpg,300,300,44,59
Mask,287,36,13,16,1762_jpg.rf.bd78400f46db06a71d8334ee566db160.jpg,300,300,300,52
Mask,248,53,11,17,1762_jpg.rf.bd78400f46db06a71d8334ee566db160.jpg,300,300,259,70
Mask,152,97,26,41,1767_jpg.rf.891a4af8d2b08000d804ec513b044a00.jpg,300,300,178,138
Mask,287,209,13,19,1767_jpg.rf.891a4af8d2b08000d804ec513b044a00.jpg,300,300,300,228
Mask,156,46,12,21,1771_jpg.rf.44400d9075cb6671d731cba82291c118.jpg,300,300,168,67
Mask,198,61,13,14,1771_jpg.rf.44400d9075cb6671d731cba82291c118.jpg,300,300,211,75
Mask,216,82,12,12,1771_jpg.rf.44400d9075cb6671d731cba82291c118.jpg,300,300,228,94
Mask,284,22,12,16,1771_jpg.rf.44400d9075cb6671d731cba82291c118.jpg,300,300,296,38
Mask,275,35,8,14,1771_jpg.rf.44400d9075cb6671d731cba82291c118.jpg,300,300,283,49
Mask,181,88,16,21,1771_jpg.rf.44400d9075cb6671d731cba82291c118.jpg,300,300,197,109
None,53,103,18,38,1771_jpg.rf.44400d9075cb6671d731cba82291c118.jpg,300,300,71,141
Mask,162,170,17,22,1772_jpg.rf.34466750521f7714f27fa821e43bdb81.jpg,300,300,179,192
Mask,198,73,31,44,1772_jpg.rf.34466750521f7714f27fa821e43bdb81.jpg,300,300,229,117
Mask,150,162,10,15,1772_jpg.rf.34466750521f7714f27fa821e43bdb81.jpg,300,300,160,177
Mask,51,47,19,25,1772_jpg.rf.34466750521f7714f27fa821e43bdb81.jpg,300,300,70,72
Mask,23,64,25,49,1772_jpg.rf.34466750521f7714f27fa821e43bdb81.jpg,300,300,48,113
None,128,79,46,81,1774_jpg.rf.606d5c0bfcd19dbdeebbd04c8154c957.jpg,300,300,174,160
None,273,102,19,41,1774_jpg.rf.606d5c0bfcd19dbdeebbd04c8154c957.jpg,300,300,292,143
Mask,201,106,15,14,1774_jpg.rf.606d5c0bfcd19dbdeebbd04c8154c957.jpg,300,300,216,120
Mask,127,166,101,106,1778_jpg.rf.518c6f5e3c2025fc2f3b92b4c39f1491.jpg,300,300,228,272
Mask,68,64,75,111,1778_jpg.rf.518c6f5e3c2025fc2f3b92b4c39f1491.jpg,300,300,143,175
Mask,122,93,38,58,1779_jpg.rf.4fe16994236f9f85176a995b8431709e.jpg,300,300,160,151
Mask,208,103,45,69,1779_jpg.rf.4fe16994236f9f85176a995b8431709e.jpg,300,300,253,172
Mask,133,228,39,60,1779_jpg.rf.4fe16994236f9f85176a995b8431709e.jpg,300,300,172,288
None,45,101,27,55,1779_jpg.rf.4fe16994236f9f85176a995b8431709e.jpg,300,300,72,156
None,171,139,25,50,1779_jpg.rf.4fe16994236f9f85176a995b8431709e.jpg,300,300,196,189
Mask,151,231,20,17,1781_jpg.rf.606efe85b2908df80fa4453ef244b982.jpg,300,300,171,248
Mask,244,77,16,20,1781_jpg.rf.606efe85b2908df80fa4453ef244b982.jpg,300,300,260,97
Mask,214,107,17,19,1781_jpg.rf.606efe85b2908df80fa4453ef244b982.jpg,300,300,231,126
Mask,205,50,18,19,1781_jpg.rf.606efe85b2908df80fa4453ef244b982.jpg,300,300,223,69
Mask,177,41,13,12,1781_jpg.rf.606efe85b2908df80fa4453ef244b982.jpg,300,300,190,53
Mask,94,62,12,15,1781_jpg.rf.606efe85b2908df80fa4453ef244b982.jpg,300,300,106,77
Mask,148,35,10,14,1781_jpg.rf.606efe85b2908df80fa4453ef244b982.jpg,300,300,158,49
Mask,164,20,10,9,1781_jpg.rf.606efe85b2908df80fa4453ef244b982.jpg,300,300,174,29
Mask,99,98,52,65,1782_jpg.rf.5d12024abed076feedd028c6604534df.jpg,300,300,151,163
Mask,213,58,16,18,1783_jpg.rf.c658eec67ce4bbb51a9a2198d2a1a7ff.jpg,300,300,229,76
Mask,285,28,13,21,1783_jpg.rf.c658eec67ce4bbb51a9a2198d2a1a7ff.jpg,300,300,298,49
Mask,252,44,17,28,1783_jpg.rf.c658eec67ce4bbb51a9a2198d2a1a7ff.jpg,300,300,269,72
Mask,219,28,16,26,1783_jpg.rf.c658eec67ce4bbb51a9a2198d2a1a7ff.jpg,300,300,235,54
Mask,192,46,20,26,1783_jpg.rf.c658eec67ce4bbb51a9a2198d2a1a7ff.jpg,300,300,212,72
Mask,173,47,19,28,1783_jpg.rf.c658eec67ce4bbb51a9a2198d2a1a7ff.jpg,300,300,192,75
Mask,69,71,21,25,1783_jpg.rf.c658eec67ce4bbb51a9a2198d2a1a7ff.jpg,300,300,90,96
Mask,100,75,16,25,1783_jpg.rf.c658eec67ce4bbb51a9a2198d2a1a7ff.jpg,300,300,116,100
Mask,137,75,21,24,1783_jpg.rf.c658eec67ce4bbb51a9a2198d2a1a7ff.jpg,300,300,158,99
Mask,31,58,15,20,1783_jpg.rf.c658eec67ce4bbb51a9a2198d2a1a7ff.jpg,300,300,46,78
Mask,0,63,14,20,1783_jpg.rf.c658eec67ce4bbb51a9a2198d2a1a7ff.jpg,300,300,14,83
Mask,158,49,10,12,1783_jpg.rf.c658eec67ce4bbb51a9a2198d2a1a7ff.jpg,300,300,168,61
Mask,43,76,58,58,1784_jpg.rf.18b1dcef11def9f888bbfee46a807bc7.jpg,300,300,101,134
Mask,201,80,42,44,1784_jpg.rf.18b1dcef11def9f888bbfee46a807bc7.jpg,300,300,243,124
Mask,199,228,47,54,1784_jpg.rf.18b1dcef11def9f888bbfee46a807bc7.jpg,300,300,246,282
Mask,68,225,28,54,1784_jpg.rf.18b1dcef11def9f888bbfee46a807bc7.jpg,300,300,96,279
Mask,128,291,19,9,1784_jpg.rf.18b1dcef11def9f888bbfee46a807bc7.jpg,300,300,147,300
Mask,4,255,24,39,1784_jpg.rf.18b1dcef11def9f888bbfee46a807bc7.jpg,300,300,28,294
None,98,0,33,44,1784_jpg.rf.18b1dcef11def9f888bbfee46a807bc7.jpg,300,300,131,44
Mask,279,117,21,23,1788_jpg.rf.319ea1cef5578e050a0b28ab45d8b579.jpg,300,300,300,140
Mask,247,112,16,16,1788_jpg.rf.319ea1cef5578e050a0b28ab45d8b579.jpg,300,300,263,128
Mask,186,104,15,13,1788_jpg.rf.319ea1cef5578e050a0b28ab45d8b579.jpg,300,300,201,117
Mask,127,82,13,16,1788_jpg.rf.319ea1cef5578e050a0b28ab45d8b579.jpg,300,300,140,98
Mask,5,82,9,17,1788_jpg.rf.319ea1cef5578e050a0b28ab45d8b579.jpg,300,300,14,99
Mask,13,87,13,23,1788_jpg.rf.319ea1cef5578e050a0b28ab45d8b579.jpg,300,300,26,110
Mask,94,99,9,15,1788_jpg.rf.319ea1cef5578e050a0b28ab45d8b579.jpg,300,300,103,114
Mask,107,157,60,75,1791_jpg.rf.4651f434db4f3f12e8765d39de8b5a01.jpg,300,300,167,232
Mask,90,198,15,15,1795_jpg.rf.57c2bf8b16c745e467887399a2552ec9.jpg,300,300,105,213
Mask,210,99,8,26,1795_jpg.rf.57c2bf8b16c745e467887399a2552ec9.jpg,300,300,218,125
Mask,191,137,12,18,1795_jpg.rf.57c2bf8b16c745e467887399a2552ec9.jpg,300,300,203,155
Mask,289,169,11,13,1795_jpg.rf.57c2bf8b16c745e467887399a2552ec9.jpg,300,300,300,182
Mask,294,125,6,13,1795_jpg.rf.57c2bf8b16c745e467887399a2552ec9.jpg,300,300,300,138
Mask,151,146,16,17,1795_jpg.rf.57c2bf8b16c745e467887399a2552ec9.jpg,300,300,167,163
Mask,112,132,20,16,1795_jpg.rf.57c2bf8b16c745e467887399a2552ec9.jpg,300,300,132,148
Mask,66,132,23,27,1795_jpg.rf.57c2bf8b16c745e467887399a2552ec9.jpg,300,300,89,159
Mask,16,158,22,32,1795_jpg.rf.57c2bf8b16c745e467887399a2552ec9.jpg,300,300,38,190
Mask,161,135,27,25,1797_jpg.rf.505ca8387bf1e580b2485ddee3b493aa.jpg,300,300,188,160
Mask,248,147,33,26,1797_jpg.rf.505ca8387bf1e580b2485ddee3b493aa.jpg,300,300,281,173
Mask,198,103,16,15,1797_jpg.rf.505ca8387bf1e580b2485ddee3b493aa.jpg,300,300,214,118
Mask,14,116,29,17,1797_jpg.rf.505ca8387bf1e580b2485ddee3b493aa.jpg,300,300,43,133
Mask,38,81,20,18,1797_jpg.rf.505ca8387bf1e580b2485ddee3b493aa.jpg,300,300,58,99
Mask,96,73,10,6,1797_jpg.rf.505ca8387bf1e580b2485ddee3b493aa.jpg,300,300,106,79
Mask,75,71,7,5,1797_jpg.rf.505ca8387bf1e580b2485ddee3b493aa.jpg,300,300,82,76
Mask,174,76,13,12,1797_jpg.rf.505ca8387bf1e580b2485ddee3b493aa.jpg,300,300,187,88
Mask,145,80,12,7,1797_jpg.rf.505ca8387bf1e580b2485ddee3b493aa.jpg,300,300,157,87
Mask,150,104,8,15,1797_jpg.rf.505ca8387bf1e580b2485ddee3b493aa.jpg,300,300,158,119
Mask,165,64,10,10,1797_jpg.rf.505ca8387bf1e580b2485ddee3b493aa.jpg,300,300,175,74
Mask,268,92,8,12,1799_jpg.rf.3dd11e9b2aea60481be346c4501c1f35.jpg,300,300,276,104
Mask,246,86,15,18,1799_jpg.rf.3dd11e9b2aea60481be346c4501c1f35.jpg,300,300,261,104
Mask,229,85,10,12,1799_jpg.rf.3dd11e9b2aea60481be346c4501c1f35.jpg,300,300,239,97
Mask,220,87,7,9,1799_jpg.rf.3dd11e9b2aea60481be346c4501c1f35.jpg,300,300,227,96
Mask,210,96,6,7,1799_jpg.rf.3dd11e9b2aea60481be346c4501c1f35.jpg,300,300,216,103
Mask,16,124,8,10,1805_jpg.rf.3833da46a9e960b7403b15b51ed9a7cf.jpg,300,300,24,134
Mask,43,110,14,16,1805_jpg.rf.3833da46a9e960b7403b15b51ed9a7cf.jpg,300,300,57,126
Mask,62,124,8,10,1805_jpg.rf.3833da46a9e960b7403b15b51ed9a7cf.jpg,300,300,70,134
Mask,71,115,7,9,1805_jpg.rf.3833da46a9e960b7403b15b51ed9a7cf.jpg,300,300,78,124
Mask,98,119,9,10,1805_jpg.rf.3833da46a9e960b7403b15b51ed9a7cf.jpg,300,300,107,129
Mask,111,119,5,7,1805_jpg.rf.3833da46a9e960b7403b15b51ed9a7cf.jpg,300,300,116,126
Mask,127,118,8,7,1805_jpg.rf.3833da46a9e960b7403b15b51ed9a7cf.jpg,300,300,135,125
Mask,168,117,12,14,1805_jpg.rf.3833da46a9e960b7403b15b51ed9a7cf.jpg,300,300,180,131
Mask,142,127,5,8,1805_jpg.rf.3833da46a9e960b7403b15b51ed9a7cf.jpg,300,300,147,135
Mask,143,120,7,6,1805_jpg.rf.3833da46a9e960b7403b15b51ed9a7cf.jpg,300,300,150,126
Mask,195,126,13,10,1805_jpg.rf.3833da46a9e960b7403b15b51ed9a7cf.jpg,300,300,208,136
Mask,183,127,7,9,1805_jpg.rf.3833da46a9e960b7403b15b51ed9a7cf.jpg,300,300,190,136
Mask,276,106,10,13,1805_jpg.rf.3833da46a9e960b7403b15b51ed9a7cf.jpg,300,300,286,119
Mask,233,145,15,24,1805_jpg.rf.3833da46a9e960b7403b15b51ed9a7cf.jpg,300,300,248,169
Mask,245,117,6,7,1805_jpg.rf.3833da46a9e960b7403b15b51ed9a7cf.jpg,300,300,251,124
Mask,81,99,34,55,1806_jpg.rf.6715bb8f99939706f6ca3a3cf07e7b74.jpg,300,300,115,154
Mask,21,85,59,54,1806_jpg.rf.6715bb8f99939706f6ca3a3cf07e7b74.jpg,300,300,80,139
Mask,168,127,48,48,1806_jpg.rf.6715bb8f99939706f6ca3a3cf07e7b74.jpg,300,300,216,175
Mask,249,140,41,43,1806_jpg.rf.6715bb8f99939706f6ca3a3cf07e7b74.jpg,300,300,290,183
None,97,84,12,24,1807_jpg.rf.e48b8dab53f442c8d446341c7eb0b100.jpg,300,300,109,108
None,47,79,17,21,1807_jpg.rf.e48b8dab53f442c8d446341c7eb0b100.jpg,300,300,64,100
Mask,212,84,15,15,1807_jpg.rf.e48b8dab53f442c8d446341c7eb0b100.jpg,300,300,227,99
Mask,238,101,15,14,1807_jpg.rf.e48b8dab53f442c8d446341c7eb0b100.jpg,300,300,253,115
Helmet,205,28,48,82,1808_jpg.rf.3d54eff7b9464741a84797f0e19c9bd0.jpg,300,300,253,110
Mask,165,59,12,16,1808_jpg.rf.3d54eff7b9464741a84797f0e19c9bd0.jpg,300,300,177,75
Mask,134,82,16,16,1808_jpg.rf.3d54eff7b9464741a84797f0e19c9bd0.jpg,300,300,150,98
Mask,107,74,15,23,1808_jpg.rf.3d54eff7b9464741a84797f0e19c9bd0.jpg,300,300,122,97
Mask,20,44,18,17,1808_jpg.rf.3d54eff7b9464741a84797f0e19c9bd0.jpg,300,300,38,61
Mask,125,61,22,23,1812_jpg.rf.54e29a90b162bf6a2aa6edc9ea4983c6.jpg,300,300,147,84
Mask,26,69,18,21,1812_jpg.rf.54e29a90b162bf6a2aa6edc9ea4983c6.jpg,300,300,44,90
Mask,216,12,16,13,1812_jpg.rf.54e29a90b162bf6a2aa6edc9ea4983c6.jpg,300,300,232,25
None,106,15,17,38,1812_jpg.rf.54e29a90b162bf6a2aa6edc9ea4983c6.jpg,300,300,123,53
Mask,59,66,13,31,1813_jpg.rf.f044b60eb382ff0d992d2f768e9e308c.jpg,300,300,72,97
Mask,89,74,17,28,1813_jpg.rf.f044b60eb382ff0d992d2f768e9e308c.jpg,300,300,106,102
Mask,137,77,21,27,1813_jpg.rf.f044b60eb382ff0d992d2f768e9e308c.jpg,300,300,158,104
None,71,55,19,38,1816_jpg.rf.630948d6526bcc766141a3162cfac4b4.jpg,300,300,90,93
None,166,51,8,15,1816_jpg.rf.630948d6526bcc766141a3162cfac4b4.jpg,300,300,174,66
Helmet,208,43,12,33,1816_jpg.rf.630948d6526bcc766141a3162cfac4b4.jpg,300,300,220,76
Mask,219,59,21,25,1816_jpg.rf.630948d6526bcc766141a3162cfac4b4.jpg,300,300,240,84
Helmet,255,55,8,9,1816_jpg.rf.630948d6526bcc766141a3162cfac4b4.jpg,300,300,263,64
Mask,257,64,5,7,1816_jpg.rf.630948d6526bcc766141a3162cfac4b4.jpg,300,300,262,71
None,294,58,6,13,1816_jpg.rf.630948d6526bcc766141a3162cfac4b4.jpg,300,300,300,71
Mask,26,71,11,13,1818_jpg.rf.de72c88207b4724097ac1d31d9178f1d.jpg,300,300,37,84
Mask,208,56,17,21,1818_jpg.rf.de72c88207b4724097ac1d31d9178f1d.jpg,300,300,225,77
Mask,192,115,18,16,1818_jpg.rf.de72c88207b4724097ac1d31d9178f1d.jpg,300,300,210,131
Mask,92,56,16,22,1818_jpg.rf.de72c88207b4724097ac1d31d9178f1d.jpg,300,300,108,78
Helmet,160,42,56,70,1819_jpg.rf.9372c823232b0f26aa4336fbb262a779.jpg,300,300,216,112
Mask,172,97,30,40,1819_jpg.rf.9372c823232b0f26aa4336fbb262a779.jpg,300,300,202,137
Mask,72,79,29,32,1819_jpg.rf.9372c823232b0f26aa4336fbb262a779.jpg,300,300,101,111
Mask,280,222,12,21,1824_jpg.rf.ddc7f2e095c45244f16b9fb88e034b3b.jpg,300,300,292,243
Mask,252,196,13,12,1824_jpg.rf.ddc7f2e095c45244f16b9fb88e034b3b.jpg,300,300,265,208
None,275,163,10,21,1824_jpg.rf.ddc7f2e095c45244f16b9fb88e034b3b.jpg,300,300,285,184
Mask,207,219,8,18,1824_jpg.rf.ddc7f2e095c45244f16b9fb88e034b3b.jpg,300,300,215,237
None,126,244,23,41,1824_jpg.rf.ddc7f2e095c45244f16b9fb88e034b3b.jpg,300,300,149,285
Mask,68,229,16,16,1824_jpg.rf.ddc7f2e095c45244f16b9fb88e034b3b.jpg,300,300,84,245
Mask,134,182,13,16,1824_jpg.rf.ddc7f2e095c45244f16b9fb88e034b3b.jpg,300,300,147,198
Mask,99,191,13,15,1824_jpg.rf.ddc7f2e095c45244f16b9fb88e034b3b.jpg,300,300,112,206
None,50,181,9,21,1824_jpg.rf.ddc7f2e095c45244f16b9fb88e034b3b.jpg,300,300,59,202
Mask,5,176,8,14,1824_jpg.rf.ddc7f2e095c45244f16b9fb88e034b3b.jpg,300,300,13,190
Mask,107,170,10,10,1824_jpg.rf.ddc7f2e095c45244f16b9fb88e034b3b.jpg,300,300,117,180
Mask,50,163,8,7,1824_jpg.rf.ddc7f2e095c45244f16b9fb88e034b3b.jpg,300,300,58,170
Mask,192,175,9,14,1824_jpg.rf.ddc7f2e095c45244f16b9fb88e034b3b.jpg,300,300,201,189
None,153,163,10,18,1824_jpg.rf.ddc7f2e095c45244f16b9fb88e034b3b.jpg,300,300,163,181
None,229,176,12,20,1824_jpg.rf.ddc7f2e095c45244f16b9fb88e034b3b.jpg,300,300,241,196
None,178,132,6,9,1824_jpg.rf.ddc7f2e095c45244f16b9fb88e034b3b.jpg,300,300,184,141
Mask,100,134,5,7,1829_jpg.rf.0a292bbff97a8a83e4717814f59e91c2.jpg,300,300,105,141
Mask,117,127,4,8,1829_jpg.rf.0a292bbff97a8a83e4717814f59e91c2.jpg,300,300,121,135
Mask,206,177,5,4,1829_jpg.rf.0a292bbff97a8a83e4717814f59e91c2.jpg,300,300,211,181
Mask,63,135,7,7,1829_jpg.rf.0a292bbff97a8a83e4717814f59e91c2.jpg,300,300,70,142
Helmet,276,70,19,14,1831_jpg.rf.27e5c32a48cef593355aa33df183d150.jpg,300,300,295,84
Helmet,225,71,16,15,1831_jpg.rf.27e5c32a48cef593355aa33df183d150.jpg,300,300,241,86
Helmet,242,79,10,10,1831_jpg.rf.27e5c32a48cef593355aa33df183d150.jpg,300,300,252,89
Mask,229,90,8,9,1831_jpg.rf.27e5c32a48cef593355aa33df183d150.jpg,300,300,237,99
Mask,206,89,9,7,1831_jpg.rf.27e5c32a48cef593355aa33df183d150.jpg,300,300,215,96
Mask,188,100,12,19,1831_jpg.rf.27e5c32a48cef593355aa33df183d150.jpg,300,300,200,119
Mask,51,69,13,14,1831_jpg.rf.27e5c32a48cef593355aa33df183d150.jpg,300,300,64,83
Mask,69,76,8,8,1831_jpg.rf.27e5c32a48cef593355aa33df183d150.jpg,300,300,77,84
Mask,77,67,10,18,1831_jpg.rf.27e5c32a48cef593355aa33df183d150.jpg,300,300,87,85
Mask,89,76,6,7,1831_jpg.rf.27e5c32a48cef593355aa33df183d150.jpg,300,300,95,83
Mask,96,80,8,8,1831_jpg.rf.27e5c32a48cef593355aa33df183d150.jpg,300,300,104,88
Mask,113,75,8,8,1831_jpg.rf.27e5c32a48cef593355aa33df183d150.jpg,300,300,121,83
Mask,130,78,8,9,1831_jpg.rf.27e5c32a48cef593355aa33df183d150.jpg,300,300,138,87
Mask,122,78,4,9,1831_jpg.rf.27e5c32a48cef593355aa33df183d150.jpg,300,300,126,87
Mask,158,78,6,8,1831_jpg.rf.27e5c32a48cef593355aa33df183d150.jpg,300,300,164,86
Mask,151,79,6,6,1831_jpg.rf.27e5c32a48cef593355aa33df183d150.jpg,300,300,157,85
Mask,173,86,7,6,1831_jpg.rf.27e5c32a48cef593355aa33df183d150.jpg,300,300,180,92
Mask,257,88,6,10,1831_jpg.rf.27e5c32a48cef593355aa33df183d150.jpg,300,300,263,98
Mask,167,86,25,21,1836_jpg.rf.293a1720e345990b956e1329742f92ad.jpg,300,300,192,107
Mask,262,48,6,8,1836_jpg.rf.293a1720e345990b956e1329742f92ad.jpg,300,300,268,56
None,102,101,21,34,1836_jpg.rf.293a1720e345990b956e1329742f92ad.jpg,300,300,123,135
Mask,245,107,7,8,1837_jpg.rf.8252f94dc1913dfa5fac028bd698f926.jpg,300,300,252,115
Mask,33,129,17,22,1837_jpg.rf.8252f94dc1913dfa5fac028bd698f926.jpg,300,300,50,151
None,82,41,43,104,1858_jpg.rf.d66a5672668b9f8e472b542ba3c32898.jpg,300,300,125,145
Mask,16,136,12,10,1862_jpg.rf.e8141ba623d97d59c943239d22732dff.jpg,300,300,28,146
Mask,57,127,13,11,1862_jpg.rf.e8141ba623d97d59c943239d22732dff.jpg,300,300,70,138
Mask,130,128,10,10,1862_jpg.rf.e8141ba623d97d59c943239d22732dff.jpg,300,300,140,138
Mask,156,120,9,12,1862_jpg.rf.e8141ba623d97d59c943239d22732dff.jpg,300,300,165,132
Mask,180,149,12,10,1862_jpg.rf.e8141ba623d97d59c943239d22732dff.jpg,300,300,192,159
Mask,190,129,13,10,1862_jpg.rf.e8141ba623d97d59c943239d22732dff.jpg,300,300,203,139
Mask,214,117,13,13,1862_jpg.rf.e8141ba623d97d59c943239d22732dff.jpg,300,300,227,130
Mask,236,130,7,7,1862_jpg.rf.e8141ba623d97d59c943239d22732dff.jpg,300,300,243,137
None,279,111,10,23,1862_jpg.rf.e8141ba623d97d59c943239d22732dff.jpg,300,300,289,134
Mask,135,64,16,20,1863_jpg.rf.5dd3e64e62f44fee8f0a3397eaa857f7.jpg,300,300,151,84
Mask,188,54,18,20,1863_jpg.rf.5dd3e64e62f44fee8f0a3397eaa857f7.jpg,300,300,206,74
Mask,255,58,16,15,1863_jpg.rf.5dd3e64e62f44fee8f0a3397eaa857f7.jpg,300,300,271,73
Mask,98,72,16,18,1863_jpg.rf.5dd3e64e62f44fee8f0a3397eaa857f7.jpg,300,300,114,90
Mask,41,60,18,14,1863_jpg.rf.5dd3e64e62f44fee8f0a3397eaa857f7.jpg,300,300,59,74
None,66,56,15,28,1863_jpg.rf.5dd3e64e62f44fee8f0a3397eaa857f7.jpg,300,300,81,84
None,125,41,31,49,1864_jpg.rf.49792313bcd9af151605b1103347e591.jpg,300,300,156,90
None,195,127,20,33,1864_jpg.rf.49792313bcd9af151605b1103347e591.jpg,300,300,215,160
Mask,87,146,26,32,1865_jpg.rf.df0efffd4f8443342c5adcaa68ae6a56.jpg,300,300,113,178
Mask,188,128,25,30,1865_jpg.rf.df0efffd4f8443342c5adcaa68ae6a56.jpg,300,300,213,158
Mask,207,182,21,31,1865_jpg.rf.df0efffd4f8443342c5adcaa68ae6a56.jpg,300,300,228,213
Mask,13,274,53,26,1865_jpg.rf.df0efffd4f8443342c5adcaa68ae6a56.jpg,300,300,66,300
Mask,13,140,30,30,1865_jpg.rf.df0efffd4f8443342c5adcaa68ae6a56.jpg,300,300,43,170
Mask,40,111,15,20,1865_jpg.rf.df0efffd4f8443342c5adcaa68ae6a56.jpg,300,300,55,131
Mask,78,74,16,18,1865_jpg.rf.df0efffd4f8443342c5adcaa68ae6a56.jpg,300,300,94,92
Mask,109,91,25,26,1865_jpg.rf.df0efffd4f8443342c5adcaa68ae6a56.jpg,300,300,134,117
Mask,215,82,23,22,1865_jpg.rf.df0efffd4f8443342c5adcaa68ae6a56.jpg,300,300,238,104
Mask,261,156,21,30,1865_jpg.rf.df0efffd4f8443342c5adcaa68ae6a56.jpg,300,300,282,186
Mask,91,47,13,16,1865_jpg.rf.df0efffd4f8443342c5adcaa68ae6a56.jpg,300,300,104,63
Mask,134,58,11,10,1865_jpg.rf.df0efffd4f8443342c5adcaa68ae6a56.jpg,300,300,145,68
Mask,199,58,16,18,1865_jpg.rf.df0efffd4f8443342c5adcaa68ae6a56.jpg,300,300,215,76
Mask,193,52,9,10,1865_jpg.rf.df0efffd4f8443342c5adcaa68ae6a56.jpg,300,300,202,62
Mask,185,40,8,14,1865_jpg.rf.df0efffd4f8443342c5adcaa68ae6a56.jpg,300,300,193,54
Mask,177,32,10,11,1865_jpg.rf.df0efffd4f8443342c5adcaa68ae6a56.jpg,300,300,187,43
Mask,131,147,17,22,1868_jpg.rf.cf2fb079007585f94668498d2f755378.jpg,300,300,148,169
Mask,90,90,16,16,1868_jpg.rf.cf2fb079007585f94668498d2f755378.jpg,300,300,106,106
None,208,3,38,81,1868_jpg.rf.cf2fb079007585f94668498d2f755378.jpg,300,300,246,84
None,159,80,18,22,1868_jpg.rf.cf2fb079007585f94668498d2f755378.jpg,300,300,177,102
None,122,94,21,32,1868_jpg.rf.cf2fb079007585f94668498d2f755378.jpg,300,300,143,126
None,94,135,20,35,1868_jpg.rf.cf2fb079007585f94668498d2f755378.jpg,300,300,114,170
None,68,165,17,34,1868_jpg.rf.cf2fb079007585f94668498d2f755378.jpg,300,300,85,199
None,59,94,15,22,1868_jpg.rf.cf2fb079007585f94668498d2f755378.jpg,300,300,74,116
None,84,59,12,19,1868_jpg.rf.cf2fb079007585f94668498d2f755378.jpg,300,300,96,78
None,109,85,11,32,1868_jpg.rf.cf2fb079007585f94668498d2f755378.jpg,300,300,120,117
None,146,54,14,32,1868_jpg.rf.cf2fb079007585f94668498d2f755378.jpg,300,300,160,86
Mask,210,174,23,29,1870_jpg.rf.f24db598e6b3b94334e3f89fc6bb942a.jpg,300,300,233,203
Mask,43,105,9,12,1870_jpg.rf.f24db598e6b3b94334e3f89fc6bb942a.jpg,300,300,52,117
None,283,142,12,31,1870_jpg.rf.f24db598e6b3b94334e3f89fc6bb942a.jpg,300,300,295,173
Mask,261,143,12,13,1870_jpg.rf.f24db598e6b3b94334e3f89fc6bb942a.jpg,300,300,273,156
None,120,105,15,32,1870_jpg.rf.f24db598e6b3b94334e3f89fc6bb942a.jpg,300,300,135,137
None,165,113,14,31,1870_jpg.rf.f24db598e6b3b94334e3f89fc6bb942a.jpg,300,300,179,144
None,83,114,15,26,1870_jpg.rf.f24db598e6b3b94334e3f89fc6bb942a.jpg,300,300,98,140
None,63,115,14,43,1870_jpg.rf.f24db598e6b3b94334e3f89fc6bb942a.jpg,300,300,77,158
None,54,196,19,31,1870_jpg.rf.f24db598e6b3b94334e3f89fc6bb942a.jpg,300,300,73,227
None,151,81,8,17,1870_jpg.rf.f24db598e6b3b94334e3f89fc6bb942a.jpg,300,300,159,98
None,217,68,6,14,1870_jpg.rf.f24db598e6b3b94334e3f89fc6bb942a.jpg,300,300,223,82
None,147,59,6,14,1870_jpg.rf.f24db598e6b3b94334e3f89fc6bb942a.jpg,300,300,153,73
None,264,71,7,15,1870_jpg.rf.f24db598e6b3b94334e3f89fc6bb942a.jpg,300,300,271,86
Mask,124,88,30,64,1875_jpg.rf.7198a2f9b7ff33b53413205d7a15c73a.jpg,300,300,154,152
None,192,62,21,55,1875_jpg.rf.7198a2f9b7ff33b53413205d7a15c73a.jpg,300,300,213,117
None,181,169,44,78,1875_jpg.rf.7198a2f9b7ff33b53413205d7a15c73a.jpg,300,300,225,247
None,144,82,23,57,1875_jpg.rf.7198a2f9b7ff33b53413205d7a15c73a.jpg,300,300,167,139
Mask,99,63,13,17,1879_jpg.rf.1a0ee3bb16b08138c9996232288f80af.jpg,300,300,112,80
Mask,111,91,15,21,1879_jpg.rf.1a0ee3bb16b08138c9996232288f80af.jpg,300,300,126,112
Mask,139,141,20,26,1879_jpg.rf.1a0ee3bb16b08138c9996232288f80af.jpg,300,300,159,167
Mask,196,78,10,20,1888_jpg.rf.32ec1f2a16590b83eab66e136d3d7ed7.jpg,300,300,206,98
Mask,204,98,16,28,1888_jpg.rf.32ec1f2a16590b83eab66e136d3d7ed7.jpg,300,300,220,126
Mask,223,57,31,58,1888_jpg.rf.32ec1f2a16590b83eab66e136d3d7ed7.jpg,300,300,254,115
Mask,106,79,13,23,1888_jpg.rf.32ec1f2a16590b83eab66e136d3d7ed7.jpg,300,300,119,102
Mask,73,57,18,29,1888_jpg.rf.32ec1f2a16590b83eab66e136d3d7ed7.jpg,300,300,91,86
Mask,25,89,16,25,1888_jpg.rf.32ec1f2a16590b83eab66e136d3d7ed7.jpg,300,300,41,114
Mask,42,121,100,73,1890_jpg.rf.1734b56ac5e238ba9db7f9afcc844be5.jpg,300,300,142,194
None,162,82,109,94,1890_jpg.rf.1734b56ac5e238ba9db7f9afcc844be5.jpg,300,300,271,176
None,241,171,13,37,1891_jpg.rf.a876ef7299cca3bd00ff66267e3bd874.jpg,300,300,254,208
Mask,142,77,15,23,1892_jpg.rf.f5c04d75e4bc6f7dd94ca1a171ffc228.jpg,300,300,157,100
Mask,113,88,15,18,1892_jpg.rf.f5c04d75e4bc6f7dd94ca1a171ffc228.jpg,300,300,128,106
Mask,156,83,18,21,1892_jpg.rf.f5c04d75e4bc6f7dd94ca1a171ffc228.jpg,300,300,174,104
Mask,170,125,13,20,1892_jpg.rf.f5c04d75e4bc6f7dd94ca1a171ffc228.jpg,300,300,183,145
Mask,190,105,17,25,1892_jpg.rf.f5c04d75e4bc6f7dd94ca1a171ffc228.jpg,300,300,207,130
Mask,234,112,19,26,1892_jpg.rf.f5c04d75e4bc6f7dd94ca1a171ffc228.jpg,300,300,253,138
Mask,255,122,18,22,1892_jpg.rf.f5c04d75e4bc6f7dd94ca1a171ffc228.jpg,300,300,273,144
Mask,181,176,19,41,1892_jpg.rf.f5c04d75e4bc6f7dd94ca1a171ffc228.jpg,300,300,200,217
Mask,118,152,22,27,1892_jpg.rf.f5c04d75e4bc6f7dd94ca1a171ffc228.jpg,300,300,140,179
Mask,147,137,11,21,1892_jpg.rf.f5c04d75e4bc6f7dd94ca1a171ffc228.jpg,300,300,158,158
Mask,44,178,31,33,1892_jpg.rf.f5c04d75e4bc6f7dd94ca1a171ffc228.jpg,300,300,75,211
Mask,63,129,23,20,1892_jpg.rf.f5c04d75e4bc6f7dd94ca1a171ffc228.jpg,300,300,86,149
Mask,252,71,10,12,1895_jpg.rf.f0b54a9fa6223e7404a75d3cbc9836f3.jpg,300,300,262,83
Mask,219,95,19,21,1895_jpg.rf.f0b54a9fa6223e7404a75d3cbc9836f3.jpg,300,300,238,116
Mask,163,57,21,28,1895_jpg.rf.f0b54a9fa6223e7404a75d3cbc9836f3.jpg,300,300,184,85
Mask,94,89,18,20,1895_jpg.rf.f0b54a9fa6223e7404a75d3cbc9836f3.jpg,300,300,112,109
Mask,81,65,15,26,1895_jpg.rf.f0b54a9fa6223e7404a75d3cbc9836f3.jpg,300,300,96,91
Mask,40,83,15,18,1895_jpg.rf.f0b54a9fa6223e7404a75d3cbc9836f3.jpg,300,300,55,101
Mask,1,74,18,18,1895_jpg.rf.f0b54a9fa6223e7404a75d3cbc9836f3.jpg,300,300,19,92
None,110,68,21,45,1897_jpg.rf.5727e604964e39c28a61a39e0708e0b8.jpg,300,300,131,113
Mask,269,107,16,23,1897_jpg.rf.5727e604964e39c28a61a39e0708e0b8.jpg,300,300,285,130
Mask,41,94,25,50,1897_jpg.rf.5727e604964e39c28a61a39e0708e0b8.jpg,300,300,66,144
Mask,181,113,32,53,1899_jpg.rf.47791c94b1fb9a1e052800d2a3d1fd2c.jpg,300,300,213,166
None,105,83,16,41,1899_jpg.rf.47791c94b1fb9a1e052800d2a3d1fd2c.jpg,300,300,121,124
None,72,75,18,46,1899_jpg.rf.47791c94b1fb9a1e052800d2a3d1fd2c.jpg,300,300,90,121
None,38,69,18,44,1899_jpg.rf.47791c94b1fb9a1e052800d2a3d1fd2c.jpg,300,300,56,113
Mask,176,58,20,24,1901_jpg.rf.11745d3d6461a7b882fc04778a4bca43.jpg,300,300,196,82
Mask,237,82,27,41,1901_jpg.rf.11745d3d6461a7b882fc04778a4bca43.jpg,300,300,264,123
Mask,271,58,13,25,1901_jpg.rf.11745d3d6461a7b882fc04778a4bca43.jpg,300,300,284,83
Mask,195,41,16,16,1901_jpg.rf.11745d3d6461a7b882fc04778a4bca43.jpg,300,300,211,57
Mask,143,48,13,18,1901_jpg.rf.11745d3d6461a7b882fc04778a4bca43.jpg,300,300,156,66
Mask,132,37,10,11,1901_jpg.rf.11745d3d6461a7b882fc04778a4bca43.jpg,300,300,142,48
Mask,80,99,33,47,1901_jpg.rf.11745d3d6461a7b882fc04778a4bca43.jpg,300,300,113,146
Mask,38,34,13,13,1901_jpg.rf.11745d3d6461a7b882fc04778a4bca43.jpg,300,300,51,47
Mask,10,43,18,19,1901_jpg.rf.11745d3d6461a7b882fc04778a4bca43.jpg,300,300,28,62
Mask,0,37,7,11,1901_jpg.rf.11745d3d6461a7b882fc04778a4bca43.jpg,300,300,7,48
Mask,275,32,15,15,1901_jpg.rf.11745d3d6461a7b882fc04778a4bca43.jpg,300,300,290,47
None,112,25,57,145,1902_jpg.rf.f4814a4e650f8cd5da931e97793e02a3.jpg,300,300,169,170
Mask,158,46,15,10,1903_jpg.rf.db4911691fd2c03f4139c15dbe3df09b.jpg,300,300,173,56
Mask,203,161,97,139,1903_jpg.rf.db4911691fd2c03f4139c15dbe3df09b.jpg,300,300,300,300
Mask,65,102,27,26,1903_jpg.rf.db4911691fd2c03f4139c15dbe3df09b.jpg,300,300,92,128
Mask,29,70,21,26,1903_jpg.rf.db4911691fd2c03f4139c15dbe3df09b.jpg,300,300,50,96
Mask,54,53,13,16,1903_jpg.rf.db4911691fd2c03f4139c15dbe3df09b.jpg,300,300,67,69
Mask,76,46,15,20,1903_jpg.rf.db4911691fd2c03f4139c15dbe3df09b.jpg,300,300,91,66
Mask,97,53,16,16,1903_jpg.rf.db4911691fd2c03f4139c15dbe3df09b.jpg,300,300,113,69
Mask,118,53,15,19,1903_jpg.rf.db4911691fd2c03f4139c15dbe3df09b.jpg,300,300,133,72
Mask,136,73,17,22,1903_jpg.rf.db4911691fd2c03f4139c15dbe3df09b.jpg,300,300,153,95
Mask,135,34,12,8,1903_jpg.rf.db4911691fd2c03f4139c15dbe3df09b.jpg,300,300,147,42
None,144,117,13,23,1904_jpg.rf.8c9175c932955da7a376c6c5a35770c0.jpg,300,300,157,140
Mask,122,142,18,21,1904_jpg.rf.8c9175c932955da7a376c6c5a35770c0.jpg,300,300,140,163
Mask,38,128,20,22,1904_jpg.rf.8c9175c932955da7a376c6c5a35770c0.jpg,300,300,58,150
Mask,62,131,63,70,1905_jpg.rf.9e50fe3b834112be775c7217243a330c.jpg,300,300,125,201
None,251,67,33,78,1905_jpg.rf.9e50fe3b834112be775c7217243a330c.jpg,300,300,284,145
None,152,123,57,107,1905_jpg.rf.9e50fe3b834112be775c7217243a330c.jpg,300,300,209,230
Mask,143,155,13,12,1907_jpg.rf.39f311acd81c32160260e809f3aed9a3.jpg,300,300,156,167
Mask,96,70,13,15,1907_jpg.rf.39f311acd81c32160260e809f3aed9a3.jpg,300,300,109,85
Mask,208,68,12,16,1907_jpg.rf.39f311acd81c32160260e809f3aed9a3.jpg,300,300,220,84
None,94,90,31,39,1908_jpg.rf.87d7cb0586dce03be32172065d997de6.jpg,300,300,125,129
Mask,273,108,27,30,1909_jpg.rf.4d1cf36303452aa89654b60a72dbe3fd.jpg,300,300,300,138
Mask,188,122,49,34,1909_jpg.rf.4d1cf36303452aa89654b60a72dbe3fd.jpg,300,300,237,156
Mask,78,70,59,49,1909_jpg.rf.4d1cf36303452aa89654b60a72dbe3fd.jpg,300,300,137,119
None,97,6,203,293,1913_jpg.rf.8adf347241ee3a644e0a62b95146e7af.jpg,300,300,300,299
None,224,110,25,27,1915_jpg.rf.894423c30e3f158e1f53d688a8904c50.jpg,300,300,249,137
None,139,80,50,50,1915_jpg.rf.894423c30e3f158e1f53d688a8904c50.jpg,300,300,189,130
Mask,66,98,40,25,1915_jpg.rf.894423c30e3f158e1f53d688a8904c50.jpg,300,300,106,123
Mask,23,108,33,27,1915_jpg.rf.894423c30e3f158e1f53d688a8904c50.jpg,300,300,56,135
None,118,63,63,135,1918_jpg.rf.09c8c8af160194c4c4ec29b273174e21.jpg,300,300,181,198
None,130,66,24,40,1919_jpg.rf.59e4a28dff4202d3a83dc12d90c6996a.jpg,300,300,154,106
Mask,77,115,20,21,1923_jpg.rf.ce6f6619c1a7d8a6621468df6a2915c3.jpg,300,300,97,136
Mask,121,109,21,21,1923_jpg.rf.ce6f6619c1a7d8a6621468df6a2915c3.jpg,300,300,142,130
Mask,183,109,14,15,1923_jpg.rf.ce6f6619c1a7d8a6621468df6a2915c3.jpg,300,300,197,124
Mask,140,155,21,23,1927_jpg.rf.c01028ffc2f131d63b72c93c852ec1f2.jpg,300,300,161,178
Mask,93,199,16,21,1927_jpg.rf.c01028ffc2f131d63b72c93c852ec1f2.jpg,300,300,109,220
Mask,48,194,19,18,1927_jpg.rf.c01028ffc2f131d63b72c93c852ec1f2.jpg,300,300,67,212
Mask,166,129,12,9,1927_jpg.rf.c01028ffc2f131d63b72c93c852ec1f2.jpg,300,300,178,138
Mask,81,101,17,25,1928_jpg.rf.9c098d2f1852ee748b0e39b8d0c0a406.jpg,300,300,98,126
Mask,191,98,14,20,1928_jpg.rf.9c098d2f1852ee748b0e39b8d0c0a406.jpg,300,300,205,118
None,49,26,92,219,1929_jpg.rf.8fd301d7f5600f3dfedcfa2e2a410c89.jpg,300,300,141,245
None,221,21,79,227,1929_jpg.rf.8fd301d7f5600f3dfedcfa2e2a410c89.jpg,300,300,300,248
Mask,0,95,22,53,1930_jpg.rf.8e0dc1a942b6b617e55bfea0fd2357e4.jpg,300,300,22,148
Mask,23,92,12,12,1930_jpg.rf.8e0dc1a942b6b617e55bfea0fd2357e4.jpg,300,300,35,104
Mask,44,83,6,10,1930_jpg.rf.8e0dc1a942b6b617e55bfea0fd2357e4.jpg,300,300,50,93
Mask,57,91,8,9,1930_jpg.rf.8e0dc1a942b6b617e55bfea0fd2357e4.jpg,300,300,65,100
Mask,74,92,15,17,1930_jpg.rf.8e0dc1a942b6b617e55bfea0fd2357e4.jpg,300,300,89,109
Mask,91,98,7,9,1930_jpg.rf.8e0dc1a942b6b617e55bfea0fd2357e4.jpg,300,300,98,107
Mask,96,100,11,15,1930_jpg.rf.8e0dc1a942b6b617e55bfea0fd2357e4.jpg,300,300,107,115
Mask,108,122,20,19,1930_jpg.rf.8e0dc1a942b6b617e55bfea0fd2357e4.jpg,300,300,128,141
Mask,122,96,17,18,1930_jpg.rf.8e0dc1a942b6b617e55bfea0fd2357e4.jpg,300,300,139,114
Mask,150,82,9,8,1930_jpg.rf.8e0dc1a942b6b617e55bfea0fd2357e4.jpg,300,300,159,90
Mask,185,64,18,26,1930_jpg.rf.8e0dc1a942b6b617e55bfea0fd2357e4.jpg,300,300,203,90
Mask,206,105,19,24,1930_jpg.rf.8e0dc1a942b6b617e55bfea0fd2357e4.jpg,300,300,225,129
Mask,257,76,18,20,1930_jpg.rf.8e0dc1a942b6b617e55bfea0fd2357e4.jpg,300,300,275,96
None,35,2,44,74,1950_jpg.rf.507225eb46d2224b91e75a8b63c14c24.jpg,300,300,79,76
Mask,277,38,23,23,1950_jpg.rf.507225eb46d2224b91e75a8b63c14c24.jpg,300,300,300,61
Mask,150,30,38,41,1950_jpg.rf.507225eb46d2224b91e75a8b63c14c24.jpg,300,300,188,71
Helmet,145,39,20,45,1952_jpg.rf.0a5c0ae0dd9443566285bf488e2978a3.jpg,300,300,165,84
Helmet,235,33,37,51,1952_jpg.rf.0a5c0ae0dd9443566285bf488e2978a3.jpg,300,300,272,84
Mask,239,71,18,33,1952_jpg.rf.0a5c0ae0dd9443566285bf488e2978a3.jpg,300,300,257,104
Mask,191,59,26,40,1952_jpg.rf.0a5c0ae0dd9443566285bf488e2978a3.jpg,300,300,217,99
Mask,170,78,20,32,1952_jpg.rf.0a5c0ae0dd9443566285bf488e2978a3.jpg,300,300,190,110
Helmet,176,2,57,71,1952_jpg.rf.0a5c0ae0dd9443566285bf488e2978a3.jpg,300,300,233,73
Mask,116,91,25,32,1952_jpg.rf.0a5c0ae0dd9443566285bf488e2978a3.jpg,300,300,141,123
Helmet,108,30,45,58,1952_jpg.rf.0a5c0ae0dd9443566285bf488e2978a3.jpg,300,300,153,88
Mask,40,49,25,26,1952_jpg.rf.0a5c0ae0dd9443566285bf488e2978a3.jpg,300,300,65,75
Helmet,31,9,35,38,1952_jpg.rf.0a5c0ae0dd9443566285bf488e2978a3.jpg,300,300,66,47
None,245,209,21,42,1954_jpg.rf.e1271be7d704d572537198f24d3f6337.jpg,300,300,266,251
None,181,226,18,40,1954_jpg.rf.e1271be7d704d572537198f24d3f6337.jpg,300,300,199,266
None,97,112,13,28,1954_jpg.rf.e1271be7d704d572537198f24d3f6337.jpg,300,300,110,140
None,58,131,16,26,1954_jpg.rf.e1271be7d704d572537198f24d3f6337.jpg,300,300,74,157
None,21,125,10,28,1954_jpg.rf.e1271be7d704d572537198f24d3f6337.jpg,300,300,31,153
None,3,104,9,24,1954_jpg.rf.e1271be7d704d572537198f24d3f6337.jpg,300,300,12,128
None,26,96,12,26,1954_jpg.rf.e1271be7d704d572537198f24d3f6337.jpg,300,300,38,122
None,38,92,7,18,1954_jpg.rf.e1271be7d704d572537198f24d3f6337.jpg,300,300,45,110
None,61,100,9,16,1954_jpg.rf.e1271be7d704d572537198f24d3f6337.jpg,300,300,70,116
None,87,91,8,14,1954_jpg.rf.e1271be7d704d572537198f24d3f6337.jpg,300,300,95,105
None,129,30,10,30,1954_jpg.rf.e1271be7d704d572537198f24d3f6337.jpg,300,300,139,60
None,115,18,6,19,1954_jpg.rf.e1271be7d704d572537198f24d3f6337.jpg,300,300,121,37
None,143,11,7,32,1954_jpg.rf.e1271be7d704d572537198f24d3f6337.jpg,300,300,150,43
None,12,46,8,16,1954_jpg.rf.e1271be7d704d572537198f24d3f6337.jpg,300,300,20,62
None,0,33,7,20,1954_jpg.rf.e1271be7d704d572537198f24d3f6337.jpg,300,300,7,53
None,46,67,7,13,1954_jpg.rf.e1271be7d704d572537198f24d3f6337.jpg,300,300,53,80
None,23,67,8,10,1954_jpg.rf.e1271be7d704d572537198f24d3f6337.jpg,300,300,31,77
None,61,61,6,11,1954_jpg.rf.e1271be7d704d572537198f24d3f6337.jpg,300,300,67,72
Mask,77,33,4,6,1954_jpg.rf.e1271be7d704d572537198f24d3f6337.jpg,300,300,81,39
Mask,68,74,7,11,1954_jpg.rf.e1271be7d704d572537198f24d3f6337.jpg,300,300,75,85
None,99,61,7,15,1954_jpg.rf.e1271be7d704d572537198f24d3f6337.jpg,300,300,106,76
None,28,33,6,8,1954_jpg.rf.e1271be7d704d572537198f24d3f6337.jpg,300,300,34,41
Mask,106,94,6,10,1957_jpg.rf.4ef001e97d29a6094b4bf71dd6ed8469.jpg,300,300,112,104
Mask,169,115,24,22,1957_jpg.rf.4ef001e97d29a6094b4bf71dd6ed8469.jpg,300,300,193,137
Mask,247,135,40,32,1957_jpg.rf.4ef001e97d29a6094b4bf71dd6ed8469.jpg,300,300,287,167
Mask,290,120,10,25,1957_jpg.rf.4ef001e97d29a6094b4bf71dd6ed8469.jpg,300,300,300,145
Mask,10,110,39,31,1957_jpg.rf.4ef001e97d29a6094b4bf71dd6ed8469.jpg,300,300,49,141
None,59,83,15,22,1957_jpg.rf.4ef001e97d29a6094b4bf71dd6ed8469.jpg,300,300,74,105
None,0,89,8,16,1957_jpg.rf.4ef001e97d29a6094b4bf71dd6ed8469.jpg,300,300,8,105
Helmet,241,80,18,18,1957_jpg.rf.4ef001e97d29a6094b4bf71dd6ed8469.jpg,300,300,259,98
Mask,90,75,30,43,1960_jpg.rf.97b485698746176a378d1a5b0325b19b.jpg,300,300,120,118
Mask,244,46,20,22,1960_jpg.rf.97b485698746176a378d1a5b0325b19b.jpg,300,300,264,68
Mask,27,149,11,10,1971_jpg.rf.6fbb2c8ea14ff60bb660fc6b65324635.jpg,300,300,38,159
Mask,201,79,12,18,1971_jpg.rf.6fbb2c8ea14ff60bb660fc6b65324635.jpg,300,300,213,97
Mask,184,168,10,15,1971_jpg.rf.6fbb2c8ea14ff60bb660fc6b65324635.jpg,300,300,194,183
Mask,149,176,11,12,1971_jpg.rf.6fbb2c8ea14ff60bb660fc6b65324635.jpg,300,300,160,188
Mask,95,86,15,18,1979_jpg.rf.8cc343f7efcb8dc67a765e379a805de2.jpg,300,300,110,104
Mask,16,36,22,39,1979_jpg.rf.8cc343f7efcb8dc67a765e379a805de2.jpg,300,300,38,75
Mask,114,111,18,22,1979_jpg.rf.8cc343f7efcb8dc67a765e379a805de2.jpg,300,300,132,133
Mask,145,66,20,31,1979_jpg.rf.8cc343f7efcb8dc67a765e379a805de2.jpg,300,300,165,97
Mask,230,77,19,18,1979_jpg.rf.8cc343f7efcb8dc67a765e379a805de2.jpg,300,300,249,95
Mask,270,106,25,28,1979_jpg.rf.8cc343f7efcb8dc67a765e379a805de2.jpg,300,300,295,134
None,193,52,30,54,1979_jpg.rf.8cc343f7efcb8dc67a765e379a805de2.jpg,300,300,223,106
None,126,37,16,36,1979_jpg.rf.8cc343f7efcb8dc67a765e379a805de2.jpg,300,300,142,73
None,61,57,22,47,1979_jpg.rf.8cc343f7efcb8dc67a765e379a805de2.jpg,300,300,83,104
Mask,226,152,12,16,1983_jpg.rf.348e10d2b9ce4832a1bf6307a58f72ac.jpg,300,300,238,168
Mask,238,147,7,12,1983_jpg.rf.348e10d2b9ce4832a1bf6307a58f72ac.jpg,300,300,245,159
None,70,138,9,15,1983_jpg.rf.348e10d2b9ce4832a1bf6307a58f72ac.jpg,300,300,79,153
None,184,117,13,25,1983_jpg.rf.348e10d2b9ce4832a1bf6307a58f72ac.jpg,300,300,197,142
None,110,131,13,17,1983_jpg.rf.348e10d2b9ce4832a1bf6307a58f72ac.jpg,300,300,123,148
None,1,139,10,19,1983_jpg.rf.348e10d2b9ce4832a1bf6307a58f72ac.jpg,300,300,11,158
Mask,220,168,12,17,1986_jpg.rf.14907ef4e4b27dafba379151f56fe05d.jpg,300,300,232,185
Mask,249,165,21,23,1986_jpg.rf.14907ef4e4b27dafba379151f56fe05d.jpg,300,300,270,188
Mask,128,129,20,31,1986_jpg.rf.14907ef4e4b27dafba379151f56fe05d.jpg,300,300,148,160
Mask,108,146,21,32,1986_jpg.rf.14907ef4e4b27dafba379151f56fe05d.jpg,300,300,129,178
Mask,21,151,16,21,1986_jpg.rf.14907ef4e4b27dafba379151f56fe05d.jpg,300,300,37,172
Mask,117,129,7,12,1990_jpg.rf.83415af288019af85b8bffe426bd7f29.jpg,300,300,124,141
Mask,149,139,11,10,1990_jpg.rf.83415af288019af85b8bffe426bd7f29.jpg,300,300,160,149
Mask,13,196,26,25,1990_jpg.rf.83415af288019af85b8bffe426bd7f29.jpg,300,300,39,221
Mask,92,180,21,23,1990_jpg.rf.83415af288019af85b8bffe426bd7f29.jpg,300,300,113,203
Mask,135,186,12,16,1990_jpg.rf.83415af288019af85b8bffe426bd7f29.jpg,300,300,147,202
Mask,152,181,10,23,1990_jpg.rf.83415af288019af85b8bffe426bd7f29.jpg,300,300,162,204
Mask,177,157,12,13,1990_jpg.rf.83415af288019af85b8bffe426bd7f29.jpg,300,300,189,170
Mask,150,161,16,16,1990_jpg.rf.83415af288019af85b8bffe426bd7f29.jpg,300,300,166,177
Mask,265,173,14,10,1990_jpg.rf.83415af288019af85b8bffe426bd7f29.jpg,300,300,279,183
Mask,273,123,11,16,1990_jpg.rf.83415af288019af85b8bffe426bd7f29.jpg,300,300,284,139
Mask,221,128,7,13,1990_jpg.rf.83415af288019af85b8bffe426bd7f29.jpg,300,300,228,141
Mask,212,108,7,10,1990_jpg.rf.83415af288019af85b8bffe426bd7f29.jpg,300,300,219,118
Mask,169,114,8,10,1990_jpg.rf.83415af288019af85b8bffe426bd7f29.jpg,300,300,177,124
Mask,185,97,7,7,1990_jpg.rf.83415af288019af85b8bffe426bd7f29.jpg,300,300,192,104
Mask,130,86,7,6,1990_jpg.rf.83415af288019af85b8bffe426bd7f29.jpg,300,300,137,92
Mask,123,86,5,6,1990_jpg.rf.83415af288019af85b8bffe426bd7f29.jpg,300,300,128,92
Mask,116,93,8,8,1990_jpg.rf.83415af288019af85b8bffe426bd7f29.jpg,300,300,124,101
Mask,104,92,7,7,1990_jpg.rf.83415af288019af85b8bffe426bd7f29.jpg,300,300,111,99
Mask,95,81,7,9,1990_jpg.rf.83415af288019af85b8bffe426bd7f29.jpg,300,300,102,90
Mask,82,85,5,7,1990_jpg.rf.83415af288019af85b8bffe426bd7f29.jpg,300,300,87,92
Mask,72,81,6,7,1990_jpg.rf.83415af288019af85b8bffe426bd7f29.jpg,300,300,78,88
Mask,66,81,7,7,1990_jpg.rf.83415af288019af85b8bffe426bd7f29.jpg,300,300,73,88
Mask,60,110,12,8,1990_jpg.rf.83415af288019af85b8bffe426bd7f29.jpg,300,300,72,118
Mask,65,140,10,12,1990_jpg.rf.83415af288019af85b8bffe426bd7f29.jpg,300,300,75,152
Mask,58,127,6,12,1990_jpg.rf.83415af288019af85b8bffe426bd7f29.jpg,300,300,64,139
Mask,54,94,6,6,1990_jpg.rf.83415af288019af85b8bffe426bd7f29.jpg,300,300,60,100
Mask,23,84,5,8,1990_jpg.rf.83415af288019af85b8bffe426bd7f29.jpg,300,300,28,92
Mask,129,109,10,11,1990_jpg.rf.83415af288019af85b8bffe426bd7f29.jpg,300,300,139,120
Mask,55,105,37,48,1994_jpg.rf.c2aa1bf19c1a3244d530f61315010f5b.jpg,300,300,92,153
Mask,214,79,34,37,1994_jpg.rf.c2aa1bf19c1a3244d530f61315010f5b.jpg,300,300,248,116
None,19,93,12,25,2000_jpg.rf.b11a8a520d860f3390e1856160ca18dc.jpg,300,300,31,118
None,5,99,10,21,2000_jpg.rf.b11a8a520d860f3390e1856160ca18dc.jpg,300,300,15,120
None,117,111,10,17,2000_jpg.rf.b11a8a520d860f3390e1856160ca18dc.jpg,300,300,127,128
None,243,112,13,26,2000_jpg.rf.b11a8a520d860f3390e1856160ca18dc.jpg,300,300,256,138
None,171,110,10,19,2000_jpg.rf.b11a8a520d860f3390e1856160ca18dc.jpg,300,300,181,129
Mask,149,142,15,16,2000_jpg.rf.b11a8a520d860f3390e1856160ca18dc.jpg,300,300,164,158
Mask,198,112,21,31,2000_jpg.rf.b11a8a520d860f3390e1856160ca18dc.jpg,300,300,219,143
Mask,93,134,18,20,2000_jpg.rf.b11a8a520d860f3390e1856160ca18dc.jpg,300,300,111,154
Mask,61,136,10,15,2000_jpg.rf.b11a8a520d860f3390e1856160ca18dc.jpg,300,300,71,151
Mask,67,110,8,10,2000_jpg.rf.b11a8a520d860f3390e1856160ca18dc.jpg,300,300,75,120
Mask,77,104,10,10,2000_jpg.rf.b11a8a520d860f3390e1856160ca18dc.jpg,300,300,87,114
None,47,96,15,33,2000_jpg.rf.b11a8a520d860f3390e1856160ca18dc.jpg,300,300,62,129
None,24,7,89,161,2003_jpg.rf.70f20d8edd1130031a8f54863a1ed3c0.jpg,300,300,113,168
None,142,125,83,174,2003_jpg.rf.70f20d8edd1130031a8f54863a1ed3c0.jpg,300,300,225,299
None,228,10,17,23,2010_jpg.rf.06c7067e83670298e81fe875e51cd73c.jpg,300,300,245,33
Mask,185,162,41,48,2010_jpg.rf.06c7067e83670298e81fe875e51cd73c.jpg,300,300,226,210
Mask,70,232,39,31,2010_jpg.rf.06c7067e83670298e81fe875e51cd73c.jpg,300,300,109,263
Mask,200,72,31,30,2016_jpg.rf.8b7a64da10cdbf0a935929bc4f8f7b58.jpg,300,300,231,102
Mask,187,76,14,18,2016_jpg.rf.8b7a64da10cdbf0a935929bc4f8f7b58.jpg,300,300,201,94
Mask,137,48,30,35,2016_jpg.rf.8b7a64da10cdbf0a935929bc4f8f7b58.jpg,300,300,167,83
Mask,249,62,29,30,2016_jpg.rf.8b7a64da10cdbf0a935929bc4f8f7b58.jpg,300,300,278,92
Mask,59,46,31,30,2016_jpg.rf.8b7a64da10cdbf0a935929bc4f8f7b58.jpg,300,300,90,76
Mask,10,92,26,24,2016_jpg.rf.8b7a64da10cdbf0a935929bc4f8f7b58.jpg,300,300,36,116
None,265,114,14,27,2036_jpg.rf.27525e573384d03d9398bee8e56a34a7.jpg,300,300,279,141
None,219,105,13,23,2036_jpg.rf.27525e573384d03d9398bee8e56a34a7.jpg,300,300,232,128
None,173,107,14,22,2036_jpg.rf.27525e573384d03d9398bee8e56a34a7.jpg,300,300,187,129
None,138,121,12,17,2036_jpg.rf.27525e573384d03d9398bee8e56a34a7.jpg,300,300,150,138
None,102,116,8,20,2036_jpg.rf.27525e573384d03d9398bee8e56a34a7.jpg,300,300,110,136
None,61,130,10,16,2036_jpg.rf.27525e573384d03d9398bee8e56a34a7.jpg,300,300,71,146
None,29,118,9,21,2036_jpg.rf.27525e573384d03d9398bee8e56a34a7.jpg,300,300,38,139
None,83,102,8,16,2036_jpg.rf.27525e573384d03d9398bee8e56a34a7.jpg,300,300,91,118
None,106,92,9,20,2036_jpg.rf.27525e573384d03d9398bee8e56a34a7.jpg,300,300,115,112
None,138,93,7,15,2036_jpg.rf.27525e573384d03d9398bee8e56a34a7.jpg,300,300,145,108
None,201,40,13,24,2036_jpg.rf.27525e573384d03d9398bee8e56a34a7.jpg,300,300,214,64
None,217,26,11,26,2036_jpg.rf.27525e573384d03d9398bee8e56a34a7.jpg,300,300,228,52
None,234,27,5,14,2036_jpg.rf.27525e573384d03d9398bee8e56a34a7.jpg,300,300,239,41
None,271,13,8,12,2036_jpg.rf.27525e573384d03d9398bee8e56a34a7.jpg,300,300,279,25
None,255,38,8,13,2036_jpg.rf.27525e573384d03d9398bee8e56a34a7.jpg,300,300,263,51
None,125,72,7,10,2036_jpg.rf.27525e573384d03d9398bee8e56a34a7.jpg,300,300,132,82
None,76,48,9,14,2036_jpg.rf.27525e573384d03d9398bee8e56a34a7.jpg,300,300,85,62
None,92,54,7,11,2036_jpg.rf.27525e573384d03d9398bee8e56a34a7.jpg,300,300,99,65
None,7,57,5,13,2036_jpg.rf.27525e573384d03d9398bee8e56a34a7.jpg,300,300,12,70
None,17,58,6,10,2036_jpg.rf.27525e573384d03d9398bee8e56a34a7.jpg,300,300,23,68
None,37,54,4,9,2036_jpg.rf.27525e573384d03d9398bee8e56a34a7.jpg,300,300,41,63
None,44,95,8,10,2036_jpg.rf.27525e573384d03d9398bee8e56a34a7.jpg,300,300,52,105
None,56,87,6,10,2036_jpg.rf.27525e573384d03d9398bee8e56a34a7.jpg,300,300,62,97
None,70,89,7,11,2036_jpg.rf.27525e573384d03d9398bee8e56a34a7.jpg,300,300,77,100
None,139,66,5,10,2036_jpg.rf.27525e573384d03d9398bee8e56a34a7.jpg,300,300,144,76
Mask,145,76,8,9,2036_jpg.rf.27525e573384d03d9398bee8e56a34a7.jpg,300,300,153,85
Mask,56,116,11,9,2036_jpg.rf.27525e573384d03d9398bee8e56a34a7.jpg,300,300,67,125
None,262,82,11,19,2036_jpg.rf.27525e573384d03d9398bee8e56a34a7.jpg,300,300,273,101
None,277,43,8,15,2036_jpg.rf.27525e573384d03d9398bee8e56a34a7.jpg,300,300,285,58
None,239,78,9,16,2036_jpg.rf.27525e573384d03d9398bee8e56a34a7.jpg,300,300,248,94
None,164,89,10,11,2036_jpg.rf.27525e573384d03d9398bee8e56a34a7.jpg,300,300,174,100
None,102,70,9,8,2036_jpg.rf.27525e573384d03d9398bee8e56a34a7.jpg,300,300,111,78
Mask,155,46,4,4,2036_jpg.rf.27525e573384d03d9398bee8e56a34a7.jpg,300,300,159,50
None,117,91,7,12,2036_jpg.rf.27525e573384d03d9398bee8e56a34a7.jpg,300,300,124,103
None,247,26,5,10,2036_jpg.rf.27525e573384d03d9398bee8e56a34a7.jpg,300,300,252,36
None,176,66,8,13,2036_jpg.rf.27525e573384d03d9398bee8e56a34a7.jpg,300,300,184,79
None,189,33,7,14,2036_jpg.rf.27525e573384d03d9398bee8e56a34a7.jpg,300,300,196,47
None,136,30,44,117,2038_jpg.rf.248ade1e4ac9a972fb90fe39347e86db.jpg,300,300,180,147
None,119,77,17,41,2045_jpg.rf.de9cab997cb0a115bb03a1b6e33578ef.jpg,300,300,136,118
None,246,83,16,28,2045_jpg.rf.de9cab997cb0a115bb03a1b6e33578ef.jpg,300,300,262,111
None,272,71,20,35,2045_jpg.rf.de9cab997cb0a115bb03a1b6e33578ef.jpg,300,300,292,106
None,160,73,31,71,2045_jpg.rf.de9cab997cb0a115bb03a1b6e33578ef.jpg,300,300,191,144
None,136,61,18,40,2045_jpg.rf.de9cab997cb0a115bb03a1b6e33578ef.jpg,300,300,154,101
None,173,73,42,97,2053_jpg.rf.d51e33c6209782f2ba770147917946bc.jpg,300,300,215,170
Mask,28,159,74,92,2054_jpg.rf.1498f17f63de4ec4e8bab14315281355.jpg,300,300,102,251
Mask,163,129,10,13,2056_jpg.rf.f723bbdd94e2d58279fe648564fd18f3.jpg,300,300,173,142
Mask,120,118,10,9,2056_jpg.rf.f723bbdd94e2d58279fe648564fd18f3.jpg,300,300,130,127
Mask,125,169,12,19,2056_jpg.rf.f723bbdd94e2d58279fe648564fd18f3.jpg,300,300,137,188
Mask,170,193,13,14,2056_jpg.rf.f723bbdd94e2d58279fe648564fd18f3.jpg,300,300,183,207
Mask,140,227,15,28,2056_jpg.rf.f723bbdd94e2d58279fe648564fd18f3.jpg,300,300,155,255
Mask,78,192,12,16,2056_jpg.rf.f723bbdd94e2d58279fe648564fd18f3.jpg,300,300,90,208
Mask,12,131,7,11,2056_jpg.rf.f723bbdd94e2d58279fe648564fd18f3.jpg,300,300,19,142
Mask,270,143,7,12,2056_jpg.rf.f723bbdd94e2d58279fe648564fd18f3.jpg,300,300,277,155
Mask,222,206,24,33,2056_jpg.rf.f723bbdd94e2d58279fe648564fd18f3.jpg,300,300,246,239
None,23,142,8,18,2056_jpg.rf.f723bbdd94e2d58279fe648564fd18f3.jpg,300,300,31,160
Mask,189,168,7,10,2056_jpg.rf.f723bbdd94e2d58279fe648564fd18f3.jpg,300,300,196,178
None,38,152,5,11,2058_jpg.rf.f7c7ad66e1545d0452ba188fc4d3db81.jpg,300,300,43,163
None,90,159,5,8,2058_jpg.rf.f7c7ad66e1545d0452ba188fc4d3db81.jpg,300,300,95,167
Mask,217,109,13,25,2058_jpg.rf.f7c7ad66e1545d0452ba188fc4d3db81.jpg,300,300,230,134
Mask,6,27,8,9,2059_jpg.rf.d0403aa7cc73270d85ec9ee623c6f755.jpg,300,300,14,36
Mask,87,31,18,17,2059_jpg.rf.d0403aa7cc73270d85ec9ee623c6f755.jpg,300,300,105,48
Mask,53,30,13,13,2059_jpg.rf.d0403aa7cc73270d85ec9ee623c6f755.jpg,300,300,66,43
Mask,30,34,12,16,2059_jpg.rf.d0403aa7cc73270d85ec9ee623c6f755.jpg,300,300,42,50
Mask,160,40,19,20,2059_jpg.rf.d0403aa7cc73270d85ec9ee623c6f755.jpg,300,300,179,60
Mask,184,48,23,26,2059_jpg.rf.d0403aa7cc73270d85ec9ee623c6f755.jpg,300,300,207,74
Mask,244,34,18,18,2059_jpg.rf.d0403aa7cc73270d85ec9ee623c6f755.jpg,300,300,262,52
None,20,25,10,17,2059_jpg.rf.d0403aa7cc73270d85ec9ee623c6f755.jpg,300,300,30,42
Mask,160,85,37,34,2075_jpg.rf.ff76773c667482eee16599be0240900e.jpg,300,300,197,119
Mask,79,84,12,16,2075_jpg.rf.ff76773c667482eee16599be0240900e.jpg,300,300,91,100
Mask,63,126,17,19,2075_jpg.rf.ff76773c667482eee16599be0240900e.jpg,300,300,80,145
Mask,77,45,9,12,2075_jpg.rf.ff76773c667482eee16599be0240900e.jpg,300,300,86,57
Mask,253,222,18,29,2081_jpg.rf.57ddd89dc92cef4b1c5f8145d99ccb4b.jpg,300,300,271,251
Mask,162,61,28,48,2081_jpg.rf.57ddd89dc92cef4b1c5f8145d99ccb4b.jpg,300,300,190,109
Mask,111,109,17,23,2081_jpg.rf.57ddd89dc92cef4b1c5f8145d99ccb4b.jpg,300,300,128,132
Mask,49,108,18,26,2081_jpg.rf.57ddd89dc92cef4b1c5f8145d99ccb4b.jpg,300,300,67,134
Mask,34,208,19,25,2094_jpg.rf.f5ad6fb85cdce190451b7bedd109d0b1.jpg,300,300,53,233
Mask,179,234,19,26,2094_jpg.rf.f5ad6fb85cdce190451b7bedd109d0b1.jpg,300,300,198,260
Mask,237,226,26,31,2094_jpg.rf.f5ad6fb85cdce190451b7bedd109d0b1.jpg,300,300,263,257
Mask,195,121,5,6,2094_jpg.rf.f5ad6fb85cdce190451b7bedd109d0b1.jpg,300,300,200,127
None,247,145,5,9,2094_jpg.rf.f5ad6fb85cdce190451b7bedd109d0b1.jpg,300,300,252,154
Mask,78,158,7,8,2100_jpg.rf.669715ccd5e1b9146bb025b6d5aa536a.jpg,300,300,85,166
Mask,56,180,20,25,2100_jpg.rf.669715ccd5e1b9146bb025b6d5aa536a.jpg,300,300,76,205
Mask,193,127,12,12,2100_jpg.rf.669715ccd5e1b9146bb025b6d5aa536a.jpg,300,300,205,139
Mask,222,139,10,8,2100_jpg.rf.669715ccd5e1b9146bb025b6d5aa536a.jpg,300,300,232,147
Mask,247,141,10,10,2100_jpg.rf.669715ccd5e1b9146bb025b6d5aa536a.jpg,300,300,257,151
None,132,30,33,57,2101_jpg.rf.fa2acbbc430fafc2806cbcecd94614fb.jpg,300,300,165,87
None,51,75,23,46,2101_jpg.rf.fa2acbbc430fafc2806cbcecd94614fb.jpg,300,300,74,121
None,234,167,11,22,2101_jpg.rf.fa2acbbc430fafc2806cbcecd94614fb.jpg,300,300,245,189
Mask,82,112,8,17,2102_jpg.rf.ea89ba5b9c847e1b69e6db62e98598fe.jpg,300,300,90,129
Mask,129,104,11,11,2102_jpg.rf.ea89ba5b9c847e1b69e6db62e98598fe.jpg,300,300,140,115
Mask,234,108,11,16,2102_jpg.rf.ea89ba5b9c847e1b69e6db62e98598fe.jpg,300,300,245,124
None,199,82,10,25,2102_jpg.rf.ea89ba5b9c847e1b69e6db62e98598fe.jpg,300,300,209,107
Mask,73,190,6,9,2109_jpg.rf.9864bb297a7a584ce52d6230f1c1b4a1.jpg,300,300,79,199
Mask,206,163,5,7,2109_jpg.rf.9864bb297a7a584ce52d6230f1c1b4a1.jpg,300,300,211,170
Mask,169,168,7,7,2109_jpg.rf.9864bb297a7a584ce52d6230f1c1b4a1.jpg,300,300,176,175
Mask,152,179,6,8,2109_jpg.rf.9864bb297a7a584ce52d6230f1c1b4a1.jpg,300,300,158,187
Mask,222,173,7,9,2109_jpg.rf.9864bb297a7a584ce52d6230f1c1b4a1.jpg,300,300,229,182
Mask,195,143,7,8,2110_jpg.rf.23d33cdc996ac2a0ff1be1ce9233e539.jpg,300,300,202,151
Mask,89,140,18,25,2110_jpg.rf.23d33cdc996ac2a0ff1be1ce9233e539.jpg,300,300,107,165
Mask,61,142,8,8,2110_jpg.rf.23d33cdc996ac2a0ff1be1ce9233e539.jpg,300,300,69,150
Mask,276,138,5,8,2110_jpg.rf.23d33cdc996ac2a0ff1be1ce9233e539.jpg,300,300,281,146
None,212,107,12,22,2110_jpg.rf.23d33cdc996ac2a0ff1be1ce9233e539.jpg,300,300,224,129
None,11,129,13,25,2110_jpg.rf.23d33cdc996ac2a0ff1be1ce9233e539.jpg,300,300,24,154
Mask,177,141,6,6,2110_jpg.rf.23d33cdc996ac2a0ff1be1ce9233e539.jpg,300,300,183,147
None,19,2,34,65,2112_jpg.rf.9007664448216059b2d167a1ac334f49.jpg,300,300,53,67
Mask,148,67,34,66,2112_jpg.rf.9007664448216059b2d167a1ac334f49.jpg,300,300,182,133
None,258,59,17,29,2121_jpg.rf.b62212f5e27a49ff4bd1ee66fa616cc6.jpg,300,300,275,88
Mask,209,49,25,30,2121_jpg.rf.b62212f5e27a49ff4bd1ee66fa616cc6.jpg,300,300,234,79
Mask,189,54,13,20,2121_jpg.rf.b62212f5e27a49ff4bd1ee66fa616cc6.jpg,300,300,202,74
Mask,240,79,14,7,2121_jpg.rf.b62212f5e27a49ff4bd1ee66fa616cc6.jpg,300,300,254,86
Mask,152,68,20,26,2121_jpg.rf.b62212f5e27a49ff4bd1ee66fa616cc6.jpg,300,300,172,94
Mask,132,59,13,17,2121_jpg.rf.b62212f5e27a49ff4bd1ee66fa616cc6.jpg,300,300,145,76
Mask,99,64,15,19,2121_jpg.rf.b62212f5e27a49ff4bd1ee66fa616cc6.jpg,300,300,114,83
Mask,39,77,18,18,2121_jpg.rf.b62212f5e27a49ff4bd1ee66fa616cc6.jpg,300,300,57,95
Mask,26,68,9,9,2121_jpg.rf.b62212f5e27a49ff4bd1ee66fa616cc6.jpg,300,300,35,77
Mask,11,56,16,18,2121_jpg.rf.b62212f5e27a49ff4bd1ee66fa616cc6.jpg,300,300,27,74
Mask,161,109,30,50,2122_jpg.rf.cae6395e9a094eff0af9974178e41370.jpg,300,300,191,159
None,155,132,12,30,2122_jpg.rf.cae6395e9a094eff0af9974178e41370.jpg,300,300,167,162
Mask,218,57,10,12,2123_jpg.rf.e328510252ac581eb84c1ca064c2af74.jpg,300,300,228,69
Mask,195,69,12,14,2123_jpg.rf.e328510252ac581eb84c1ca064c2af74.jpg,300,300,207,83
Mask,207,113,20,23,2123_jpg.rf.e328510252ac581eb84c1ca064c2af74.jpg,300,300,227,136
Mask,277,51,10,10,2123_jpg.rf.e328510252ac581eb84c1ca064c2af74.jpg,300,300,287,61
Mask,256,69,12,9,2123_jpg.rf.e328510252ac581eb84c1ca064c2af74.jpg,300,300,268,78
Mask,266,49,7,9,2123_jpg.rf.e328510252ac581eb84c1ca064c2af74.jpg,300,300,273,58
Mask,204,54,12,14,2123_jpg.rf.e328510252ac581eb84c1ca064c2af74.jpg,300,300,216,68
Mask,163,63,6,12,2123_jpg.rf.e328510252ac581eb84c1ca064c2af74.jpg,300,300,169,75
Mask,110,59,11,10,2123_jpg.rf.e328510252ac581eb84c1ca064c2af74.jpg,300,300,121,69
Mask,34,91,19,22,2123_jpg.rf.e328510252ac581eb84c1ca064c2af74.jpg,300,300,53,113
Mask,75,118,23,22,2123_jpg.rf.e328510252ac581eb84c1ca064c2af74.jpg,300,300,98,140
Mask,42,50,11,8,2123_jpg.rf.e328510252ac581eb84c1ca064c2af74.jpg,300,300,53,58
Mask,24,71,11,13,2123_jpg.rf.e328510252ac581eb84c1ca064c2af74.jpg,300,300,35,84
Mask,168,82,14,15,2123_jpg.rf.e328510252ac581eb84c1ca064c2af74.jpg,300,300,182,97
Mask,130,81,18,25,2123_jpg.rf.e328510252ac581eb84c1ca064c2af74.jpg,300,300,148,106
Mask,167,91,12,21,2124_jpg.rf.0230a7ab960ea04b7a53f05c8bf4efa6.jpg,300,300,179,112
Mask,143,129,68,100,2129_jpg.rf.a2e516c5e5a4a591dc90c6e06406c2c9.jpg,300,300,211,229
Mask,30,163,5,15,2134_jpg.rf.1fd871030745ced2fa80caf1c7fcb6a2.jpg,300,300,35,178
Mask,43,161,7,13,2134_jpg.rf.1fd871030745ced2fa80caf1c7fcb6a2.jpg,300,300,50,174
Mask,101,162,6,10,2134_jpg.rf.1fd871030745ced2fa80caf1c7fcb6a2.jpg,300,300,107,172
Mask,147,174,8,10,2134_jpg.rf.1fd871030745ced2fa80caf1c7fcb6a2.jpg,300,300,155,184
Mask,241,162,8,13,2134_jpg.rf.1fd871030745ced2fa80caf1c7fcb6a2.jpg,300,300,249,175
Mask,268,230,9,10,2134_jpg.rf.1fd871030745ced2fa80caf1c7fcb6a2.jpg,300,300,277,240
Mask,227,78,7,8,2134_jpg.rf.1fd871030745ced2fa80caf1c7fcb6a2.jpg,300,300,234,86
Mask,270,27,8,7,2134_jpg.rf.1fd871030745ced2fa80caf1c7fcb6a2.jpg,300,300,278,34
Mask,125,124,39,64,2135_jpg.rf.530b81c23d8aaa356dfdab5ae425e84d.jpg,300,300,164,188
None,221,70,45,97,2135_jpg.rf.530b81c23d8aaa356dfdab5ae425e84d.jpg,300,300,266,167
Mask,0,112,27,40,2136_jpg.rf.f4fa099ce79aa4905bc79fe679955df8.jpg,300,300,27,152
Mask,23,82,15,38,2136_jpg.rf.f4fa099ce79aa4905bc79fe679955df8.jpg,300,300,38,120
Mask,60,81,21,37,2136_jpg.rf.f4fa099ce79aa4905bc79fe679955df8.jpg,300,300,81,118
Mask,147,114,21,37,2136_jpg.rf.f4fa099ce79aa4905bc79fe679955df8.jpg,300,300,168,151
Mask,185,106,25,28,2136_jpg.rf.f4fa099ce79aa4905bc79fe679955df8.jpg,300,300,210,134
Mask,131,115,16,29,2136_jpg.rf.f4fa099ce79aa4905bc79fe679955df8.jpg,300,300,147,144
Mask,227,89,20,33,2136_jpg.rf.f4fa099ce79aa4905bc79fe679955df8.jpg,300,300,247,122
Mask,155,51,24,28,2136_jpg.rf.f4fa099ce79aa4905bc79fe679955df8.jpg,300,300,179,79
Mask,115,56,27,33,2136_jpg.rf.f4fa099ce79aa4905bc79fe679955df8.jpg,300,300,142,89
Mask,58,38,11,25,2136_jpg.rf.f4fa099ce79aa4905bc79fe679955df8.jpg,300,300,69,63
Mask,190,122,66,130,2137_jpg.rf.21339daafca0e1887501ee362235f0c1.jpg,300,300,256,252
Mask,65,67,16,32,2148_jpg.rf.a7268a69ffedb15146f28076abd32528.jpg,300,300,81,99
Mask,142,98,11,18,2148_jpg.rf.a7268a69ffedb15146f28076abd32528.jpg,300,300,153,116
Mask,175,115,10,17,2148_jpg.rf.a7268a69ffedb15146f28076abd32528.jpg,300,300,185,132
Mask,212,127,8,12,2148_jpg.rf.a7268a69ffedb15146f28076abd32528.jpg,300,300,220,139
Mask,257,138,8,11,2148_jpg.rf.a7268a69ffedb15146f28076abd32528.jpg,300,300,265,149
None,95,84,8,16,2152_jpg.rf.93f82e02bc2e3f635d587da0645739b6.jpg,300,300,103,100
None,63,101,8,13,2152_jpg.rf.93f82e02bc2e3f635d587da0645739b6.jpg,300,300,71,114
None,135,98,14,31,2152_jpg.rf.93f82e02bc2e3f635d587da0645739b6.jpg,300,300,149,129
Mask,179,99,16,17,2152_jpg.rf.93f82e02bc2e3f635d587da0645739b6.jpg,300,300,195,116
Mask,282,114,17,35,2152_jpg.rf.93f82e02bc2e3f635d587da0645739b6.jpg,300,300,299,149
Mask,226,114,12,18,2152_jpg.rf.93f82e02bc2e3f635d587da0645739b6.jpg,300,300,238,132
Mask,13,116,16,23,2152_jpg.rf.93f82e02bc2e3f635d587da0645739b6.jpg,300,300,29,139
Mask,30,100,11,9,2152_jpg.rf.93f82e02bc2e3f635d587da0645739b6.jpg,300,300,41,109
Mask,78,107,58,81,2153_jpg.rf.7c8eb898d1a684c0fa90bde2105e903c.jpg,300,300,136,188
Mask,125,147,13,6,2155_jpg.rf.16a073b777049337ee93606223ee2911.jpg,300,300,138,153
Mask,93,129,18,7,2155_jpg.rf.16a073b777049337ee93606223ee2911.jpg,300,300,111,136
Mask,264,173,23,18,2155_jpg.rf.16a073b777049337ee93606223ee2911.jpg,300,300,287,191
None,186,144,17,20,2155_jpg.rf.16a073b777049337ee93606223ee2911.jpg,300,300,203,164
None,144,144,14,19,2155_jpg.rf.16a073b777049337ee93606223ee2911.jpg,300,300,158,163
None,127,94,9,20,2156_jpg.rf.ee98022568d8abfd9a492d992815276e.jpg,300,300,136,114
Mask,184,125,26,30,2156_jpg.rf.ee98022568d8abfd9a492d992815276e.jpg,300,300,210,155
Mask,152,120,17,16,2156_jpg.rf.ee98022568d8abfd9a492d992815276e.jpg,300,300,169,136
Mask,62,29,20,26,2156_jpg.rf.ee98022568d8abfd9a492d992815276e.jpg,300,300,82,55
None,111,98,8,11,2156_jpg.rf.ee98022568d8abfd9a492d992815276e.jpg,300,300,119,109
None,198,107,22,51,2159_jpg.rf.12da4c81734cb017a0c3fd7abe7531ce.jpg,300,300,220,158
Mask,150,160,13,15,2159_jpg.rf.12da4c81734cb017a0c3fd7abe7531ce.jpg,300,300,163,175
Mask,267,199,31,39,2159_jpg.rf.12da4c81734cb017a0c3fd7abe7531ce.jpg,300,300,298,238
None,211,177,18,34,2159_jpg.rf.12da4c81734cb017a0c3fd7abe7531ce.jpg,300,300,229,211
Mask,50,144,39,60,2159_jpg.rf.12da4c81734cb017a0c3fd7abe7531ce.jpg,300,300,89,204
None,104,133,20,49,2159_jpg.rf.12da4c81734cb017a0c3fd7abe7531ce.jpg,300,300,124,182
Mask,26,74,17,15,2161_jpg.rf.a7242c6fdbc02ff75d249cdf85834f8b.jpg,300,300,43,89
Mask,239,279,26,20,2161_jpg.rf.a7242c6fdbc02ff75d249cdf85834f8b.jpg,300,300,265,299
Mask,203,276,23,24,2161_jpg.rf.a7242c6fdbc02ff75d249cdf85834f8b.jpg,300,300,226,300
Mask,159,231,20,23,2161_jpg.rf.a7242c6fdbc02ff75d249cdf85834f8b.jpg,300,300,179,254
Mask,180,234,18,24,2161_jpg.rf.a7242c6fdbc02ff75d249cdf85834f8b.jpg,300,300,198,258
Mask,249,230,25,26,2161_jpg.rf.a7242c6fdbc02ff75d249cdf85834f8b.jpg,300,300,274,256
Mask,279,232,16,23,2161_jpg.rf.a7242c6fdbc02ff75d249cdf85834f8b.jpg,300,300,295,255
Mask,206,186,15,26,2161_jpg.rf.a7242c6fdbc02ff75d249cdf85834f8b.jpg,300,300,221,212
Mask,234,188,16,18,2161_jpg.rf.a7242c6fdbc02ff75d249cdf85834f8b.jpg,300,300,250,206
Mask,290,197,10,27,2161_jpg.rf.a7242c6fdbc02ff75d249cdf85834f8b.jpg,300,300,300,224
Mask,268,175,16,18,2161_jpg.rf.a7242c6fdbc02ff75d249cdf85834f8b.jpg,300,300,284,193
Mask,166,165,15,18,2161_jpg.rf.a7242c6fdbc02ff75d249cdf85834f8b.jpg,300,300,181,183
Mask,139,140,16,25,2161_jpg.rf.a7242c6fdbc02ff75d249cdf85834f8b.jpg,300,300,155,165
Mask,69,152,19,9,2161_jpg.rf.a7242c6fdbc02ff75d249cdf85834f8b.jpg,300,300,88,161
Mask,45,155,16,18,2161_jpg.rf.a7242c6fdbc02ff75d249cdf85834f8b.jpg,300,300,61,173
Mask,29,159,16,13,2161_jpg.rf.a7242c6fdbc02ff75d249cdf85834f8b.jpg,300,300,45,172
Mask,7,145,20,16,2161_jpg.rf.a7242c6fdbc02ff75d249cdf85834f8b.jpg,300,300,27,161
Mask,2,190,25,16,2161_jpg.rf.a7242c6fdbc02ff75d249cdf85834f8b.jpg,300,300,27,206
Mask,34,218,19,28,2161_jpg.rf.a7242c6fdbc02ff75d249cdf85834f8b.jpg,300,300,53,246
Mask,69,242,24,20,2161_jpg.rf.a7242c6fdbc02ff75d249cdf85834f8b.jpg,300,300,93,262
Mask,70,188,13,19,2161_jpg.rf.a7242c6fdbc02ff75d249cdf85834f8b.jpg,300,300,83,207
Mask,196,148,15,15,2161_jpg.rf.a7242c6fdbc02ff75d249cdf85834f8b.jpg,300,300,211,163
Mask,222,118,15,18,2161_jpg.rf.a7242c6fdbc02ff75d249cdf85834f8b.jpg,300,300,237,136
Mask,284,153,12,15,2161_jpg.rf.a7242c6fdbc02ff75d249cdf85834f8b.jpg,300,300,296,168
Mask,262,91,13,13,2161_jpg.rf.a7242c6fdbc02ff75d249cdf85834f8b.jpg,300,300,275,104
Mask,90,104,15,15,2161_jpg.rf.a7242c6fdbc02ff75d249cdf85834f8b.jpg,300,300,105,119
Mask,67,101,18,18,2161_jpg.rf.a7242c6fdbc02ff75d249cdf85834f8b.jpg,300,300,85,119
Mask,41,119,16,13,2161_jpg.rf.a7242c6fdbc02ff75d249cdf85834f8b.jpg,300,300,57,132
Mask,23,124,13,12,2161_jpg.rf.a7242c6fdbc02ff75d249cdf85834f8b.jpg,300,300,36,136
Mask,0,105,9,15,2161_jpg.rf.a7242c6fdbc02ff75d249cdf85834f8b.jpg,300,300,9,120
Mask,87,192,15,24,2161_jpg.rf.a7242c6fdbc02ff75d249cdf85834f8b.jpg,300,300,102,216
Mask,103,214,24,26,2161_jpg.rf.a7242c6fdbc02ff75d249cdf85834f8b.jpg,300,300,127,240
Mask,139,223,16,24,2161_jpg.rf.a7242c6fdbc02ff75d249cdf85834f8b.jpg,300,300,155,247
Mask,287,93,13,17,2161_jpg.rf.a7242c6fdbc02ff75d249cdf85834f8b.jpg,300,300,300,110
Mask,196,59,12,17,2161_jpg.rf.a7242c6fdbc02ff75d249cdf85834f8b.jpg,300,300,208,76
Mask,215,56,10,13,2161_jpg.rf.a7242c6fdbc02ff75d249cdf85834f8b.jpg,300,300,225,69
Mask,237,102,17,25,2161_jpg.rf.a7242c6fdbc02ff75d249cdf85834f8b.jpg,300,300,254,127
Mask,242,65,13,15,2161_jpg.rf.a7242c6fdbc02ff75d249cdf85834f8b.jpg,300,300,255,80
Mask,4,176,43,91,2163_jpg.rf.444893a6e630c18c80af426f4dcbc8e7.jpg,300,300,47,267
Mask,177,79,16,27,2163_jpg.rf.444893a6e630c18c80af426f4dcbc8e7.jpg,300,300,193,106
Mask,145,114,13,29,2163_jpg.rf.444893a6e630c18c80af426f4dcbc8e7.jpg,300,300,158,143
None,209,197,12,26,2163_jpg.rf.444893a6e630c18c80af426f4dcbc8e7.jpg,300,300,221,223
None,120,62,17,54,2163_jpg.rf.444893a6e630c18c80af426f4dcbc8e7.jpg,300,300,137,116
None,87,77,26,65,2163_jpg.rf.444893a6e630c18c80af426f4dcbc8e7.jpg,300,300,113,142
None,50,64,31,96,2163_jpg.rf.444893a6e630c18c80af426f4dcbc8e7.jpg,300,300,81,160
Mask,185,74,19,18,2170_jpg.rf.1e66801348977ca62f953f7a0739a877.jpg,300,300,204,92
Mask,170,77,11,10,2170_jpg.rf.1e66801348977ca62f953f7a0739a877.jpg,300,300,181,87
Mask,134,72,12,18,2170_jpg.rf.1e66801348977ca62f953f7a0739a877.jpg,300,300,146,90
Mask,226,68,13,10,2170_jpg.rf.1e66801348977ca62f953f7a0739a877.jpg,300,300,239,78
Mask,259,76,12,14,2170_jpg.rf.1e66801348977ca62f953f7a0739a877.jpg,300,300,271,90
Mask,59,52,38,48,2170_jpg.rf.1e66801348977ca62f953f7a0739a877.jpg,300,300,97,100
Mask,4,48,23,36,2170_jpg.rf.1e66801348977ca62f953f7a0739a877.jpg,300,300,27,84
Mask,199,47,9,12,2170_jpg.rf.1e66801348977ca62f953f7a0739a877.jpg,300,300,208,59
Mask,75,105,34,35,2173_jpg.rf.a0af02574eaa028db3a54156963a4f42.jpg,300,300,109,140
None,97,0,76,106,2173_jpg.rf.a0af02574eaa028db3a54156963a4f42.jpg,300,300,173,106
Mask,232,129,10,11,2180_jpg.rf.e5c2bb2e0743e8571dda1a4927a2fd1b.jpg,300,300,242,140
Mask,188,116,10,10,2180_jpg.rf.e5c2bb2e0743e8571dda1a4927a2fd1b.jpg,300,300,198,126
Mask,160,107,8,7,2180_jpg.rf.e5c2bb2e0743e8571dda1a4927a2fd1b.jpg,300,300,168,114
Mask,138,99,6,7,2180_jpg.rf.e5c2bb2e0743e8571dda1a4927a2fd1b.jpg,300,300,144,106
Mask,79,89,18,44,2180_jpg.rf.e5c2bb2e0743e8571dda1a4927a2fd1b.jpg,300,300,97,133
Mask,282,102,10,14,2180_jpg.rf.e5c2bb2e0743e8571dda1a4927a2fd1b.jpg,300,300,292,116
Mask,18,56,29,36,2183_jpg.rf.f9276b91c3b41d42d92d26512493fd8b.jpg,300,300,47,92
Mask,154,82,15,16,2183_jpg.rf.f9276b91c3b41d42d92d26512493fd8b.jpg,300,300,169,98
Mask,98,145,20,33,2183_jpg.rf.f9276b91c3b41d42d92d26512493fd8b.jpg,300,300,118,178
Mask,103,86,14,16,2185_jpg.rf.a0346f27c1fb0248da5712aabea5a2c7.jpg,300,300,117,102
Mask,133,40,17,18,2185_jpg.rf.a0346f27c1fb0248da5712aabea5a2c7.jpg,300,300,150,58
Mask,151,60,10,13,2185_jpg.rf.a0346f27c1fb0248da5712aabea5a2c7.jpg,300,300,161,73
Mask,191,60,9,13,2185_jpg.rf.a0346f27c1fb0248da5712aabea5a2c7.jpg,300,300,200,73
Mask,242,60,38,65,2185_jpg.rf.a0346f27c1fb0248da5712aabea5a2c7.jpg,300,300,280,125
Mask,23,48,12,18,2185_jpg.rf.a0346f27c1fb0248da5712aabea5a2c7.jpg,300,300,35,66
Mask,84,50,21,29,2188_jpg.rf.dd95293a41b3ecd5789f0d242c24d22b.jpg,300,300,105,79
Mask,65,101,2,3,2190_jpg.rf.249f2ec0d3706824a211c98fc573883e.jpg,300,300,67,104
Mask,101,101,9,9,2190_jpg.rf.249f2ec0d3706824a211c98fc573883e.jpg,300,300,110,110
Mask,117,113,12,14,2190_jpg.rf.249f2ec0d3706824a211c98fc573883e.jpg,300,300,129,127
Mask,146,209,33,41,2190_jpg.rf.249f2ec0d3706824a211c98fc573883e.jpg,300,300,179,250
Mask,72,143,63,37,2191_jpg.rf.def82dad4fed3d09881ef52ca78b9158.jpg,300,300,135,180
Mask,100,77,16,15,2194_jpg.rf.ebec028ad5e2b51884a7817426895b47.jpg,300,300,116,92
Mask,135,66,16,24,2194_jpg.rf.ebec028ad5e2b51884a7817426895b47.jpg,300,300,151,90
Mask,190,54,16,22,2194_jpg.rf.ebec028ad5e2b51884a7817426895b47.jpg,300,300,206,76
Mask,255,56,13,16,2194_jpg.rf.ebec028ad5e2b51884a7817426895b47.jpg,300,300,268,72
Mask,65,50,14,38,2194_jpg.rf.ebec028ad5e2b51884a7817426895b47.jpg,300,300,79,88
Mask,45,61,13,16,2194_jpg.rf.ebec028ad5e2b51884a7817426895b47.jpg,300,300,58,77
Mask,188,43,35,28,2198_jpg.rf.04a4fbcfeaf5cb9dd1b40ca63f3bd88a.jpg,300,300,223,71
Mask,262,112,10,9,2198_jpg.rf.04a4fbcfeaf5cb9dd1b40ca63f3bd88a.jpg,300,300,272,121
Mask,250,121,3,3,2198_jpg.rf.04a4fbcfeaf5cb9dd1b40ca63f3bd88a.jpg,300,300,253,124
Mask,2,152,54,40,2200_jpg.rf.b748fb0e71d8e421562298e2bfe7c2d3.jpg,300,300,56,192
Mask,145,198,48,39,2200_jpg.rf.b748fb0e71d8e421562298e2bfe7c2d3.jpg,300,300,193,237
Mask,204,236,30,22,2200_jpg.rf.b748fb0e71d8e421562298e2bfe7c2d3.jpg,300,300,234,258
Mask,246,236,54,36,2200_jpg.rf.b748fb0e71d8e421562298e2bfe7c2d3.jpg,300,300,300,272
Mask,258,128,25,28,2200_jpg.rf.b748fb0e71d8e421562298e2bfe7c2d3.jpg,300,300,283,156
Mask,288,119,12,30,2200_jpg.rf.b748fb0e71d8e421562298e2bfe7c2d3.jpg,300,300,300,149
Mask,197,105,17,21,2200_jpg.rf.b748fb0e71d8e421562298e2bfe7c2d3.jpg,300,300,214,126
Mask,216,92,26,20,2200_jpg.rf.b748fb0e71d8e421562298e2bfe7c2d3.jpg,300,300,242,112
Mask,189,82,14,7,2200_jpg.rf.b748fb0e71d8e421562298e2bfe7c2d3.jpg,300,300,203,89
Mask,209,57,19,13,2200_jpg.rf.b748fb0e71d8e421562298e2bfe7c2d3.jpg,300,300,228,70
Mask,237,61,15,14,2200_jpg.rf.b748fb0e71d8e421562298e2bfe7c2d3.jpg,300,300,252,75
Mask,276,55,15,12,2200_jpg.rf.b748fb0e71d8e421562298e2bfe7c2d3.jpg,300,300,291,67
Mask,262,40,15,11,2200_jpg.rf.b748fb0e71d8e421562298e2bfe7c2d3.jpg,300,300,277,51
Mask,230,41,14,13,2200_jpg.rf.b748fb0e71d8e421562298e2bfe7c2d3.jpg,300,300,244,54
Mask,229,27,12,5,2200_jpg.rf.b748fb0e71d8e421562298e2bfe7c2d3.jpg,300,300,241,32
Mask,213,5,12,9,2200_jpg.rf.b748fb0e71d8e421562298e2bfe7c2d3.jpg,300,300,225,14
Mask,182,20,11,6,2200_jpg.rf.b748fb0e71d8e421562298e2bfe7c2d3.jpg,300,300,193,26
Mask,87,134,76,116,2202_jpg.rf.87d57e597b6a1dfcec5c924ced192d90.jpg,300,300,163,250
Mask,267,213,5,5,2211_jpg.rf.ec4cb82856945ea133a8d62f56e9971c.jpg,300,300,272,218
Mask,275,209,4,5,2211_jpg.rf.ec4cb82856945ea133a8d62f56e9971c.jpg,300,300,279,214
None,96,183,8,15,2211_jpg.rf.ec4cb82856945ea133a8d62f56e9971c.jpg,300,300,104,198
None,141,193,6,11,2211_jpg.rf.ec4cb82856945ea133a8d62f56e9971c.jpg,300,300,147,204
None,163,181,3,10,2211_jpg.rf.ec4cb82856945ea133a8d62f56e9971c.jpg,300,300,166,191
None,264,109,18,31,2214_jpg.rf.2a37cc37ea3aa0cbd36c34e782175134.jpg,300,300,282,140
None,220,99,14,30,2214_jpg.rf.2a37cc37ea3aa0cbd36c34e782175134.jpg,300,300,234,129
None,173,99,13,26,2214_jpg.rf.2a37cc37ea3aa0cbd36c34e782175134.jpg,300,300,186,125
None,137,119,12,20,2214_jpg.rf.2a37cc37ea3aa0cbd36c34e782175134.jpg,300,300,149,139
None,102,113,10,24,2214_jpg.rf.2a37cc37ea3aa0cbd36c34e782175134.jpg,300,300,112,137
None,59,130,14,16,2214_jpg.rf.2a37cc37ea3aa0cbd36c34e782175134.jpg,300,300,73,146
None,28,114,10,23,2214_jpg.rf.2a37cc37ea3aa0cbd36c34e782175134.jpg,300,300,38,137
None,107,86,10,21,2214_jpg.rf.2a37cc37ea3aa0cbd36c34e782175134.jpg,300,300,117,107
None,5,45,5,16,2214_jpg.rf.2a37cc37ea3aa0cbd36c34e782175134.jpg,300,300,10,61
None,25,37,7,11,2214_jpg.rf.2a37cc37ea3aa0cbd36c34e782175134.jpg,300,300,32,48
None,16,45,8,13,2214_jpg.rf.2a37cc37ea3aa0cbd36c34e782175134.jpg,300,300,24,58
None,58,78,6,13,2214_jpg.rf.2a37cc37ea3aa0cbd36c34e782175134.jpg,300,300,64,91
None,46,87,6,12,2214_jpg.rf.2a37cc37ea3aa0cbd36c34e782175134.jpg,300,300,52,99
None,81,95,12,18,2214_jpg.rf.2a37cc37ea3aa0cbd36c34e782175134.jpg,300,300,93,113
None,70,81,8,13,2214_jpg.rf.2a37cc37ea3aa0cbd36c34e782175134.jpg,300,300,78,94
None,76,31,9,21,2214_jpg.rf.2a37cc37ea3aa0cbd36c34e782175134.jpg,300,300,85,52
None,138,87,9,15,2214_jpg.rf.2a37cc37ea3aa0cbd36c34e782175134.jpg,300,300,147,102
None,165,81,7,12,2214_jpg.rf.2a37cc37ea3aa0cbd36c34e782175134.jpg,300,300,172,93
None,264,76,12,21,2214_jpg.rf.2a37cc37ea3aa0cbd36c34e782175134.jpg,300,300,276,97
None,238,71,10,13,2214_jpg.rf.2a37cc37ea3aa0cbd36c34e782175134.jpg,300,300,248,84
None,277,26,8,16,2214_jpg.rf.2a37cc37ea3aa0cbd36c34e782175134.jpg,300,300,285,42
None,256,23,6,13,2214_jpg.rf.2a37cc37ea3aa0cbd36c34e782175134.jpg,300,300,262,36
None,263,15,7,14,2214_jpg.rf.2a37cc37ea3aa0cbd36c34e782175134.jpg,300,300,270,29
None,216,8,14,28,2214_jpg.rf.2a37cc37ea3aa0cbd36c34e782175134.jpg,300,300,230,36
None,199,25,16,29,2214_jpg.rf.2a37cc37ea3aa0cbd36c34e782175134.jpg,300,300,215,54
None,188,15,7,15,2214_jpg.rf.2a37cc37ea3aa0cbd36c34e782175134.jpg,300,300,195,30
None,139,53,5,13,2214_jpg.rf.2a37cc37ea3aa0cbd36c34e782175134.jpg,300,300,144,66
None,124,60,8,10,2214_jpg.rf.2a37cc37ea3aa0cbd36c34e782175134.jpg,300,300,132,70
None,120,72,8,11,2214_jpg.rf.2a37cc37ea3aa0cbd36c34e782175134.jpg,300,300,128,83
None,102,61,7,9,2214_jpg.rf.2a37cc37ea3aa0cbd36c34e782175134.jpg,300,300,109,70
None,115,56,5,12,2214_jpg.rf.2a37cc37ea3aa0cbd36c34e782175134.jpg,300,300,120,68
None,91,41,8,15,2214_jpg.rf.2a37cc37ea3aa0cbd36c34e782175134.jpg,300,300,99,56
None,174,54,8,13,2214_jpg.rf.2a37cc37ea3aa0cbd36c34e782175134.jpg,300,300,182,67
None,118,84,7,13,2214_jpg.rf.2a37cc37ea3aa0cbd36c34e782175134.jpg,300,300,125,97
Mask,55,113,11,8,2214_jpg.rf.2a37cc37ea3aa0cbd36c34e782175134.jpg,300,300,66,121
Mask,43,107,10,7,2214_jpg.rf.2a37cc37ea3aa0cbd36c34e782175134.jpg,300,300,53,114
Mask,155,30,4,5,2214_jpg.rf.2a37cc37ea3aa0cbd36c34e782175134.jpg,300,300,159,35
Mask,101,79,10,8,2214_jpg.rf.2a37cc37ea3aa0cbd36c34e782175134.jpg,300,300,111,87
Mask,73,71,7,7,2214_jpg.rf.2a37cc37ea3aa0cbd36c34e782175134.jpg,300,300,80,78
None,101,31,5,10,2214_jpg.rf.2a37cc37ea3aa0cbd36c34e782175134.jpg,300,300,106,41
None,109,28,5,12,2214_jpg.rf.2a37cc37ea3aa0cbd36c34e782175134.jpg,300,300,114,40
None,36,44,7,12,2214_jpg.rf.2a37cc37ea3aa0cbd36c34e782175134.jpg,300,300,43,56
Mask,145,68,11,9,2214_jpg.rf.2a37cc37ea3aa0cbd36c34e782175134.jpg,300,300,156,77
Mask,198,58,16,27,2215_jpg.rf.739da2ecc8f7e3ea324f5cc13f7bd593.jpg,300,300,214,85
Mask,251,62,15,41,2215_jpg.rf.739da2ecc8f7e3ea324f5cc13f7bd593.jpg,300,300,266,103
None,83,40,31,103,2216_jpg.rf.283686fa4e97742e8a1e6932c76ee251.jpg,300,300,114,143
None,46,24,48,101,2216_jpg.rf.283686fa4e97742e8a1e6932c76ee251.jpg,300,300,94,125
Mask,237,86,14,16,2216_jpg.rf.283686fa4e97742e8a1e6932c76ee251.jpg,300,300,251,102
Mask,182,66,12,18,2216_jpg.rf.283686fa4e97742e8a1e6932c76ee251.jpg,300,300,194,84
None,107,138,8,17,2220_jpg.rf.5b4d9788993bf9e252a3c8f89fe80de6.jpg,300,300,115,155
None,121,122,8,20,2220_jpg.rf.5b4d9788993bf9e252a3c8f89fe80de6.jpg,300,300,129,142
None,147,127,11,20,2220_jpg.rf.5b4d9788993bf9e252a3c8f89fe80de6.jpg,300,300,158,147
None,206,99,11,24,2220_jpg.rf.5b4d9788993bf9e252a3c8f89fe80de6.jpg,300,300,217,123
Mask,19,58,34,40,2223_jpg.rf.98d947671c8926b060961c41a1799a78.jpg,300,300,53,98
None,115,46,22,43,2223_jpg.rf.98d947671c8926b060961c41a1799a78.jpg,300,300,137,89
Mask,165,73,18,20,2223_jpg.rf.98d947671c8926b060961c41a1799a78.jpg,300,300,183,93
Mask,193,74,13,17,2223_jpg.rf.98d947671c8926b060961c41a1799a78.jpg,300,300,206,91
Mask,96,105,119,170,2225_jpg.rf.43af276b327e38b491c35edc405a0f53.jpg,300,300,215,275
Mask,200,96,23,21,2227_jpg.rf.cd55d872ba33253c7cbad84c8d8ab219.jpg,300,300,223,117
Mask,287,45,12,15,2227_jpg.rf.cd55d872ba33253c7cbad84c8d8ab219.jpg,300,300,299,60
None,155,49,12,28,2227_jpg.rf.cd55d872ba33253c7cbad84c8d8ab219.jpg,300,300,167,77
None,261,74,13,26,2227_jpg.rf.cd55d872ba33253c7cbad84c8d8ab219.jpg,300,300,274,100
None,145,161,12,26,2227_jpg.rf.cd55d872ba33253c7cbad84c8d8ab219.jpg,300,300,157,187
None,115,25,56,140,2229_jpg.rf.27d7a83e4047617a7dd04de5cd228048.jpg,300,300,171,165
Mask,140,168,18,18,2230_jpg.rf.8d2dd6b61e918b602bb05c26d39dbf42.jpg,300,300,158,186
Mask,275,165,22,18,2230_jpg.rf.8d2dd6b61e918b602bb05c26d39dbf42.jpg,300,300,297,183
Mask,236,270,48,30,2230_jpg.rf.8d2dd6b61e918b602bb05c26d39dbf42.jpg,300,300,284,300
Mask,45,282,43,18,2230_jpg.rf.8d2dd6b61e918b602bb05c26d39dbf42.jpg,300,300,88,300
Mask,0,199,42,37,2230_jpg.rf.8d2dd6b61e918b602bb05c26d39dbf42.jpg,300,300,42,236
Mask,71,162,24,16,2230_jpg.rf.8d2dd6b61e918b602bb05c26d39dbf42.jpg,300,300,95,178
Mask,64,124,15,16,2230_jpg.rf.8d2dd6b61e918b602bb05c26d39dbf42.jpg,300,300,79,140
Mask,51,118,12,13,2230_jpg.rf.8d2dd6b61e918b602bb05c26d39dbf42.jpg,300,300,63,131
Mask,38,114,11,15,2230_jpg.rf.8d2dd6b61e918b602bb05c26d39dbf42.jpg,300,300,49,129
Mask,14,114,13,18,2230_jpg.rf.8d2dd6b61e918b602bb05c26d39dbf42.jpg,300,300,27,132
Mask,181,130,22,18,2230_jpg.rf.8d2dd6b61e918b602bb05c26d39dbf42.jpg,300,300,203,148
Mask,152,116,15,15,2230_jpg.rf.8d2dd6b61e918b602bb05c26d39dbf42.jpg,300,300,167,131
Mask,103,120,13,10,2230_jpg.rf.8d2dd6b61e918b602bb05c26d39dbf42.jpg,300,300,116,130
Mask,112,137,15,10,2230_jpg.rf.8d2dd6b61e918b602bb05c26d39dbf42.jpg,300,300,127,147
Mask,226,119,9,15,2230_jpg.rf.8d2dd6b61e918b602bb05c26d39dbf42.jpg,300,300,235,134
Mask,246,142,12,15,2230_jpg.rf.8d2dd6b61e918b602bb05c26d39dbf42.jpg,300,300,258,157
Mask,275,122,12,9,2230_jpg.rf.8d2dd6b61e918b602bb05c26d39dbf42.jpg,300,300,287,131
Mask,116,114,14,10,2230_jpg.rf.8d2dd6b61e918b602bb05c26d39dbf42.jpg,300,300,130,124
Mask,96,105,15,10,2230_jpg.rf.8d2dd6b61e918b602bb05c26d39dbf42.jpg,300,300,111,115
None,208,112,10,16,2232_jpg.rf.6ba2df2498f4314a8aa30b9f1bf33873.jpg,300,300,218,128
None,272,111,16,20,2232_jpg.rf.6ba2df2498f4314a8aa30b9f1bf33873.jpg,300,300,288,131
None,245,130,10,14,2232_jpg.rf.6ba2df2498f4314a8aa30b9f1bf33873.jpg,300,300,255,144
Mask,192,119,8,13,2232_jpg.rf.6ba2df2498f4314a8aa30b9f1bf33873.jpg,300,300,200,132
None,162,114,7,16,2232_jpg.rf.6ba2df2498f4314a8aa30b9f1bf33873.jpg,300,300,169,130
Mask,147,68,18,26,2234_jpg.rf.5d6982a6d3d4b2170659e1a769b511fe.jpg,300,300,165,94
Mask,51,97,52,76,2234_jpg.rf.5d6982a6d3d4b2170659e1a769b511fe.jpg,300,300,103,173
None,195,49,99,242,2234_jpg.rf.5d6982a6d3d4b2170659e1a769b511fe.jpg,300,300,294,291
Mask,104,153,5,7,2237_jpg.rf.911f1cb6ca62b56de280092805ef1733.jpg,300,300,109,160
Mask,86,157,8,7,2237_jpg.rf.911f1cb6ca62b56de280092805ef1733.jpg,300,300,94,164
Mask,130,154,6,7,2237_jpg.rf.911f1cb6ca62b56de280092805ef1733.jpg,300,300,136,161
Mask,154,155,6,5,2237_jpg.rf.911f1cb6ca62b56de280092805ef1733.jpg,300,300,160,160
Mask,163,153,8,9,2237_jpg.rf.911f1cb6ca62b56de280092805ef1733.jpg,300,300,171,162
None,253,142,8,14,2237_jpg.rf.911f1cb6ca62b56de280092805ef1733.jpg,300,300,261,156
None,273,127,8,9,2237_jpg.rf.911f1cb6ca62b56de280092805ef1733.jpg,300,300,281,136
None,94,50,21,47,2239_jpg.rf.d364430970e51da8c41b02c0243f58e4.jpg,300,300,115,97
None,128,46,18,29,2239_jpg.rf.d364430970e51da8c41b02c0243f58e4.jpg,300,300,146,75
Mask,199,54,12,14,2239_jpg.rf.d364430970e51da8c41b02c0243f58e4.jpg,300,300,211,68
Mask,223,47,7,14,2239_jpg.rf.d364430970e51da8c41b02c0243f58e4.jpg,300,300,230,61
None,144,117,12,21,2242_jpg.rf.32c95e3c3f0464f9e3868b62fc5918ec.jpg,300,300,156,138
None,86,102,12,22,2242_jpg.rf.32c95e3c3f0464f9e3868b62fc5918ec.jpg,300,300,98,124
None,72,143,11,21,2242_jpg.rf.32c95e3c3f0464f9e3868b62fc5918ec.jpg,300,300,83,164
None,97,141,11,17,2242_jpg.rf.32c95e3c3f0464f9e3868b62fc5918ec.jpg,300,300,108,158
None,57,190,13,20,2242_jpg.rf.32c95e3c3f0464f9e3868b62fc5918ec.jpg,300,300,70,210
None,23,147,11,22,2242_jpg.rf.32c95e3c3f0464f9e3868b62fc5918ec.jpg,300,300,34,169
Mask,168,151,17,14,2242_jpg.rf.32c95e3c3f0464f9e3868b62fc5918ec.jpg,300,300,185,165
Mask,208,130,15,10,2242_jpg.rf.32c95e3c3f0464f9e3868b62fc5918ec.jpg,300,300,223,140
Mask,252,118,14,13,2242_jpg.rf.32c95e3c3f0464f9e3868b62fc5918ec.jpg,300,300,266,131
None,106,108,10,15,2242_jpg.rf.32c95e3c3f0464f9e3868b62fc5918ec.jpg,300,300,116,123
Mask,121,165,13,19,2242_jpg.rf.32c95e3c3f0464f9e3868b62fc5918ec.jpg,300,300,134,184
None,39,36,44,89,2245_jpg.rf.7b305622ce5c7ea97dbe7f94acd4b86a.jpg,300,300,83,125
Mask,251,84,12,13,2245_jpg.rf.7b305622ce5c7ea97dbe7f94acd4b86a.jpg,300,300,263,97
None,206,106,13,21,2245_jpg.rf.7b305622ce5c7ea97dbe7f94acd4b86a.jpg,300,300,219,127
Mask,137,150,12,16,2251_jpg.rf.6209b46cc0604bcf7b38ce92463e844c.jpg,300,300,149,166
Mask,181,153,11,16,2251_jpg.rf.6209b46cc0604bcf7b38ce92463e844c.jpg,300,300,192,169
Mask,115,140,28,34,2253_jpg.rf.62feabd1be7d4daf009932fbd65da2bb.jpg,300,300,143,174
Mask,287,86,13,16,2253_jpg.rf.62feabd1be7d4daf009932fbd65da2bb.jpg,300,300,300,102
Mask,217,60,9,12,2253_jpg.rf.62feabd1be7d4daf009932fbd65da2bb.jpg,300,300,226,72
None,33,18,30,59,2253_jpg.rf.62feabd1be7d4daf009932fbd65da2bb.jpg,300,300,63,77
Mask,173,0,43,102,2254_jpg.rf.b54c4e9d73f8cdf10e7b8f5f44d426cc.jpg,300,300,216,102
None,126,0,43,90,2254_jpg.rf.b54c4e9d73f8cdf10e7b8f5f44d426cc.jpg,300,300,169,90
None,158,43,18,34,2255_jpg.rf.f4b0000b9a7068c61e99f87be18dad93.jpg,300,300,176,77
Mask,20,165,8,7,2255_jpg.rf.f4b0000b9a7068c61e99f87be18dad93.jpg,300,300,28,172
None,87,51,25,68,2256_jpg.rf.0e3d7840e4c68f5fd76f45fa0c2158be.jpg,300,300,112,119
Helmet,108,0,97,96,2256_jpg.rf.0e3d7840e4c68f5fd76f45fa0c2158be.jpg,300,300,205,96
Mask,34,29,18,22,2257_jpg.rf.6456081300085d1ac9a3a2a3f8dd8942.jpg,300,300,52,51
Mask,199,120,18,25,2257_jpg.rf.6456081300085d1ac9a3a2a3f8dd8942.jpg,300,300,217,145
Mask,249,132,20,19,2257_jpg.rf.6456081300085d1ac9a3a2a3f8dd8942.jpg,300,300,269,151
Mask,151,69,11,17,2259_jpg.rf.131f74bcaf2e1c3df4846c90e524088d.jpg,300,300,162,86
Mask,236,109,20,33,2259_jpg.rf.131f74bcaf2e1c3df4846c90e524088d.jpg,300,300,256,142
Mask,42,78,27,24,2259_jpg.rf.131f74bcaf2e1c3df4846c90e524088d.jpg,300,300,69,102
Mask,0,77,23,31,2259_jpg.rf.131f74bcaf2e1c3df4846c90e524088d.jpg,300,300,23,108
None,89,33,20,42,2259_jpg.rf.131f74bcaf2e1c3df4846c90e524088d.jpg,300,300,109,75
None,225,63,15,56,2259_jpg.rf.131f74bcaf2e1c3df4846c90e524088d.jpg,300,300,240,119
Mask,91,138,92,102,2260_jpg.rf.ec4e68f0c337c9d42e25a8c14b97c6f8.jpg,300,300,183,240
None,32,38,24,45,2261_jpg.rf.118fcdb57466cf9a94a2f183a9c3825c.jpg,300,300,56,83
None,25,48,9,17,2261_jpg.rf.118fcdb57466cf9a94a2f183a9c3825c.jpg,300,300,34,65
None,79,43,12,21,2261_jpg.rf.118fcdb57466cf9a94a2f183a9c3825c.jpg,300,300,91,64
Mask,102,59,9,9,2261_jpg.rf.118fcdb57466cf9a94a2f183a9c3825c.jpg,300,300,111,68
Mask,125,50,11,14,2261_jpg.rf.118fcdb57466cf9a94a2f183a9c3825c.jpg,300,300,136,64
Mask,174,35,16,20,2261_jpg.rf.118fcdb57466cf9a94a2f183a9c3825c.jpg,300,300,190,55
None,146,31,9,22,2261_jpg.rf.118fcdb57466cf9a94a2f183a9c3825c.jpg,300,300,155,53
None,0,109,23,72,2262_jpg.rf.7ffc532689582abb2ff22ce4ea6c82d3.jpg,300,300,23,181
None,63,80,12,20,2262_jpg.rf.7ffc532689582abb2ff22ce4ea6c82d3.jpg,300,300,75,100
None,115,49,7,18,2262_jpg.rf.7ffc532689582abb2ff22ce4ea6c82d3.jpg,300,300,122,67
Mask,133,38,4,4,2262_jpg.rf.7ffc532689582abb2ff22ce4ea6c82d3.jpg,300,300,137,42
None,121,37,5,13,2262_jpg.rf.7ffc532689582abb2ff22ce4ea6c82d3.jpg,300,300,126,50
Mask,93,66,11,12,2262_jpg.rf.7ffc532689582abb2ff22ce4ea6c82d3.jpg,300,300,104,78
Mask,48,78,10,12,2262_jpg.rf.7ffc532689582abb2ff22ce4ea6c82d3.jpg,300,300,58,90
Mask,2,66,13,18,2262_jpg.rf.7ffc532689582abb2ff22ce4ea6c82d3.jpg,300,300,15,84
Mask,41,59,8,8,2262_jpg.rf.7ffc532689582abb2ff22ce4ea6c82d3.jpg,300,300,49,67
Mask,53,51,6,11,2262_jpg.rf.7ffc532689582abb2ff22ce4ea6c82d3.jpg,300,300,59,62
Mask,71,53,11,11,2262_jpg.rf.7ffc532689582abb2ff22ce4ea6c82d3.jpg,300,300,82,64
Mask,66,46,7,8,2262_jpg.rf.7ffc532689582abb2ff22ce4ea6c82d3.jpg,300,300,73,54
Mask,80,46,8,7,2262_jpg.rf.7ffc532689582abb2ff22ce4ea6c82d3.jpg,300,300,88,53
Mask,95,41,6,9,2262_jpg.rf.7ffc532689582abb2ff22ce4ea6c82d3.jpg,300,300,101,50
Mask,110,114,116,60,2264_jpg.rf.989253785e50b4f4b9421410c5c713b6.jpg,300,300,226,174
Mask,59,66,20,39,2265_jpg.rf.400e7cd7c58611933e9323fbfd342da0.jpg,300,300,79,105
Mask,17,35,15,31,2265_jpg.rf.400e7cd7c58611933e9323fbfd342da0.jpg,300,300,32,66
Mask,31,74,25,30,2265_jpg.rf.400e7cd7c58611933e9323fbfd342da0.jpg,300,300,56,104
Mask,103,104,21,33,2265_jpg.rf.400e7cd7c58611933e9323fbfd342da0.jpg,300,300,124,137
Mask,81,42,20,33,2265_jpg.rf.400e7cd7c58611933e9323fbfd342da0.jpg,300,300,101,75
Mask,162,68,21,40,2265_jpg.rf.400e7cd7c58611933e9323fbfd342da0.jpg,300,300,183,108
Mask,212,97,23,39,2265_jpg.rf.400e7cd7c58611933e9323fbfd342da0.jpg,300,300,235,136
Mask,242,80,23,35,2265_jpg.rf.400e7cd7c58611933e9323fbfd342da0.jpg,300,300,265,115
Mask,207,141,11,12,2266_jpg.rf.ddd1d9ca9168474ec6a03ed0b368809b.jpg,300,300,218,153
Mask,73,83,39,47,2267_jpg.rf.676d47a9ee9c39c6da556178eecf452f.jpg,300,300,112,130
Mask,201,113,41,35,2267_jpg.rf.676d47a9ee9c39c6da556178eecf452f.jpg,300,300,242,148
None,188,76,8,15,2267_jpg.rf.676d47a9ee9c39c6da556178eecf452f.jpg,300,300,196,91
Mask,154,129,29,21,2268_jpg.rf.61878a3d36073c08f19ad1592966595b.jpg,300,300,183,150
Mask,95,143,12,8,2268_jpg.rf.61878a3d36073c08f19ad1592966595b.jpg,300,300,107,151
Mask,122,143,11,8,2268_jpg.rf.61878a3d36073c08f19ad1592966595b.jpg,300,300,133,151
Mask,210,149,11,10,2268_jpg.rf.61878a3d36073c08f19ad1592966595b.jpg,300,300,221,159
Mask,121,150,22,24,2269_jpg.rf.672d5f20c5e1b4de89936b1754bf10bb.jpg,300,300,143,174
Mask,159,198,18,30,2269_jpg.rf.672d5f20c5e1b4de89936b1754bf10bb.jpg,300,300,177,228
Mask,195,152,36,40,2269_jpg.rf.672d5f20c5e1b4de89936b1754bf10bb.jpg,300,300,231,192
Mask,165,91,44,54,2270_jpg.rf.23fbef2a272406ac7e9b2bd0626a792d.jpg,300,300,209,145
Mask,130,111,21,33,2270_jpg.rf.23fbef2a272406ac7e9b2bd0626a792d.jpg,300,300,151,144
Mask,115,68,18,22,2270_jpg.rf.23fbef2a272406ac7e9b2bd0626a792d.jpg,300,300,133,90
Mask,172,58,32,38,2276_jpg.rf.70b07877a6ba750ee3d6073b9f30a1b0.jpg,300,300,204,96
Mask,223,46,18,19,2276_jpg.rf.70b07877a6ba750ee3d6073b9f30a1b0.jpg,300,300,241,65
Mask,120,35,13,18,2276_jpg.rf.70b07877a6ba750ee3d6073b9f30a1b0.jpg,300,300,133,53
Mask,91,33,11,16,2276_jpg.rf.70b07877a6ba750ee3d6073b9f30a1b0.jpg,300,300,102,49
Mask,96,160,12,14,2279_jpg.rf.95ff52d04cab59cdcd2d3b2ab5808988.jpg,300,300,108,174
Mask,97,117,12,18,2279_jpg.rf.95ff52d04cab59cdcd2d3b2ab5808988.jpg,300,300,109,135
Mask,231,155,17,21,2279_jpg.rf.95ff52d04cab59cdcd2d3b2ab5808988.jpg,300,300,248,176
Mask,255,171,15,24,2279_jpg.rf.95ff52d04cab59cdcd2d3b2ab5808988.jpg,300,300,270,195
Mask,138,140,17,20,2279_jpg.rf.95ff52d04cab59cdcd2d3b2ab5808988.jpg,300,300,155,160
Mask,151,130,6,9,2283_jpg.rf.f6ebb526730798f30abe6dec4324a375.jpg,300,300,157,139
Mask,213,124,7,8,2283_jpg.rf.f6ebb526730798f30abe6dec4324a375.jpg,300,300,220,132
Mask,158,147,13,11,2283_jpg.rf.f6ebb526730798f30abe6dec4324a375.jpg,300,300,171,158
Mask,170,240,10,9,2283_jpg.rf.f6ebb526730798f30abe6dec4324a375.jpg,300,300,180,249
Mask,96,203,13,10,2283_jpg.rf.f6ebb526730798f30abe6dec4324a375.jpg,300,300,109,213
Mask,77,120,7,10,2283_jpg.rf.f6ebb526730798f30abe6dec4324a375.jpg,300,300,84,130
None,87,132,11,16,2283_jpg.rf.f6ebb526730798f30abe6dec4324a375.jpg,300,300,98,148
Mask,161,118,7,9,2283_jpg.rf.f6ebb526730798f30abe6dec4324a375.jpg,300,300,168,127
None,152,148,23,58,2284_jpg.rf.6ba52be422f540c4bcc448c77d1a2cdb.jpg,300,300,175,206
Mask,220,121,18,31,2284_jpg.rf.6ba52be422f540c4bcc448c77d1a2cdb.jpg,300,300,238,152
Mask,228,42,15,15,2284_jpg.rf.6ba52be422f540c4bcc448c77d1a2cdb.jpg,300,300,243,57
Mask,203,51,18,16,2284_jpg.rf.6ba52be422f540c4bcc448c77d1a2cdb.jpg,300,300,221,67
Mask,109,249,41,51,2284_jpg.rf.6ba52be422f540c4bcc448c77d1a2cdb.jpg,300,300,150,300
Mask,28,179,25,42,2284_jpg.rf.6ba52be422f540c4bcc448c77d1a2cdb.jpg,300,300,53,221
Mask,184,97,26,22,2284_jpg.rf.6ba52be422f540c4bcc448c77d1a2cdb.jpg,300,300,210,119
None,92,63,17,31,2284_jpg.rf.6ba52be422f540c4bcc448c77d1a2cdb.jpg,300,300,109,94
Mask,110,84,13,14,2284_jpg.rf.6ba52be422f540c4bcc448c77d1a2cdb.jpg,300,300,123,98
Mask,180,112,5,8,2285_jpg.rf.dea0afa2a3216c5050f3474f974e6aaa.jpg,300,300,185,120
Mask,148,106,10,16,2285_jpg.rf.dea0afa2a3216c5050f3474f974e6aaa.jpg,300,300,158,122
Mask,239,122,25,28,2285_jpg.rf.dea0afa2a3216c5050f3474f974e6aaa.jpg,300,300,264,150
Mask,225,102,11,10,2285_jpg.rf.dea0afa2a3216c5050f3474f974e6aaa.jpg,300,300,236,112
Mask,203,109,8,8,2285_jpg.rf.dea0afa2a3216c5050f3474f974e6aaa.jpg,300,300,211,117
Mask,163,102,7,12,2285_jpg.rf.dea0afa2a3216c5050f3474f974e6aaa.jpg,300,300,170,114
Mask,23,140,20,32,2285_jpg.rf.dea0afa2a3216c5050f3474f974e6aaa.jpg,300,300,43,172
Mask,25,113,17,18,2285_jpg.rf.dea0afa2a3216c5050f3474f974e6aaa.jpg,300,300,42,131
Mask,109,122,8,7,2285_jpg.rf.dea0afa2a3216c5050f3474f974e6aaa.jpg,300,300,117,129
Mask,105,110,6,8,2285_jpg.rf.dea0afa2a3216c5050f3474f974e6aaa.jpg,300,300,111,118
Mask,140,117,7,10,2285_jpg.rf.dea0afa2a3216c5050f3474f974e6aaa.jpg,300,300,147,127
Mask,3,122,10,10,2285_jpg.rf.dea0afa2a3216c5050f3474f974e6aaa.jpg,300,300,13,132
Mask,276,164,11,9,2286_jpg.rf.bd5236679c9cd9504ba001888a542536.jpg,300,300,287,173
Mask,244,159,10,10,2286_jpg.rf.bd5236679c9cd9504ba001888a542536.jpg,300,300,254,169
Mask,124,161,12,11,2286_jpg.rf.bd5236679c9cd9504ba001888a542536.jpg,300,300,136,172
Mask,149,151,9,12,2286_jpg.rf.bd5236679c9cd9504ba001888a542536.jpg,300,300,158,163
Mask,186,148,9,8,2286_jpg.rf.bd5236679c9cd9504ba001888a542536.jpg,300,300,195,156
None,171,136,8,12,2286_jpg.rf.bd5236679c9cd9504ba001888a542536.jpg,300,300,179,148
None,226,134,9,14,2286_jpg.rf.bd5236679c9cd9504ba001888a542536.jpg,300,300,235,148
Mask,236,145,10,12,2286_jpg.rf.bd5236679c9cd9504ba001888a542536.jpg,300,300,246,157
Mask,170,158,12,11,2287_jpg.rf.4f68ae5f0b8adda8312addf9252b3a01.jpg,300,300,182,169
Mask,96,138,13,13,2287_jpg.rf.4f68ae5f0b8adda8312addf9252b3a01.jpg,300,300,109,151
Mask,86,150,7,11,2287_jpg.rf.4f68ae5f0b8adda8312addf9252b3a01.jpg,300,300,93,161
Mask,133,144,14,16,2287_jpg.rf.4f68ae5f0b8adda8312addf9252b3a01.jpg,300,300,147,160
Mask,173,131,11,11,2287_jpg.rf.4f68ae5f0b8adda8312addf9252b3a01.jpg,300,300,184,142
Mask,230,255,32,30,2287_jpg.rf.4f68ae5f0b8adda8312addf9252b3a01.jpg,300,300,262,285
Mask,183,89,13,11,2287_jpg.rf.4f68ae5f0b8adda8312addf9252b3a01.jpg,300,300,196,100
Mask,129,104,7,9,2287_jpg.rf.4f68ae5f0b8adda8312addf9252b3a01.jpg,300,300,136,113
Mask,117,100,11,9,2287_jpg.rf.4f68ae5f0b8adda8312addf9252b3a01.jpg,300,300,128,109
Mask,165,114,8,8,2287_jpg.rf.4f68ae5f0b8adda8312addf9252b3a01.jpg,300,300,173,122
Mask,145,108,10,9,2287_jpg.rf.4f68ae5f0b8adda8312addf9252b3a01.jpg,300,300,155,117
Mask,83,37,11,16,2298_jpg.rf.13be58d982acba305af32d83b672f461.jpg,300,300,94,53
Mask,180,54,22,25,2298_jpg.rf.13be58d982acba305af32d83b672f461.jpg,300,300,202,79
Mask,234,41,22,32,2298_jpg.rf.13be58d982acba305af32d83b672f461.jpg,300,300,256,73
Mask,122,101,42,39,2298_jpg.rf.13be58d982acba305af32d83b672f461.jpg,300,300,164,140
None,139,7,22,30,2298_jpg.rf.13be58d982acba305af32d83b672f461.jpg,300,300,161,37
Mask,134,24,18,20,2303_jpg.rf.e9d5440fd6ef748f9cad4b92683c1706.jpg,300,300,152,44
Mask,147,94,23,35,2303_jpg.rf.e9d5440fd6ef748f9cad4b92683c1706.jpg,300,300,170,129
Mask,187,49,16,19,2303_jpg.rf.e9d5440fd6ef748f9cad4b92683c1706.jpg,300,300,203,68
Mask,267,62,11,10,2303_jpg.rf.e9d5440fd6ef748f9cad4b92683c1706.jpg,300,300,278,72
Mask,22,51,25,31,2303_jpg.rf.e9d5440fd6ef748f9cad4b92683c1706.jpg,300,300,47,82
Mask,127,94,7,8,2308_jpg.rf.632bd559998f38908183c2202770ce98.jpg,300,300,134,102
Mask,179,119,16,13,2308_jpg.rf.632bd559998f38908183c2202770ce98.jpg,300,300,195,132
Mask,152,101,8,12,2308_jpg.rf.632bd559998f38908183c2202770ce98.jpg,300,300,160,113
Mask,179,96,10,10,2308_jpg.rf.632bd559998f38908183c2202770ce98.jpg,300,300,189,106
None,191,86,10,18,2308_jpg.rf.632bd559998f38908183c2202770ce98.jpg,300,300,201,104
None,160,86,7,16,2308_jpg.rf.632bd559998f38908183c2202770ce98.jpg,300,300,167,102
None,75,102,7,11,2308_jpg.rf.632bd559998f38908183c2202770ce98.jpg,300,300,82,113
Mask,270,160,8,5,2312_jpg.rf.3d5a8ba3ed72f68ee691bc9d5fcf7501.jpg,300,300,278,165
Mask,287,162,8,5,2312_jpg.rf.3d5a8ba3ed72f68ee691bc9d5fcf7501.jpg,300,300,295,167
Mask,208,161,5,8,2312_jpg.rf.3d5a8ba3ed72f68ee691bc9d5fcf7501.jpg,300,300,213,169
Mask,152,150,8,11,2312_jpg.rf.3d5a8ba3ed72f68ee691bc9d5fcf7501.jpg,300,300,160,161
Mask,81,116,12,15,2312_jpg.rf.3d5a8ba3ed72f68ee691bc9d5fcf7501.jpg,300,300,93,131
Mask,132,176,8,9,2312_jpg.rf.3d5a8ba3ed72f68ee691bc9d5fcf7501.jpg,300,300,140,185
Mask,46,168,5,5,2312_jpg.rf.3d5a8ba3ed72f68ee691bc9d5fcf7501.jpg,300,300,51,173
None,113,89,28,57,2318_jpg.rf.277e842309a4807141b7bfd9890da80c.jpg,300,300,141,146
None,185,40,28,46,2318_jpg.rf.277e842309a4807141b7bfd9890da80c.jpg,300,300,213,86
None,158,78,46,94,2318_jpg.rf.277e842309a4807141b7bfd9890da80c.jpg,300,300,204,172
None,69,81,35,95,2318_jpg.rf.277e842309a4807141b7bfd9890da80c.jpg,300,300,104,176
None,175,91,13,24,2321_jpg.rf.84af379bccbcbfe08b8c7aca42eca689.jpg,300,300,188,115
None,83,123,10,13,2321_jpg.rf.84af379bccbcbfe08b8c7aca42eca689.jpg,300,300,93,136
None,75,113,7,12,2321_jpg.rf.84af379bccbcbfe08b8c7aca42eca689.jpg,300,300,82,125
Mask,35,136,10,10,2321_jpg.rf.84af379bccbcbfe08b8c7aca42eca689.jpg,300,300,45,146
Mask,227,75,16,18,2321_jpg.rf.84af379bccbcbfe08b8c7aca42eca689.jpg,300,300,243,93
Mask,116,102,12,11,2321_jpg.rf.84af379bccbcbfe08b8c7aca42eca689.jpg,300,300,128,113
None,21,135,7,14,2321_jpg.rf.84af379bccbcbfe08b8c7aca42eca689.jpg,300,300,28,149
None,30,61,73,162,2327_jpg.rf.f3fb8645439a343db5e2f86dbfd59c18.jpg,300,300,103,223
Mask,288,33,7,11,2327_jpg.rf.f3fb8645439a343db5e2f86dbfd59c18.jpg,300,300,295,44
Mask,274,63,14,21,2327_jpg.rf.f3fb8645439a343db5e2f86dbfd59c18.jpg,300,300,288,84
Mask,249,51,12,22,2327_jpg.rf.f3fb8645439a343db5e2f86dbfd59c18.jpg,300,300,261,73
Mask,216,42,12,14,2327_jpg.rf.f3fb8645439a343db5e2f86dbfd59c18.jpg,300,300,228,56
Mask,213,67,8,17,2327_jpg.rf.f3fb8645439a343db5e2f86dbfd59c18.jpg,300,300,221,84
Mask,183,53,15,23,2327_jpg.rf.f3fb8645439a343db5e2f86dbfd59c18.jpg,300,300,198,76
Mask,161,96,18,24,2327_jpg.rf.f3fb8645439a343db5e2f86dbfd59c18.jpg,300,300,179,120
None,111,106,31,43,2330_jpg.rf.3216034b26f2c7ab822feb4256cebb19.jpg,300,300,142,149
Mask,220,114,26,19,2330_jpg.rf.3216034b26f2c7ab822feb4256cebb19.jpg,300,300,246,133
Mask,88,74,8,7,2330_jpg.rf.3216034b26f2c7ab822feb4256cebb19.jpg,300,300,96,81
Mask,257,74,35,67,2332_jpg.rf.5abbc732a874addf02eb7aa253c7aeeb.jpg,300,300,292,141
Mask,96,119,24,30,2332_jpg.rf.5abbc732a874addf02eb7aa253c7aeeb.jpg,300,300,120,149
None,205,122,12,28,2332_jpg.rf.5abbc732a874addf02eb7aa253c7aeeb.jpg,300,300,217,150
None,54,150,20,40,2332_jpg.rf.5abbc732a874addf02eb7aa253c7aeeb.jpg,300,300,74,190
None,209,46,14,57,2334_jpg.rf.e390144ad333e0cdfa9db4cd2cfe9ab0.jpg,300,300,223,103
None,78,41,35,82,2334_jpg.rf.e390144ad333e0cdfa9db4cd2cfe9ab0.jpg,300,300,113,123
Mask,160,71,28,52,2334_jpg.rf.e390144ad333e0cdfa9db4cd2cfe9ab0.jpg,300,300,188,123
Mask,250,63,18,42,2334_jpg.rf.e390144ad333e0cdfa9db4cd2cfe9ab0.jpg,300,300,268,105
Mask,225,94,22,26,2334_jpg.rf.e390144ad333e0cdfa9db4cd2cfe9ab0.jpg,300,300,247,120
Mask,265,70,17,33,2334_jpg.rf.e390144ad333e0cdfa9db4cd2cfe9ab0.jpg,300,300,282,103
None,75,24,53,138,2335_jpg.rf.710c1f75be7676956a0dc615e29065e7.jpg,300,300,128,162
Mask,30,105,8,11,2344_jpg.rf.5226b04e882fbf994792b3042c68fda1.jpg,300,300,38,116
Mask,262,96,14,15,2344_jpg.rf.5226b04e882fbf994792b3042c68fda1.jpg,300,300,276,111
Mask,222,106,10,15,2344_jpg.rf.5226b04e882fbf994792b3042c68fda1.jpg,300,300,232,121
Mask,206,100,9,12,2344_jpg.rf.5226b04e882fbf994792b3042c68fda1.jpg,300,300,215,112
Mask,196,102,7,12,2344_jpg.rf.5226b04e882fbf994792b3042c68fda1.jpg,300,300,203,114
Mask,163,94,11,12,2344_jpg.rf.5226b04e882fbf994792b3042c68fda1.jpg,300,300,174,106
Mask,148,110,8,10,2344_jpg.rf.5226b04e882fbf994792b3042c68fda1.jpg,300,300,156,120
Mask,133,105,12,12,2344_jpg.rf.5226b04e882fbf994792b3042c68fda1.jpg,300,300,145,117
Mask,124,106,9,10,2344_jpg.rf.5226b04e882fbf994792b3042c68fda1.jpg,300,300,133,116
Mask,107,97,15,16,2344_jpg.rf.5226b04e882fbf994792b3042c68fda1.jpg,300,300,122,113
Mask,95,99,11,13,2344_jpg.rf.5226b04e882fbf994792b3042c68fda1.jpg,300,300,106,112
Mask,76,121,8,9,2344_jpg.rf.5226b04e882fbf994792b3042c68fda1.jpg,300,300,84,130
Mask,47,107,13,14,2344_jpg.rf.5226b04e882fbf994792b3042c68fda1.jpg,300,300,60,121
Mask,32,0,12,15,2353_jpg.rf.d55334bd10162e227e2661b158c2a7b3.jpg,300,300,44,15
Mask,48,19,12,17,2353_jpg.rf.d55334bd10162e227e2661b158c2a7b3.jpg,300,300,60,36
Mask,86,30,12,18,2353_jpg.rf.d55334bd10162e227e2661b158c2a7b3.jpg,300,300,98,48
Mask,63,7,17,19,2353_jpg.rf.d55334bd10162e227e2661b158c2a7b3.jpg,300,300,80,26
Mask,109,49,15,15,2353_jpg.rf.d55334bd10162e227e2661b158c2a7b3.jpg,300,300,124,64
Mask,84,85,18,19,2353_jpg.rf.d55334bd10162e227e2661b158c2a7b3.jpg,300,300,102,104
Mask,39,86,17,16,2353_jpg.rf.d55334bd10162e227e2661b158c2a7b3.jpg,300,300,56,102
Mask,17,112,17,21,2353_jpg.rf.d55334bd10162e227e2661b158c2a7b3.jpg,300,300,34,133
Mask,68,125,19,21,2353_jpg.rf.d55334bd10162e227e2661b158c2a7b3.jpg,300,300,87,146
Mask,27,167,26,30,2353_jpg.rf.d55334bd10162e227e2661b158c2a7b3.jpg,300,300,53,197
Mask,108,173,17,27,2353_jpg.rf.d55334bd10162e227e2661b158c2a7b3.jpg,300,300,125,200
Mask,162,181,21,23,2353_jpg.rf.d55334bd10162e227e2661b158c2a7b3.jpg,300,300,183,204
Mask,76,269,28,31,2353_jpg.rf.d55334bd10162e227e2661b158c2a7b3.jpg,300,300,104,300
Mask,152,243,21,30,2353_jpg.rf.d55334bd10162e227e2661b158c2a7b3.jpg,300,300,173,273
Mask,214,175,22,20,2353_jpg.rf.d55334bd10162e227e2661b158c2a7b3.jpg,300,300,236,195
Mask,255,173,23,25,2353_jpg.rf.d55334bd10162e227e2661b158c2a7b3.jpg,300,300,278,198
Mask,255,127,15,21,2353_jpg.rf.d55334bd10162e227e2661b158c2a7b3.jpg,300,300,270,148
Mask,211,118,21,25,2353_jpg.rf.d55334bd10162e227e2661b158c2a7b3.jpg,300,300,232,143
Mask,167,126,20,21,2353_jpg.rf.d55334bd10162e227e2661b158c2a7b3.jpg,300,300,187,147
Mask,129,140,19,18,2353_jpg.rf.d55334bd10162e227e2661b158c2a7b3.jpg,300,300,148,158
Mask,135,89,18,18,2353_jpg.rf.d55334bd10162e227e2661b158c2a7b3.jpg,300,300,153,107
Mask,183,61,19,16,2353_jpg.rf.d55334bd10162e227e2661b158c2a7b3.jpg,300,300,202,77
Mask,165,13,9,13,2353_jpg.rf.d55334bd10162e227e2661b158c2a7b3.jpg,300,300,174,26
Mask,191,7,8,10,2353_jpg.rf.d55334bd10162e227e2661b158c2a7b3.jpg,300,300,199,17
Mask,193,31,10,15,2353_jpg.rf.d55334bd10162e227e2661b158c2a7b3.jpg,300,300,203,46
Mask,213,32,14,19,2353_jpg.rf.d55334bd10162e227e2661b158c2a7b3.jpg,300,300,227,51
Mask,255,28,18,18,2353_jpg.rf.d55334bd10162e227e2661b158c2a7b3.jpg,300,300,273,46
Mask,285,39,15,13,2353_jpg.rf.d55334bd10162e227e2661b158c2a7b3.jpg,300,300,300,52
Mask,277,64,15,19,2353_jpg.rf.d55334bd10162e227e2661b158c2a7b3.jpg,300,300,292,83
Mask,260,83,14,16,2353_jpg.rf.d55334bd10162e227e2661b158c2a7b3.jpg,300,300,274,99
Mask,229,21,16,14,2353_jpg.rf.d55334bd10162e227e2661b158c2a7b3.jpg,300,300,245,35
Mask,213,82,16,17,2353_jpg.rf.d55334bd10162e227e2661b158c2a7b3.jpg,300,300,229,99
Mask,273,28,9,12,2353_jpg.rf.d55334bd10162e227e2661b158c2a7b3.jpg,300,300,282,40
None,73,43,19,23,2357_jpg.rf.d35621c9f464ffba91ed5d69a1c854c3.jpg,300,300,92,66
None,176,54,21,22,2357_jpg.rf.d35621c9f464ffba91ed5d69a1c854c3.jpg,300,300,197,76
None,234,72,19,23,2357_jpg.rf.d35621c9f464ffba91ed5d69a1c854c3.jpg,300,300,253,95
Mask,53,121,10,13,2362_jpg.rf.89e60d783ea3c23d8957353f25dccff5.jpg,300,300,63,134
None,210,166,10,24,2362_jpg.rf.89e60d783ea3c23d8957353f25dccff5.jpg,300,300,220,190
None,193,167,10,21,2362_jpg.rf.89e60d783ea3c23d8957353f25dccff5.jpg,300,300,203,188
None,140,137,8,15,2362_jpg.rf.89e60d783ea3c23d8957353f25dccff5.jpg,300,300,148,152
None,84,139,9,13,2362_jpg.rf.89e60d783ea3c23d8957353f25dccff5.jpg,300,300,93,152
None,68,123,5,13,2362_jpg.rf.89e60d783ea3c23d8957353f25dccff5.jpg,300,300,73,136
None,31,120,5,10,2362_jpg.rf.89e60d783ea3c23d8957353f25dccff5.jpg,300,300,36,130
None,100,94,15,36,2363_jpg.rf.6c19a61eb5c112fe4f3b6f3d13ece71f.jpg,300,300,115,130
None,157,129,23,38,2363_jpg.rf.6c19a61eb5c112fe4f3b6f3d13ece71f.jpg,300,300,180,167
None,8,120,20,46,2363_jpg.rf.6c19a61eb5c112fe4f3b6f3d13ece71f.jpg,300,300,28,166
Mask,232,34,9,11,2363_jpg.rf.6c19a61eb5c112fe4f3b6f3d13ece71f.jpg,300,300,241,45
Mask,208,49,12,16,2363_jpg.rf.6c19a61eb5c112fe4f3b6f3d13ece71f.jpg,300,300,220,65
Mask,224,55,11,15,2363_jpg.rf.6c19a61eb5c112fe4f3b6f3d13ece71f.jpg,300,300,235,70
Mask,246,55,18,21,2363_jpg.rf.6c19a61eb5c112fe4f3b6f3d13ece71f.jpg,300,300,264,76
None,41,64,27,62,2365_jpg.rf.565813abf240d13a60667bfdd5fffb79.jpg,300,300,68,126
None,103,79,20,64,2365_jpg.rf.565813abf240d13a60667bfdd5fffb79.jpg,300,300,123,143
None,162,21,22,63,2365_jpg.rf.565813abf240d13a60667bfdd5fffb79.jpg,300,300,184,84
Mask,234,97,23,35,2365_jpg.rf.565813abf240d13a60667bfdd5fffb79.jpg,300,300,257,132
None,196,43,27,62,2366_jpg.rf.25b610476d8e9d0589ee72bd571fe840.jpg,300,300,223,105
None,262,52,18,32,2366_jpg.rf.25b610476d8e9d0589ee72bd571fe840.jpg,300,300,280,84
Mask,20,81,15,21,2366_jpg.rf.25b610476d8e9d0589ee72bd571fe840.jpg,300,300,35,102
Mask,98,83,24,24,2366_jpg.rf.25b610476d8e9d0589ee72bd571fe840.jpg,300,300,122,107
Mask,63,94,11,12,2366_jpg.rf.25b610476d8e9d0589ee72bd571fe840.jpg,300,300,74,106
None,140,66,42,82,2366_jpg.rf.25b610476d8e9d0589ee72bd571fe840.jpg,300,300,182,148
None,156,58,12,22,2367_jpg.rf.2cdb686712f112a9491963ea125f02c3.jpg,300,300,168,80
None,170,72,13,22,2367_jpg.rf.2cdb686712f112a9491963ea125f02c3.jpg,300,300,183,94
Mask,105,64,15,25,2367_jpg.rf.2cdb686712f112a9491963ea125f02c3.jpg,300,300,120,89
Mask,225,46,28,48,2367_jpg.rf.2cdb686712f112a9491963ea125f02c3.jpg,300,300,253,94
Mask,203,81,16,25,2367_jpg.rf.2cdb686712f112a9491963ea125f02c3.jpg,300,300,219,106
Mask,196,65,9,16,2367_jpg.rf.2cdb686712f112a9491963ea125f02c3.jpg,300,300,205,81
Mask,23,73,17,23,2367_jpg.rf.2cdb686712f112a9491963ea125f02c3.jpg,300,300,40,96
Mask,75,48,13,23,2367_jpg.rf.2cdb686712f112a9491963ea125f02c3.jpg,300,300,88,71
Mask,115,128,19,20,2369_jpg.rf.f552a18e64ecc312a36c01bcde2a5012.jpg,300,300,134,148
Mask,247,130,12,17,2369_jpg.rf.f552a18e64ecc312a36c01bcde2a5012.jpg,300,300,259,147
Mask,152,176,23,32,2369_jpg.rf.f552a18e64ecc312a36c01bcde2a5012.jpg,300,300,175,208
Mask,68,171,20,27,2369_jpg.rf.f552a18e64ecc312a36c01bcde2a5012.jpg,300,300,88,198
Mask,58,199,17,30,2369_jpg.rf.f552a18e64ecc312a36c01bcde2a5012.jpg,300,300,75,229
Mask,12,88,19,18,2369_jpg.rf.f552a18e64ecc312a36c01bcde2a5012.jpg,300,300,31,106
Mask,77,81,11,12,2369_jpg.rf.f552a18e64ecc312a36c01bcde2a5012.jpg,300,300,88,93
Mask,274,72,10,18,2369_jpg.rf.f552a18e64ecc312a36c01bcde2a5012.jpg,300,300,284,90
None,46,68,14,23,2369_jpg.rf.f552a18e64ecc312a36c01bcde2a5012.jpg,300,300,60,91
Mask,110,241,8,8,2370_jpg.rf.1ac901d4bcfa6489b4192612be5847a8.jpg,300,300,118,249
Mask,127,269,10,10,2370_jpg.rf.1ac901d4bcfa6489b4192612be5847a8.jpg,300,300,137,279
Mask,153,276,10,8,2370_jpg.rf.1ac901d4bcfa6489b4192612be5847a8.jpg,300,300,163,284
Mask,183,282,7,8,2370_jpg.rf.1ac901d4bcfa6489b4192612be5847a8.jpg,300,300,190,290
Mask,151,230,7,6,2370_jpg.rf.1ac901d4bcfa6489b4192612be5847a8.jpg,300,300,158,236
Mask,165,207,6,5,2370_jpg.rf.1ac901d4bcfa6489b4192612be5847a8.jpg,300,300,171,212
Mask,160,191,7,7,2370_jpg.rf.1ac901d4bcfa6489b4192612be5847a8.jpg,300,300,167,198
Mask,136,186,6,6,2370_jpg.rf.1ac901d4bcfa6489b4192612be5847a8.jpg,300,300,142,192
Mask,119,182,6,7,2370_jpg.rf.1ac901d4bcfa6489b4192612be5847a8.jpg,300,300,125,189
Mask,130,173,4,5,2370_jpg.rf.1ac901d4bcfa6489b4192612be5847a8.jpg,300,300,134,178
Mask,120,156,5,7,2370_jpg.rf.1ac901d4bcfa6489b4192612be5847a8.jpg,300,300,125,163
Mask,214,209,6,6,2370_jpg.rf.1ac901d4bcfa6489b4192612be5847a8.jpg,300,300,220,215
Mask,190,217,7,5,2370_jpg.rf.1ac901d4bcfa6489b4192612be5847a8.jpg,300,300,197,222
Mask,195,186,4,6,2370_jpg.rf.1ac901d4bcfa6489b4192612be5847a8.jpg,300,300,199,192
Mask,175,171,6,7,2370_jpg.rf.1ac901d4bcfa6489b4192612be5847a8.jpg,300,300,181,178
Mask,179,160,7,6,2370_jpg.rf.1ac901d4bcfa6489b4192612be5847a8.jpg,300,300,186,166
Mask,132,145,6,7,2370_jpg.rf.1ac901d4bcfa6489b4192612be5847a8.jpg,300,300,138,152
Mask,121,135,4,5,2370_jpg.rf.1ac901d4bcfa6489b4192612be5847a8.jpg,300,300,125,140
Mask,168,134,6,5,2370_jpg.rf.1ac901d4bcfa6489b4192612be5847a8.jpg,300,300,174,139
Mask,142,148,5,8,2370_jpg.rf.1ac901d4bcfa6489b4192612be5847a8.jpg,300,300,147,156
Mask,203,143,4,7,2370_jpg.rf.1ac901d4bcfa6489b4192612be5847a8.jpg,300,300,207,150
Mask,214,137,5,5,2370_jpg.rf.1ac901d4bcfa6489b4192612be5847a8.jpg,300,300,219,142
Mask,145,106,7,7,2370_jpg.rf.1ac901d4bcfa6489b4192612be5847a8.jpg,300,300,152,113
Mask,275,150,7,6,2370_jpg.rf.1ac901d4bcfa6489b4192612be5847a8.jpg,300,300,282,156
Mask,265,139,7,7,2370_jpg.rf.1ac901d4bcfa6489b4192612be5847a8.jpg,300,300,272,146
Mask,257,116,6,5,2370_jpg.rf.1ac901d4bcfa6489b4192612be5847a8.jpg,300,300,263,121
Mask,237,116,5,5,2370_jpg.rf.1ac901d4bcfa6489b4192612be5847a8.jpg,300,300,242,121
Mask,245,93,4,6,2370_jpg.rf.1ac901d4bcfa6489b4192612be5847a8.jpg,300,300,249,99
None,4,143,41,63,2371_jpg.rf.3000beb49563b7f316edf80bc1d93285.jpg,300,300,45,206
None,254,115,18,38,2371_jpg.rf.3000beb49563b7f316edf80bc1d93285.jpg,300,300,272,153
None,78,110,10,28,2371_jpg.rf.3000beb49563b7f316edf80bc1d93285.jpg,300,300,88,138
Mask,140,168,24,30,2371_jpg.rf.3000beb49563b7f316edf80bc1d93285.jpg,300,300,164,198
Mask,276,199,23,26,2371_jpg.rf.3000beb49563b7f316edf80bc1d93285.jpg,300,300,299,225
Mask,182,152,27,26,2371_jpg.rf.3000beb49563b7f316edf80bc1d93285.jpg,300,300,209,178
Mask,126,128,15,7,2371_jpg.rf.3000beb49563b7f316edf80bc1d93285.jpg,300,300,141,135
None,58,151,15,23,2373_jpg.rf.3865e1c9c82deacdb726f59cde39848d.jpg,300,300,73,174
Mask,167,109,52,59,2373_jpg.rf.3865e1c9c82deacdb726f59cde39848d.jpg,300,300,219,168
None,140,152,12,21,2373_jpg.rf.3865e1c9c82deacdb726f59cde39848d.jpg,300,300,152,173
Mask,52,100,17,19,2376_jpg.rf.b4c26724484d8e62cebec75b9f7cd55d.jpg,300,300,69,119
Mask,35,81,8,11,2376_jpg.rf.b4c26724484d8e62cebec75b9f7cd55d.jpg,300,300,43,92
Mask,245,130,22,30,2376_jpg.rf.b4c26724484d8e62cebec75b9f7cd55d.jpg,300,300,267,160
Mask,143,112,20,25,2376_jpg.rf.b4c26724484d8e62cebec75b9f7cd55d.jpg,300,300,163,137
Mask,119,101,15,18,2376_jpg.rf.b4c26724484d8e62cebec75b9f7cd55d.jpg,300,300,134,119
Mask,40,199,30,31,2376_jpg.rf.b4c26724484d8e62cebec75b9f7cd55d.jpg,300,300,70,230
Mask,205,89,13,16,2376_jpg.rf.b4c26724484d8e62cebec75b9f7cd55d.jpg,300,300,218,105
Mask,183,85,7,12,2376_jpg.rf.b4c26724484d8e62cebec75b9f7cd55d.jpg,300,300,190,97
Mask,82,81,11,7,2376_jpg.rf.b4c26724484d8e62cebec75b9f7cd55d.jpg,300,300,93,88
Mask,94,66,6,5,2376_jpg.rf.b4c26724484d8e62cebec75b9f7cd55d.jpg,300,300,100,71
Mask,72,66,5,7,2376_jpg.rf.b4c26724484d8e62cebec75b9f7cd55d.jpg,300,300,77,73
Mask,176,73,6,7,2376_jpg.rf.b4c26724484d8e62cebec75b9f7cd55d.jpg,300,300,182,80
None,12,67,9,18,2376_jpg.rf.b4c26724484d8e62cebec75b9f7cd55d.jpg,300,300,21,85
None,267,84,10,14,2376_jpg.rf.b4c26724484d8e62cebec75b9f7cd55d.jpg,300,300,277,98
None,249,76,9,21,2376_jpg.rf.b4c26724484d8e62cebec75b9f7cd55d.jpg,300,300,258,97
None,106,81,7,16,2376_jpg.rf.b4c26724484d8e62cebec75b9f7cd55d.jpg,300,300,113,97
None,239,186,37,72,2379_jpg.rf.f41b7504068c4e5f2f5f16517b8ba3de.jpg,300,300,276,258
None,179,65,15,28,2379_jpg.rf.f41b7504068c4e5f2f5f16517b8ba3de.jpg,300,300,194,93
None,8,73,15,26,2379_jpg.rf.f41b7504068c4e5f2f5f16517b8ba3de.jpg,300,300,23,99
None,126,102,11,14,2380_jpg.rf.72160e2c0bdaaff53a40a3caec99576a.jpg,300,300,137,116
None,267,156,21,40,2380_jpg.rf.72160e2c0bdaaff53a40a3caec99576a.jpg,300,300,288,196
None,104,140,13,29,2380_jpg.rf.72160e2c0bdaaff53a40a3caec99576a.jpg,300,300,117,169
None,55,143,15,24,2380_jpg.rf.72160e2c0bdaaff53a40a3caec99576a.jpg,300,300,70,167
None,21,140,16,35,2380_jpg.rf.72160e2c0bdaaff53a40a3caec99576a.jpg,300,300,37,175
None,10,119,20,36,2380_jpg.rf.72160e2c0bdaaff53a40a3caec99576a.jpg,300,300,30,155
None,1,195,25,68,2380_jpg.rf.72160e2c0bdaaff53a40a3caec99576a.jpg,300,300,26,263
None,153,82,8,18,2380_jpg.rf.72160e2c0bdaaff53a40a3caec99576a.jpg,300,300,161,100
None,181,86,8,16,2380_jpg.rf.72160e2c0bdaaff53a40a3caec99576a.jpg,300,300,189,102
Mask,69,67,27,55,2382_jpg.rf.c4866028697fde4f3dfa4000b3ed7e7b.jpg,300,300,96,122
Mask,180,51,13,22,2382_jpg.rf.c4866028697fde4f3dfa4000b3ed7e7b.jpg,300,300,193,73
Mask,243,31,7,16,2382_jpg.rf.c4866028697fde4f3dfa4000b3ed7e7b.jpg,300,300,250,47
Mask,250,24,8,19,2382_jpg.rf.c4866028697fde4f3dfa4000b3ed7e7b.jpg,300,300,258,43
None,59,0,84,74,2384_jpg.rf.4681149284bf2069c51a793c5978d770.jpg,300,300,143,74
Mask,110,97,11,17,2387_jpg.rf.066445f423d7ef845603b663ea4e695c.jpg,300,300,121,114
Helmet,183,82,10,10,2387_jpg.rf.066445f423d7ef845603b663ea4e695c.jpg,300,300,193,92
None,169,55,10,17,2388_jpg.rf.0bf5c24f9c715faeb68e51d218f1d8f4.jpg,300,300,179,72
None,203,56,8,16,2388_jpg.rf.0bf5c24f9c715faeb68e51d218f1d8f4.jpg,300,300,211,72
Mask,227,57,26,33,2388_jpg.rf.0bf5c24f9c715faeb68e51d218f1d8f4.jpg,300,300,253,90
Mask,134,46,20,25,2388_jpg.rf.0bf5c24f9c715faeb68e51d218f1d8f4.jpg,300,300,154,71
Mask,118,98,22,36,2388_jpg.rf.0bf5c24f9c715faeb68e51d218f1d8f4.jpg,300,300,140,134
Mask,48,75,21,27,2388_jpg.rf.0bf5c24f9c715faeb68e51d218f1d8f4.jpg,300,300,69,102
None,173,43,16,30,2389_jpg.rf.489b3c9c878e5005320e919b9124dd7e.jpg,300,300,189,73
None,127,39,16,33,2389_jpg.rf.489b3c9c878e5005320e919b9124dd7e.jpg,300,300,143,72
Mask,256,74,17,20,2389_jpg.rf.489b3c9c878e5005320e919b9124dd7e.jpg,300,300,273,94
Mask,14,109,15,20,2390_jpg.rf.681ecae48e021ddffc713c9af6f9f019.jpg,300,300,29,129
Mask,63,128,24,33,2390_jpg.rf.681ecae48e021ddffc713c9af6f9f019.jpg,300,300,87,161
Mask,112,84,10,20,2390_jpg.rf.681ecae48e021ddffc713c9af6f9f019.jpg,300,300,122,104
Mask,181,119,16,43,2390_jpg.rf.681ecae48e021ddffc713c9af6f9f019.jpg,300,300,197,162
None,122,109,20,49,2390_jpg.rf.681ecae48e021ddffc713c9af6f9f019.jpg,300,300,142,158
None,113,105,51,97,2391_jpg.rf.dde610c6055052ad6d004a7ea37591af.jpg,300,300,164,202
Mask,87,83,11,11,2392_jpg.rf.9b83ef12a39eed9b046cfb3f6e2e0519.jpg,300,300,98,94
Mask,90,54,8,10,2392_jpg.rf.9b83ef12a39eed9b046cfb3f6e2e0519.jpg,300,300,98,64
Mask,33,51,21,20,2392_jpg.rf.9b83ef12a39eed9b046cfb3f6e2e0519.jpg,300,300,54,71
Mask,172,130,44,32,2392_jpg.rf.9b83ef12a39eed9b046cfb3f6e2e0519.jpg,300,300,216,162
Mask,115,109,27,21,2392_jpg.rf.9b83ef12a39eed9b046cfb3f6e2e0519.jpg,300,300,142,130
Mask,246,114,39,23,2392_jpg.rf.9b83ef12a39eed9b046cfb3f6e2e0519.jpg,300,300,285,137
Mask,280,66,6,5,2395_jpg.rf.80fc177049f414d7b2a33ebcc42d8e59.jpg,300,300,286,71
Mask,262,70,7,7,2395_jpg.rf.80fc177049f414d7b2a33ebcc42d8e59.jpg,300,300,269,77
Mask,253,64,8,5,2395_jpg.rf.80fc177049f414d7b2a33ebcc42d8e59.jpg,300,300,261,69
None,248,65,8,13,2395_jpg.rf.80fc177049f414d7b2a33ebcc42d8e59.jpg,300,300,256,78
Mask,229,65,7,11,2395_jpg.rf.80fc177049f414d7b2a33ebcc42d8e59.jpg,300,300,236,76
Mask,218,77,8,7,2395_jpg.rf.80fc177049f414d7b2a33ebcc42d8e59.jpg,300,300,226,84
Mask,197,82,9,12,2395_jpg.rf.80fc177049f414d7b2a33ebcc42d8e59.jpg,300,300,206,94
Mask,191,77,5,10,2395_jpg.rf.80fc177049f414d7b2a33ebcc42d8e59.jpg,300,300,196,87
Mask,181,79,9,10,2395_jpg.rf.80fc177049f414d7b2a33ebcc42d8e59.jpg,300,300,190,89
Mask,150,78,12,13,2395_jpg.rf.80fc177049f414d7b2a33ebcc42d8e59.jpg,300,300,162,91
Mask,116,92,15,16,2395_jpg.rf.80fc177049f414d7b2a33ebcc42d8e59.jpg,300,300,131,108
Mask,77,81,12,16,2395_jpg.rf.80fc177049f414d7b2a33ebcc42d8e59.jpg,300,300,89,97
Mask,13,153,40,39,2396_jpg.rf.b8d67604d88e3d97ab4ed5861adfd430.jpg,300,300,53,192
Mask,111,198,32,36,2396_jpg.rf.b8d67604d88e3d97ab4ed5861adfd430.jpg,300,300,143,234
Mask,185,236,33,35,2396_jpg.rf.b8d67604d88e3d97ab4ed5861adfd430.jpg,300,300,218,271
Mask,153,234,20,29,2396_jpg.rf.b8d67604d88e3d97ab4ed5861adfd430.jpg,300,300,173,263
Mask,234,221,25,30,2396_jpg.rf.b8d67604d88e3d97ab4ed5861adfd430.jpg,300,300,259,251
Mask,206,118,23,24,2396_jpg.rf.b8d67604d88e3d97ab4ed5861adfd430.jpg,300,300,229,142
Mask,184,127,21,31,2396_jpg.rf.b8d67604d88e3d97ab4ed5861adfd430.jpg,300,300,205,158
Mask,130,126,23,19,2396_jpg.rf.b8d67604d88e3d97ab4ed5861adfd430.jpg,300,300,153,145
Mask,143,104,15,22,2396_jpg.rf.b8d67604d88e3d97ab4ed5861adfd430.jpg,300,300,158,126
Mask,161,89,16,26,2396_jpg.rf.b8d67604d88e3d97ab4ed5861adfd430.jpg,300,300,177,115
Mask,139,82,10,8,2396_jpg.rf.b8d67604d88e3d97ab4ed5861adfd430.jpg,300,300,149,90
Mask,174,63,11,9,2396_jpg.rf.b8d67604d88e3d97ab4ed5861adfd430.jpg,300,300,185,72
Mask,154,56,12,17,2396_jpg.rf.b8d67604d88e3d97ab4ed5861adfd430.jpg,300,300,166,73
Mask,167,41,13,11,2396_jpg.rf.b8d67604d88e3d97ab4ed5861adfd430.jpg,300,300,180,52
Mask,188,38,14,15,2396_jpg.rf.b8d67604d88e3d97ab4ed5861adfd430.jpg,300,300,202,53
Mask,217,35,12,12,2396_jpg.rf.b8d67604d88e3d97ab4ed5861adfd430.jpg,300,300,229,47
Mask,221,68,11,16,2401_jpg.rf.ee0b13196c21ec71fec83d6e758986f6.jpg,300,300,232,84
Mask,235,64,11,16,2401_jpg.rf.ee0b13196c21ec71fec83d6e758986f6.jpg,300,300,246,80
Mask,69,38,10,16,2401_jpg.rf.ee0b13196c21ec71fec83d6e758986f6.jpg,300,300,79,54
Helmet,216,50,20,20,2401_jpg.rf.ee0b13196c21ec71fec83d6e758986f6.jpg,300,300,236,70
Mask,101,49,17,43,2404_jpg.rf.2eb4c91448ee14164736488fd9b6e424.jpg,300,300,118,92
Mask,180,25,21,23,2404_jpg.rf.2eb4c91448ee14164736488fd9b6e424.jpg,300,300,201,48
Mask,35,82,24,35,2404_jpg.rf.2eb4c91448ee14164736488fd9b6e424.jpg,300,300,59,117
Mask,190,138,16,15,2406_jpg.rf.500951523d883e1f1a1fbf8790ad22b1.jpg,300,300,206,153
Mask,209,97,13,35,2406_jpg.rf.500951523d883e1f1a1fbf8790ad22b1.jpg,300,300,222,132
Mask,159,119,12,17,2406_jpg.rf.500951523d883e1f1a1fbf8790ad22b1.jpg,300,300,171,136
Mask,153,146,15,16,2406_jpg.rf.500951523d883e1f1a1fbf8790ad22b1.jpg,300,300,168,162
Mask,113,131,20,18,2406_jpg.rf.500951523d883e1f1a1fbf8790ad22b1.jpg,300,300,133,149
Mask,68,128,24,31,2406_jpg.rf.500951523d883e1f1a1fbf8790ad22b1.jpg,300,300,92,159
Mask,15,157,28,40,2406_jpg.rf.500951523d883e1f1a1fbf8790ad22b1.jpg,300,300,43,197
Mask,90,196,17,17,2406_jpg.rf.500951523d883e1f1a1fbf8790ad22b1.jpg,300,300,107,213
Mask,293,171,7,9,2406_jpg.rf.500951523d883e1f1a1fbf8790ad22b1.jpg,300,300,300,180
Mask,26,59,16,23,2409_jpg.rf.c424029e7136e99f8d65e7d6a6d7b335.jpg,300,300,42,82
Mask,127,94,25,30,2409_jpg.rf.c424029e7136e99f8d65e7d6a6d7b335.jpg,300,300,152,124
Mask,198,42,22,27,2409_jpg.rf.c424029e7136e99f8d65e7d6a6d7b335.jpg,300,300,220,69
Mask,255,67,22,24,2409_jpg.rf.c424029e7136e99f8d65e7d6a6d7b335.jpg,300,300,277,91
Mask,240,189,26,42,2409_jpg.rf.c424029e7136e99f8d65e7d6a6d7b335.jpg,300,300,266,231
Mask,245,14,14,21,2409_jpg.rf.c424029e7136e99f8d65e7d6a6d7b335.jpg,300,300,259,35
Mask,195,16,8,19,2409_jpg.rf.c424029e7136e99f8d65e7d6a6d7b335.jpg,300,300,203,35
Mask,177,26,11,20,2409_jpg.rf.c424029e7136e99f8d65e7d6a6d7b335.jpg,300,300,188,46
Mask,105,8,16,18,2409_jpg.rf.c424029e7136e99f8d65e7d6a6d7b335.jpg,300,300,121,26
Mask,53,5,19,17,2409_jpg.rf.c424029e7136e99f8d65e7d6a6d7b335.jpg,300,300,72,22
Mask,34,16,16,14,2409_jpg.rf.c424029e7136e99f8d65e7d6a6d7b335.jpg,300,300,50,30
Mask,0,5,12,18,2409_jpg.rf.c424029e7136e99f8d65e7d6a6d7b335.jpg,300,300,12,23
Mask,191,112,55,65,2411_jpg.rf.256ebc87fbfacbce70e336da0ff767eb.jpg,300,300,246,177
Mask,82,137,39,45,2411_jpg.rf.256ebc87fbfacbce70e336da0ff767eb.jpg,300,300,121,182
Mask,22,87,32,61,2411_jpg.rf.256ebc87fbfacbce70e336da0ff767eb.jpg,300,300,54,148
Mask,132,210,19,20,2412_jpg.rf.046a34cf8c1c69872427de5644ed59cc.jpg,300,300,151,230
Mask,64,152,23,26,2412_jpg.rf.046a34cf8c1c69872427de5644ed59cc.jpg,300,300,87,178
Mask,24,145,15,12,2412_jpg.rf.046a34cf8c1c69872427de5644ed59cc.jpg,300,300,39,157
Mask,15,140,8,9,2412_jpg.rf.046a34cf8c1c69872427de5644ed59cc.jpg,300,300,23,149
Mask,251,150,15,15,2412_jpg.rf.046a34cf8c1c69872427de5644ed59cc.jpg,300,300,266,165
Mask,216,120,7,7,2412_jpg.rf.046a34cf8c1c69872427de5644ed59cc.jpg,300,300,223,127
Mask,238,136,10,7,2412_jpg.rf.046a34cf8c1c69872427de5644ed59cc.jpg,300,300,248,143
Mask,148,124,13,8,2412_jpg.rf.046a34cf8c1c69872427de5644ed59cc.jpg,300,300,161,132
Mask,174,124,11,13,2412_jpg.rf.046a34cf8c1c69872427de5644ed59cc.jpg,300,300,185,137
Mask,119,113,10,8,2412_jpg.rf.046a34cf8c1c69872427de5644ed59cc.jpg,300,300,129,121
Mask,97,110,9,8,2412_jpg.rf.046a34cf8c1c69872427de5644ed59cc.jpg,300,300,106,118
Mask,123,102,5,5,2412_jpg.rf.046a34cf8c1c69872427de5644ed59cc.jpg,300,300,128,107
Mask,264,115,13,11,2412_jpg.rf.046a34cf8c1c69872427de5644ed59cc.jpg,300,300,277,126
Mask,292,110,8,12,2412_jpg.rf.046a34cf8c1c69872427de5644ed59cc.jpg,300,300,300,122
Mask,207,195,19,32,2412_jpg.rf.046a34cf8c1c69872427de5644ed59cc.jpg,300,300,226,227
Mask,47,105,7,11,2412_jpg.rf.046a34cf8c1c69872427de5644ed59cc.jpg,300,300,54,116
Mask,199,142,10,13,2412_jpg.rf.046a34cf8c1c69872427de5644ed59cc.jpg,300,300,209,155
Mask,36,64,7,15,2413_jpg.rf.9825c388d649ccceefb09d458629e600.jpg,300,300,43,79
Mask,42,76,8,18,2413_jpg.rf.9825c388d649ccceefb09d458629e600.jpg,300,300,50,94
Mask,166,69,13,21,2413_jpg.rf.9825c388d649ccceefb09d458629e600.jpg,300,300,179,90
Mask,232,79,11,15,2413_jpg.rf.9825c388d649ccceefb09d458629e600.jpg,300,300,243,94
Mask,279,101,12,10,2413_jpg.rf.9825c388d649ccceefb09d458629e600.jpg,300,300,291,111
None,80,54,13,28,2413_jpg.rf.9825c388d649ccceefb09d458629e600.jpg,300,300,93,82
Mask,23,219,43,51,2414_jpg.rf.f6c1ec6024d7558e01b493c8c13c3238.jpg,300,300,66,270
Mask,88,105,58,63,2414_jpg.rf.f6c1ec6024d7558e01b493c8c13c3238.jpg,300,300,146,168
Mask,228,157,41,53,2414_jpg.rf.f6c1ec6024d7558e01b493c8c13c3238.jpg,300,300,269,210
Mask,21,108,30,46,2417_jpg.rf.ba7057c8602d7ed1b26ce382929fc61d.jpg,300,300,51,154
Mask,99,139,21,36,2417_jpg.rf.ba7057c8602d7ed1b26ce382929fc61d.jpg,300,300,120,175
Mask,142,166,26,20,2417_jpg.rf.ba7057c8602d7ed1b26ce382929fc61d.jpg,300,300,168,186
Mask,200,157,21,29,2417_jpg.rf.ba7057c8602d7ed1b26ce382929fc61d.jpg,300,300,221,186
Mask,132,99,13,17,2417_jpg.rf.ba7057c8602d7ed1b26ce382929fc61d.jpg,300,300,145,116
None,47,23,19,46,2419_jpg.rf.05035e244900db748d25f4637731ff0e.jpg,300,300,66,69
Mask,95,45,7,7,2423_jpg.rf.38301a3e355ae6ab078e68f317c01d6f.jpg,300,300,102,52
Mask,117,47,8,7,2423_jpg.rf.38301a3e355ae6ab078e68f317c01d6f.jpg,300,300,125,54
Mask,24,116,12,16,2423_jpg.rf.38301a3e355ae6ab078e68f317c01d6f.jpg,300,300,36,132
Mask,65,138,18,18,2423_jpg.rf.38301a3e355ae6ab078e68f317c01d6f.jpg,300,300,83,156
Mask,33,132,18,19,2423_jpg.rf.38301a3e355ae6ab078e68f317c01d6f.jpg,300,300,51,151
Mask,88,124,14,16,2423_jpg.rf.38301a3e355ae6ab078e68f317c01d6f.jpg,300,300,102,140
Mask,115,138,18,21,2423_jpg.rf.38301a3e355ae6ab078e68f317c01d6f.jpg,300,300,133,159
Mask,144,122,13,15,2423_jpg.rf.38301a3e355ae6ab078e68f317c01d6f.jpg,300,300,157,137
Mask,163,133,20,18,2423_jpg.rf.38301a3e355ae6ab078e68f317c01d6f.jpg,300,300,183,151
Mask,166,107,16,12,2423_jpg.rf.38301a3e355ae6ab078e68f317c01d6f.jpg,300,300,182,119
Mask,204,119,9,12,2423_jpg.rf.38301a3e355ae6ab078e68f317c01d6f.jpg,300,300,213,131
Mask,194,146,16,14,2423_jpg.rf.38301a3e355ae6ab078e68f317c01d6f.jpg,300,300,210,160
Mask,224,146,21,20,2423_jpg.rf.38301a3e355ae6ab078e68f317c01d6f.jpg,300,300,245,166
Mask,263,119,21,19,2423_jpg.rf.38301a3e355ae6ab078e68f317c01d6f.jpg,300,300,284,138
Mask,233,104,15,19,2423_jpg.rf.38301a3e355ae6ab078e68f317c01d6f.jpg,300,300,248,123
Mask,57,46,9,12,2424_jpg.rf.ccaf543f2b5824978d30bde3a03ee3fe.jpg,300,300,66,58
Mask,68,55,12,14,2424_jpg.rf.ccaf543f2b5824978d30bde3a03ee3fe.jpg,300,300,80,69
Mask,173,48,11,17,2424_jpg.rf.ccaf543f2b5824978d30bde3a03ee3fe.jpg,300,300,184,65
Mask,208,53,15,15,2424_jpg.rf.ccaf543f2b5824978d30bde3a03ee3fe.jpg,300,300,223,68
Mask,248,21,14,17,2424_jpg.rf.ccaf543f2b5824978d30bde3a03ee3fe.jpg,300,300,262,38
Mask,31,242,26,39,2424_jpg.rf.ccaf543f2b5824978d30bde3a03ee3fe.jpg,300,300,57,281
Mask,88,223,31,49,2424_jpg.rf.ccaf543f2b5824978d30bde3a03ee3fe.jpg,300,300,119,272
None,66,211,16,47,2424_jpg.rf.ccaf543f2b5824978d30bde3a03ee3fe.jpg,300,300,82,258
Mask,240,211,15,17,2424_jpg.rf.ccaf543f2b5824978d30bde3a03ee3fe.jpg,300,300,255,228
Mask,165,229,12,16,2424_jpg.rf.ccaf543f2b5824978d30bde3a03ee3fe.jpg,300,300,177,245
Mask,80,204,26,41,2425_jpg.rf.6163ca4e94ede068280660ae5b8e7f08.jpg,300,300,106,245
Mask,12,142,20,42,2425_jpg.rf.6163ca4e94ede068280660ae5b8e7f08.jpg,300,300,32,184
Mask,56,171,24,37,2425_jpg.rf.6163ca4e94ede068280660ae5b8e7f08.jpg,300,300,80,208
Mask,29,101,18,22,2425_jpg.rf.6163ca4e94ede068280660ae5b8e7f08.jpg,300,300,47,123
Mask,85,84,16,21,2425_jpg.rf.6163ca4e94ede068280660ae5b8e7f08.jpg,300,300,101,105
Mask,73,39,16,22,2425_jpg.rf.6163ca4e94ede068280660ae5b8e7f08.jpg,300,300,89,61
Mask,114,126,16,28,2425_jpg.rf.6163ca4e94ede068280660ae5b8e7f08.jpg,300,300,130,154
Mask,133,166,17,30,2425_jpg.rf.6163ca4e94ede068280660ae5b8e7f08.jpg,300,300,150,196
Mask,114,224,27,32,2425_jpg.rf.6163ca4e94ede068280660ae5b8e7f08.jpg,300,300,141,256
Mask,182,173,23,27,2425_jpg.rf.6163ca4e94ede068280660ae5b8e7f08.jpg,300,300,205,200
Mask,229,244,22,22,2425_jpg.rf.6163ca4e94ede068280660ae5b8e7f08.jpg,300,300,251,266
Mask,209,229,16,30,2425_jpg.rf.6163ca4e94ede068280660ae5b8e7f08.jpg,300,300,225,259
Mask,249,189,18,28,2425_jpg.rf.6163ca4e94ede068280660ae5b8e7f08.jpg,300,300,267,217
Mask,259,130,19,23,2425_jpg.rf.6163ca4e94ede068280660ae5b8e7f08.jpg,300,300,278,153
Mask,211,97,17,20,2425_jpg.rf.6163ca4e94ede068280660ae5b8e7f08.jpg,300,300,228,117
Mask,173,100,19,21,2425_jpg.rf.6163ca4e94ede068280660ae5b8e7f08.jpg,300,300,192,121
Mask,142,105,19,15,2425_jpg.rf.6163ca4e94ede068280660ae5b8e7f08.jpg,300,300,161,120
Mask,255,73,11,15,2425_jpg.rf.6163ca4e94ede068280660ae5b8e7f08.jpg,300,300,266,88
Mask,234,59,12,12,2425_jpg.rf.6163ca4e94ede068280660ae5b8e7f08.jpg,300,300,246,71
Mask,215,57,15,13,2425_jpg.rf.6163ca4e94ede068280660ae5b8e7f08.jpg,300,300,230,70
Mask,198,87,12,15,2425_jpg.rf.6163ca4e94ede068280660ae5b8e7f08.jpg,300,300,210,102
Mask,185,60,12,16,2425_jpg.rf.6163ca4e94ede068280660ae5b8e7f08.jpg,300,300,197,76
Mask,165,58,17,12,2425_jpg.rf.6163ca4e94ede068280660ae5b8e7f08.jpg,300,300,182,70
Mask,152,46,13,13,2425_jpg.rf.6163ca4e94ede068280660ae5b8e7f08.jpg,300,300,165,59
Mask,121,52,11,15,2425_jpg.rf.6163ca4e94ede068280660ae5b8e7f08.jpg,300,300,132,67
Mask,67,132,25,24,2440_jpg.rf.d8698d86a94f0d17da9d0f147efd8c83.jpg,300,300,92,156
Mask,130,117,27,39,2440_jpg.rf.d8698d86a94f0d17da9d0f147efd8c83.jpg,300,300,157,156
Mask,158,45,17,30,2440_jpg.rf.d8698d86a94f0d17da9d0f147efd8c83.jpg,300,300,175,75
Mask,278,166,21,13,2440_jpg.rf.d8698d86a94f0d17da9d0f147efd8c83.jpg,300,300,299,179
Mask,50,59,14,23,2440_jpg.rf.d8698d86a94f0d17da9d0f147efd8c83.jpg,300,300,64,82
Mask,63,66,18,20,2440_jpg.rf.d8698d86a94f0d17da9d0f147efd8c83.jpg,300,300,81,86
Mask,103,162,54,70,2441_jpg.rf.853b128138de6d8a505ffd42d590a362.jpg,300,300,157,232
Mask,167,152,54,57,2441_jpg.rf.853b128138de6d8a505ffd42d590a362.jpg,300,300,221,209
Mask,223,43,48,54,2441_jpg.rf.853b128138de6d8a505ffd42d590a362.jpg,300,300,271,97
Mask,66,0,48,28,2441_jpg.rf.853b128138de6d8a505ffd42d590a362.jpg,300,300,114,28
Mask,170,135,28,40,2443_jpg.rf.e8d2face66466f8cb4c63996f47d1229.jpg,300,300,198,175
Mask,77,129,32,37,2443_jpg.rf.e8d2face66466f8cb4c63996f47d1229.jpg,300,300,109,166
Mask,117,47,27,38,2443_jpg.rf.e8d2face66466f8cb4c63996f47d1229.jpg,300,300,144,85
Mask,102,71,15,20,2443_jpg.rf.e8d2face66466f8cb4c63996f47d1229.jpg,300,300,117,91
Mask,46,79,16,48,2443_jpg.rf.e8d2face66466f8cb4c63996f47d1229.jpg,300,300,62,127
Mask,225,77,19,33,2443_jpg.rf.e8d2face66466f8cb4c63996f47d1229.jpg,300,300,244,110
Mask,260,89,31,34,2443_jpg.rf.e8d2face66466f8cb4c63996f47d1229.jpg,300,300,291,123
Mask,293,70,7,33,2443_jpg.rf.e8d2face66466f8cb4c63996f47d1229.jpg,300,300,300,103
None,244,55,18,59,2443_jpg.rf.e8d2face66466f8cb4c63996f47d1229.jpg,300,300,262,114
Mask,131,72,40,73,2444_jpg.rf.6b82ace001dfa621c2e3a3e70b58b94f.jpg,300,300,171,145
Mask,72,152,42,56,2444_jpg.rf.6b82ace001dfa621c2e3a3e70b58b94f.jpg,300,300,114,208
Mask,208,68,8,10,2449_jpg.rf.54d5e9f20ad3fcf625fe7b0c7d98b7d0.jpg,300,300,216,78
Mask,173,44,20,21,2449_jpg.rf.54d5e9f20ad3fcf625fe7b0c7d98b7d0.jpg,300,300,193,65
Mask,156,63,14,8,2449_jpg.rf.54d5e9f20ad3fcf625fe7b0c7d98b7d0.jpg,300,300,170,71
Mask,130,45,21,20,2449_jpg.rf.54d5e9f20ad3fcf625fe7b0c7d98b7d0.jpg,300,300,151,65
Mask,96,42,19,18,2449_jpg.rf.54d5e9f20ad3fcf625fe7b0c7d98b7d0.jpg,300,300,115,60
Mask,33,122,8,5,2449_jpg.rf.54d5e9f20ad3fcf625fe7b0c7d98b7d0.jpg,300,300,41,127
Mask,51,115,6,8,2449_jpg.rf.54d5e9f20ad3fcf625fe7b0c7d98b7d0.jpg,300,300,57,123
Mask,3,121,6,8,2449_jpg.rf.54d5e9f20ad3fcf625fe7b0c7d98b7d0.jpg,300,300,9,129
Mask,34,85,8,7,2450_jpg.rf.207493dcf4270d0406e79abd1a37e33a.jpg,300,300,42,92
Mask,22,112,11,27,2450_jpg.rf.207493dcf4270d0406e79abd1a37e33a.jpg,300,300,33,139
Mask,59,75,10,16,2450_jpg.rf.207493dcf4270d0406e79abd1a37e33a.jpg,300,300,69,91
Mask,118,93,23,29,2450_jpg.rf.207493dcf4270d0406e79abd1a37e33a.jpg,300,300,141,122
Mask,221,87,17,26,2450_jpg.rf.207493dcf4270d0406e79abd1a37e33a.jpg,300,300,238,113
Mask,76,116,19,23,2451_jpg.rf.56cb25efa5f3f493b31230ad486594cf.jpg,300,300,95,139
Mask,196,139,10,21,2451_jpg.rf.56cb25efa5f3f493b31230ad486594cf.jpg,300,300,206,160
Mask,170,153,25,21,2451_jpg.rf.56cb25efa5f3f493b31230ad486594cf.jpg,300,300,195,174
Mask,116,127,13,16,2451_jpg.rf.56cb25efa5f3f493b31230ad486594cf.jpg,300,300,129,143
Mask,25,120,20,26,2451_jpg.rf.56cb25efa5f3f493b31230ad486594cf.jpg,300,300,45,146
Mask,146,110,18,35,2451_jpg.rf.56cb25efa5f3f493b31230ad486594cf.jpg,300,300,164,145
Mask,288,176,12,40,2451_jpg.rf.56cb25efa5f3f493b31230ad486594cf.jpg,300,300,300,216
Mask,157,79,41,52,2454_jpg.rf.9743165f2fb272e4f4f5324f55b8c352.jpg,300,300,198,131
Mask,45,62,37,41,2454_jpg.rf.9743165f2fb272e4f4f5324f55b8c352.jpg,300,300,82,103
Mask,207,54,31,44,2454_jpg.rf.9743165f2fb272e4f4f5324f55b8c352.jpg,300,300,238,98
None,120,33,68,191,2455_jpg.rf.7ca2e42fb378103c0f35b6396ad606d7.jpg,300,300,188,224
Mask,153,154,8,9,2456_jpg.rf.1ca41893bee3b3be560b5d3abda652cd.jpg,300,300,161,163
None,204,128,11,21,2457_jpg.rf.7c032a675807bfd884188c4bbb1d9ad9.jpg,300,300,215,149
None,159,136,9,15,2457_jpg.rf.7c032a675807bfd884188c4bbb1d9ad9.jpg,300,300,168,151
None,95,149,8,14,2457_jpg.rf.7c032a675807bfd884188c4bbb1d9ad9.jpg,300,300,103,163
None,30,143,9,17,2457_jpg.rf.7c032a675807bfd884188c4bbb1d9ad9.jpg,300,300,39,160
None,57,9,7,14,2457_jpg.rf.7c032a675807bfd884188c4bbb1d9ad9.jpg,300,300,64,23
None,238,1,9,15,2457_jpg.rf.7c032a675807bfd884188c4bbb1d9ad9.jpg,300,300,247,16
None,178,282,7,12,2457_jpg.rf.7c032a675807bfd884188c4bbb1d9ad9.jpg,300,300,185,294
None,151,278,7,15,2457_jpg.rf.7c032a675807bfd884188c4bbb1d9ad9.jpg,300,300,158,293
None,278,277,7,12,2457_jpg.rf.7c032a675807bfd884188c4bbb1d9ad9.jpg,300,300,285,289
None,272,279,6,13,2457_jpg.rf.7c032a675807bfd884188c4bbb1d9ad9.jpg,300,300,278,292
None,97,5,103,138,2459_jpg.rf.480cab1208f55b3d5cb922f955324e08.jpg,300,300,200,143
Mask,60,55,69,116,2462_jpg.rf.696b53419c09fb95454d40f4b7cbf7f3.jpg,300,300,129,171
Mask,80,50,20,25,2463_jpg.rf.f6d39e9648bf3d9bd3ba1a058f2ca14d.jpg,300,300,100,75
Mask,125,54,16,21,2463_jpg.rf.f6d39e9648bf3d9bd3ba1a058f2ca14d.jpg,300,300,141,75
Mask,163,39,18,21,2463_jpg.rf.f6d39e9648bf3d9bd3ba1a058f2ca14d.jpg,300,300,181,60
Mask,208,49,18,20,2463_jpg.rf.f6d39e9648bf3d9bd3ba1a058f2ca14d.jpg,300,300,226,69
Mask,148,100,20,19,2463_jpg.rf.f6d39e9648bf3d9bd3ba1a058f2ca14d.jpg,300,300,168,119
Mask,233,192,13,8,2464_jpg.rf.1d4d27983503de8bea3af72515e1f568.jpg,300,300,246,200
Mask,155,164,19,11,2464_jpg.rf.1d4d27983503de8bea3af72515e1f568.jpg,300,300,174,175
Mask,70,201,10,8,2464_jpg.rf.1d4d27983503de8bea3af72515e1f568.jpg,300,300,80,209
Mask,50,166,4,4,2464_jpg.rf.1d4d27983503de8bea3af72515e1f568.jpg,300,300,54,170
Mask,41,166,5,5,2464_jpg.rf.1d4d27983503de8bea3af72515e1f568.jpg,300,300,46,171
Mask,14,168,5,5,2464_jpg.rf.1d4d27983503de8bea3af72515e1f568.jpg,300,300,19,173
Mask,195,166,24,24,2466_jpg.rf.ae7235ff4c45e8b8821a1f5e2b0a590b.jpg,300,300,219,190
None,33,66,23,47,2466_jpg.rf.ae7235ff4c45e8b8821a1f5e2b0a590b.jpg,300,300,56,113
None,155,104,30,59,2466_jpg.rf.ae7235ff4c45e8b8821a1f5e2b0a590b.jpg,300,300,185,163
None,157,61,18,31,2466_jpg.rf.ae7235ff4c45e8b8821a1f5e2b0a590b.jpg,300,300,175,92
None,100,38,18,40,2466_jpg.rf.ae7235ff4c45e8b8821a1f5e2b0a590b.jpg,300,300,118,78
None,76,84,14,23,2468_jpg.rf.4698933178aa25cef9406983b58d8d24.jpg,300,300,90,107
Mask,223,115,16,18,2469_jpg.rf.6e9af9b58e6fc0a13f63250e476cb4ff.jpg,300,300,239,133
Mask,143,116,15,21,2469_jpg.rf.6e9af9b58e6fc0a13f63250e476cb4ff.jpg,300,300,158,137
Mask,97,127,20,14,2469_jpg.rf.6e9af9b58e6fc0a13f63250e476cb4ff.jpg,300,300,117,141
Mask,86,132,114,137,2470_jpg.rf.573702c98562e83d39b3920cf80e4072.jpg,300,300,200,269
Mask,268,62,15,17,2472_jpg.rf.2a1a4d229f03c457d0cefe24ad3b94cd.jpg,300,300,283,79
Mask,126,152,81,69,2473_jpg.rf.7e5b44cdebd61c63a5fd6d1bf350cbae.jpg,300,300,207,221
Mask,132,152,72,101,2474_jpg.rf.805cb85bea6b8bb079a25de8ca21ff91.jpg,300,300,204,253
Mask,91,138,15,18,2475_jpg.rf.a84d515024946a91b3b4f06ee3ba9c2f.jpg,300,300,106,156
Mask,136,148,16,15,2475_jpg.rf.a84d515024946a91b3b4f06ee3ba9c2f.jpg,300,300,152,163
Mask,169,133,13,16,2475_jpg.rf.a84d515024946a91b3b4f06ee3ba9c2f.jpg,300,300,182,149
Mask,190,133,15,24,2475_jpg.rf.a84d515024946a91b3b4f06ee3ba9c2f.jpg,300,300,205,157
Mask,5,143,16,15,2475_jpg.rf.a84d515024946a91b3b4f06ee3ba9c2f.jpg,300,300,21,158
Mask,69,143,13,16,2475_jpg.rf.a84d515024946a91b3b4f06ee3ba9c2f.jpg,300,300,82,159
Mask,153,155,11,15,2475_jpg.rf.a84d515024946a91b3b4f06ee3ba9c2f.jpg,300,300,164,170
Mask,41,142,10,11,2475_jpg.rf.a84d515024946a91b3b4f06ee3ba9c2f.jpg,300,300,51,153
Mask,152,121,8,14,2476_jpg.rf.6783fd6279ee0013cc91f7a280545e42.jpg,300,300,160,135
Mask,135,109,10,12,2477_jpg.rf.535e0c3b9c262696e45aa1c4595085c2.jpg,300,300,145,121
Mask,46,91,10,10,2477_jpg.rf.535e0c3b9c262696e45aa1c4595085c2.jpg,300,300,56,101
Helmet,43,76,15,15,2477_jpg.rf.535e0c3b9c262696e45aa1c4595085c2.jpg,300,300,58,91
Mask,111,86,15,25,2478_jpg.rf.223568e7e031780dcc93ad9118eecf25.jpg,300,300,126,111
Mask,64,88,13,23,2478_jpg.rf.223568e7e031780dcc93ad9118eecf25.jpg,300,300,77,111
Mask,195,111,15,15,2478_jpg.rf.223568e7e031780dcc93ad9118eecf25.jpg,300,300,210,126
Mask,280,107,15,25,2478_jpg.rf.223568e7e031780dcc93ad9118eecf25.jpg,300,300,295,132
Mask,166,64,45,76,2479_jpg.rf.adbe36449e487a7d50a2263ec21abcec.jpg,300,300,211,140
Mask,86,96,43,57,2479_jpg.rf.adbe36449e487a7d50a2263ec21abcec.jpg,300,300,129,153
Mask,164,63,39,80,2482_jpg.rf.cb28a7e9818fe31967cfb0412410ba4a.jpg,300,300,203,143
Mask,43,80,16,31,2482_jpg.rf.cb28a7e9818fe31967cfb0412410ba4a.jpg,300,300,59,111
None,40,218,22,25,2483_jpg.rf.bf093f7a70e19e23282a452b938a4d53.jpg,300,300,62,243
None,233,234,26,28,2483_jpg.rf.bf093f7a70e19e23282a452b938a4d53.jpg,300,300,259,262
None,219,182,21,19,2483_jpg.rf.bf093f7a70e19e23282a452b938a4d53.jpg,300,300,240,201
None,148,182,27,29,2483_jpg.rf.bf093f7a70e19e23282a452b938a4d53.jpg,300,300,175,211
None,120,158,20,23,2483_jpg.rf.bf093f7a70e19e23282a452b938a4d53.jpg,300,300,140,181
None,89,127,15,15,2483_jpg.rf.bf093f7a70e19e23282a452b938a4d53.jpg,300,300,104,142
None,8,144,22,21,2483_jpg.rf.bf093f7a70e19e23282a452b938a4d53.jpg,300,300,30,165
None,56,113,20,15,2483_jpg.rf.bf093f7a70e19e23282a452b938a4d53.jpg,300,300,76,128
None,13,57,18,33,2483_jpg.rf.bf093f7a70e19e23282a452b938a4d53.jpg,300,300,31,90
Mask,70,63,13,12,2483_jpg.rf.bf093f7a70e19e23282a452b938a4d53.jpg,300,300,83,75
Mask,145,106,16,11,2483_jpg.rf.bf093f7a70e19e23282a452b938a4d53.jpg,300,300,161,117
Mask,166,133,17,15,2483_jpg.rf.bf093f7a70e19e23282a452b938a4d53.jpg,300,300,183,148
Mask,161,107,6,16,2483_jpg.rf.bf093f7a70e19e23282a452b938a4d53.jpg,300,300,167,123
Mask,219,123,20,23,2483_jpg.rf.bf093f7a70e19e23282a452b938a4d53.jpg,300,300,239,146
Mask,271,92,18,17,2483_jpg.rf.bf093f7a70e19e23282a452b938a4d53.jpg,300,300,289,109
None,226,76,23,47,2483_jpg.rf.bf093f7a70e19e23282a452b938a4d53.jpg,300,300,249,123
Mask,178,96,13,14,2483_jpg.rf.bf093f7a70e19e23282a452b938a4d53.jpg,300,300,191,110
Mask,200,87,13,15,2483_jpg.rf.bf093f7a70e19e23282a452b938a4d53.jpg,300,300,213,102
Mask,173,54,18,10,2483_jpg.rf.bf093f7a70e19e23282a452b938a4d53.jpg,300,300,191,64
Helmet,173,30,21,20,2483_jpg.rf.bf093f7a70e19e23282a452b938a4d53.jpg,300,300,194,50
None,150,44,18,32,2483_jpg.rf.bf093f7a70e19e23282a452b938a4d53.jpg,300,300,168,76
None,119,59,15,30,2483_jpg.rf.bf093f7a70e19e23282a452b938a4d53.jpg,300,300,134,89
Mask,132,64,10,15,2483_jpg.rf.bf093f7a70e19e23282a452b938a4d53.jpg,300,300,142,79
Mask,267,23,11,13,2483_jpg.rf.bf093f7a70e19e23282a452b938a4d53.jpg,300,300,278,36
Mask,248,73,15,14,2483_jpg.rf.bf093f7a70e19e23282a452b938a4d53.jpg,300,300,263,87
Mask,216,46,16,14,2483_jpg.rf.bf093f7a70e19e23282a452b938a4d53.jpg,300,300,232,60
Mask,292,9,8,10,2483_jpg.rf.bf093f7a70e19e23282a452b938a4d53.jpg,300,300,300,19
Mask,292,35,8,5,2483_jpg.rf.bf093f7a70e19e23282a452b938a4d53.jpg,300,300,300,40
Mask,295,63,5,8,2483_jpg.rf.bf093f7a70e19e23282a452b938a4d53.jpg,300,300,300,71
Mask,290,54,8,7,2483_jpg.rf.bf093f7a70e19e23282a452b938a4d53.jpg,300,300,298,61
Mask,253,27,8,8,2483_jpg.rf.bf093f7a70e19e23282a452b938a4d53.jpg,300,300,261,35
Mask,230,16,10,9,2483_jpg.rf.bf093f7a70e19e23282a452b938a4d53.jpg,300,300,240,25
Mask,201,13,10,12,2483_jpg.rf.bf093f7a70e19e23282a452b938a4d53.jpg,300,300,211,25
Mask,187,10,9,10,2483_jpg.rf.bf093f7a70e19e23282a452b938a4d53.jpg,300,300,196,20
Mask,168,12,10,8,2483_jpg.rf.bf093f7a70e19e23282a452b938a4d53.jpg,300,300,178,20
Mask,122,12,8,8,2483_jpg.rf.bf093f7a70e19e23282a452b938a4d53.jpg,300,300,130,20
Mask,139,7,9,10,2483_jpg.rf.bf093f7a70e19e23282a452b938a4d53.jpg,300,300,148,17
Mask,89,19,9,8,2483_jpg.rf.bf093f7a70e19e23282a452b938a4d53.jpg,300,300,98,27
Mask,109,9,7,9,2483_jpg.rf.bf093f7a70e19e23282a452b938a4d53.jpg,300,300,116,18
None,47,32,17,26,2483_jpg.rf.bf093f7a70e19e23282a452b938a4d53.jpg,300,300,64,58
Mask,129,30,14,11,2483_jpg.rf.bf093f7a70e19e23282a452b938a4d53.jpg,300,300,143,41
Mask,226,83,12,20,2484_jpg.rf.18efcd20735b6455d65e4b856789afa7.jpg,300,300,238,103
Mask,231,73,15,13,2484_jpg.rf.18efcd20735b6455d65e4b856789afa7.jpg,300,300,246,86
None,85,43,16,37,2484_jpg.rf.18efcd20735b6455d65e4b856789afa7.jpg,300,300,101,80
Mask,106,111,10,13,2488_jpg.rf.cb41fd3aff1003a57246f4498c7a6c96.jpg,300,300,116,124
Mask,147,123,11,12,2488_jpg.rf.cb41fd3aff1003a57246f4498c7a6c96.jpg,300,300,158,135
Mask,185,115,14,14,2488_jpg.rf.cb41fd3aff1003a57246f4498c7a6c96.jpg,300,300,199,129
Mask,77,130,7,5,2488_jpg.rf.cb41fd3aff1003a57246f4498c7a6c96.jpg,300,300,84,135
None,57,7,45,82,2492_jpg.rf.df93d8f581192cae174b7dcc516626cc.jpg,300,300,102,89
None,184,39,35,79,2492_jpg.rf.df93d8f581192cae174b7dcc516626cc.jpg,300,300,219,118
None,59,38,21,47,2493_jpg.rf.e0ce4b555c14bf8ed4c7e914c63e609c.jpg,300,300,80,85
None,190,50,30,48,2493_jpg.rf.e0ce4b555c14bf8ed4c7e914c63e609c.jpg,300,300,220,98
None,244,85,18,48,2493_jpg.rf.e0ce4b555c14bf8ed4c7e914c63e609c.jpg,300,300,262,133
Mask,84,91,9,17,2493_jpg.rf.e0ce4b555c14bf8ed4c7e914c63e609c.jpg,300,300,93,108
Mask,110,126,8,12,2493_jpg.rf.e0ce4b555c14bf8ed4c7e914c63e609c.jpg,300,300,118,138
Mask,249,130,10,9,2495_jpg.rf.50487184603bd0e60221a084d6393222.jpg,300,300,259,139
Mask,228,124,9,11,2495_jpg.rf.50487184603bd0e60221a084d6393222.jpg,300,300,237,135
Mask,255,225,19,22,2495_jpg.rf.50487184603bd0e60221a084d6393222.jpg,300,300,274,247
Mask,173,195,13,13,2495_jpg.rf.50487184603bd0e60221a084d6393222.jpg,300,300,186,208
Mask,134,173,10,8,2495_jpg.rf.50487184603bd0e60221a084d6393222.jpg,300,300,144,181
Mask,133,154,11,7,2495_jpg.rf.50487184603bd0e60221a084d6393222.jpg,300,300,144,161
Mask,159,157,9,13,2495_jpg.rf.50487184603bd0e60221a084d6393222.jpg,300,300,168,170
Mask,111,150,8,10,2495_jpg.rf.50487184603bd0e60221a084d6393222.jpg,300,300,119,160
Mask,73,173,9,13,2495_jpg.rf.50487184603bd0e60221a084d6393222.jpg,300,300,82,186
Mask,61,174,7,13,2495_jpg.rf.50487184603bd0e60221a084d6393222.jpg,300,300,68,187
Mask,3,209,16,17,2495_jpg.rf.50487184603bd0e60221a084d6393222.jpg,300,300,19,226
Mask,82,248,14,17,2495_jpg.rf.50487184603bd0e60221a084d6393222.jpg,300,300,96,265
None,226,137,13,20,2495_jpg.rf.50487184603bd0e60221a084d6393222.jpg,300,300,239,157
Mask,185,132,7,9,2495_jpg.rf.50487184603bd0e60221a084d6393222.jpg,300,300,192,141
None,137,117,10,15,2495_jpg.rf.50487184603bd0e60221a084d6393222.jpg,300,300,147,132
None,110,115,6,10,2495_jpg.rf.50487184603bd0e60221a084d6393222.jpg,300,300,116,125
Helmet,50,132,17,21,2495_jpg.rf.50487184603bd0e60221a084d6393222.jpg,300,300,67,153
Mask,70,135,8,10,2495_jpg.rf.50487184603bd0e60221a084d6393222.jpg,300,300,78,145
Mask,277,200,10,14,2495_jpg.rf.50487184603bd0e60221a084d6393222.jpg,300,300,287,214
Mask,4,102,6,6,2495_jpg.rf.50487184603bd0e60221a084d6393222.jpg,300,300,10,108
None,230,11,68,224,2496_jpg.rf.ee13f56067854ee06fdcc6fad653bf5e.jpg,300,300,298,235
Mask,143,120,65,135,2496_jpg.rf.ee13f56067854ee06fdcc6fad653bf5e.jpg,300,300,208,255
Mask,81,136,45,85,2496_jpg.rf.ee13f56067854ee06fdcc6fad653bf5e.jpg,300,300,126,221
Mask,17,123,60,111,2496_jpg.rf.ee13f56067854ee06fdcc6fad653bf5e.jpg,300,300,77,234
Mask,108,108,24,21,2500_jpg.rf.363cc761e72f86c772cb56cae8d577e9.jpg,300,300,132,129
Helmet,204,142,26,26,2500_jpg.rf.363cc761e72f86c772cb56cae8d577e9.jpg,300,300,230,168
None,125,3,57,134,2501_jpg.rf.9a454cd7059d00199ad6ffe95dbd748a.jpg,300,300,182,137
Mask,87,125,124,154,2502_jpg.rf.f67c18788756afe023258f4fa8ca334a.jpg,300,300,211,279
Mask,176,186,39,38,2505_jpg.rf.b5818eefa31fb7d24a33960949888505.jpg,300,300,215,224
Mask,165,183,16,29,2505_jpg.rf.b5818eefa31fb7d24a33960949888505.jpg,300,300,181,212
Mask,274,230,26,49,2505_jpg.rf.b5818eefa31fb7d24a33960949888505.jpg,300,300,300,279
Mask,19,256,36,40,2505_jpg.rf.b5818eefa31fb7d24a33960949888505.jpg,300,300,55,296
Mask,0,241,33,38,2505_jpg.rf.b5818eefa31fb7d24a33960949888505.jpg,300,300,33,279
Mask,6,161,22,14,2505_jpg.rf.b5818eefa31fb7d24a33960949888505.jpg,300,300,28,175
Mask,280,79,17,23,2506_jpg.rf.052b0475de0e50ba878f9df8c09d3ecc.jpg,300,300,297,102
Mask,206,92,10,9,2506_jpg.rf.052b0475de0e50ba878f9df8c09d3ecc.jpg,300,300,216,101
Mask,221,94,10,9,2506_jpg.rf.052b0475de0e50ba878f9df8c09d3ecc.jpg,300,300,231,103
Mask,41,80,22,23,2506_jpg.rf.052b0475de0e50ba878f9df8c09d3ecc.jpg,300,300,63,103
Mask,124,46,21,24,2506_jpg.rf.052b0475de0e50ba878f9df8c09d3ecc.jpg,300,300,145,70
Mask,117,59,18,35,2507_jpg.rf.cd0673b47ee709d369aa71cd76a5a155.jpg,300,300,135,94
Mask,135,32,16,17,2507_jpg.rf.cd0673b47ee709d369aa71cd76a5a155.jpg,300,300,151,49
Mask,160,90,17,30,2507_jpg.rf.cd0673b47ee709d369aa71cd76a5a155.jpg,300,300,177,120
None,164,216,38,84,2507_jpg.rf.cd0673b47ee709d369aa71cd76a5a155.jpg,300,300,202,300
None,38,51,17,40,2508_jpg.rf.4e2133cde85af2d68e2d4af278d08600.jpg,300,300,55,91
None,132,24,27,53,2508_jpg.rf.4e2133cde85af2d68e2d4af278d08600.jpg,300,300,159,77
Mask,55,117,16,15,2508_jpg.rf.4e2133cde85af2d68e2d4af278d08600.jpg,300,300,71,132
Mask,91,150,33,31,2511_jpg.rf.39316999489df115016476b8402a12c6.jpg,300,300,124,181
Mask,140,143,10,8,2511_jpg.rf.39316999489df115016476b8402a12c6.jpg,300,300,150,151
Mask,70,146,14,12,2511_jpg.rf.39316999489df115016476b8402a12c6.jpg,300,300,84,158
Mask,212,132,16,14,2511_jpg.rf.39316999489df115016476b8402a12c6.jpg,300,300,228,146
Mask,234,137,13,8,2511_jpg.rf.39316999489df115016476b8402a12c6.jpg,300,300,247,145
Mask,97,112,20,28,2513_jpg.rf.3b920e7fe93bd7959536e98eae97b8b3.jpg,300,300,117,140
None,203,104,11,31,2513_jpg.rf.3b920e7fe93bd7959536e98eae97b8b3.jpg,300,300,214,135
None,231,113,12,23,2513_jpg.rf.3b920e7fe93bd7959536e98eae97b8b3.jpg,300,300,243,136
None,263,119,11,17,2513_jpg.rf.3b920e7fe93bd7959536e98eae97b8b3.jpg,300,300,274,136
Mask,85,86,36,45,2515_jpg.rf.1f24c350a02f57cda3aa377adacf783d.jpg,300,300,121,131
None,138,46,26,45,2515_jpg.rf.1f24c350a02f57cda3aa377adacf783d.jpg,300,300,164,91
Mask,174,76,12,18,2515_jpg.rf.1f24c350a02f57cda3aa377adacf783d.jpg,300,300,186,94
None,187,38,15,34,2515_jpg.rf.1f24c350a02f57cda3aa377adacf783d.jpg,300,300,202,72
None,203,29,15,23,2515_jpg.rf.1f24c350a02f57cda3aa377adacf783d.jpg,300,300,218,52
None,226,27,13,18,2515_jpg.rf.1f24c350a02f57cda3aa377adacf783d.jpg,300,300,239,45
Mask,253,40,13,14,2515_jpg.rf.1f24c350a02f57cda3aa377adacf783d.jpg,300,300,266,54
Mask,30,114,20,45,2517_jpg.rf.45af841e93115f7090bcf340c6c4a91b.jpg,300,300,50,159
None,57,87,26,59,2517_jpg.rf.45af841e93115f7090bcf340c6c4a91b.jpg,300,300,83,146
None,86,92,22,46,2517_jpg.rf.45af841e93115f7090bcf340c6c4a91b.jpg,300,300,108,138
Mask,13,61,23,27,2520_jpg.rf.a6f9e16ba2b4f0d290f7d36865ca433e.jpg,300,300,36,88
Mask,40,29,21,21,2520_jpg.rf.a6f9e16ba2b4f0d290f7d36865ca433e.jpg,300,300,61,50
Mask,124,59,14,14,2520_jpg.rf.a6f9e16ba2b4f0d290f7d36865ca433e.jpg,300,300,138,73
Mask,142,77,18,14,2520_jpg.rf.a6f9e16ba2b4f0d290f7d36865ca433e.jpg,300,300,160,91
Mask,170,58,13,11,2520_jpg.rf.a6f9e16ba2b4f0d290f7d36865ca433e.jpg,300,300,183,69
Mask,183,89,16,16,2520_jpg.rf.a6f9e16ba2b4f0d290f7d36865ca433e.jpg,300,300,199,105
Mask,216,71,33,35,2520_jpg.rf.a6f9e16ba2b4f0d290f7d36865ca433e.jpg,300,300,249,106
None,182,53,58,133,2525_jpg.rf.d9f89cf18981b1c793a3fc7cff9c40db.jpg,300,300,240,186
None,73,86,54,145,2526_jpg.rf.4b3d8bdd0948236bde06b9dbe6e3916d.jpg,300,300,127,231
None,169,86,48,117,2526_jpg.rf.4b3d8bdd0948236bde06b9dbe6e3916d.jpg,300,300,217,203
Mask,281,66,15,16,2527_jpg.rf.472debee185f4912fe913a6d235cbaff.jpg,300,300,296,82
Mask,198,39,7,7,2527_jpg.rf.472debee185f4912fe913a6d235cbaff.jpg,300,300,205,46
Mask,86,73,7,7,2527_jpg.rf.472debee185f4912fe913a6d235cbaff.jpg,300,300,93,80
Mask,48,89,14,13,2527_jpg.rf.472debee185f4912fe913a6d235cbaff.jpg,300,300,62,102
Mask,18,143,10,20,2527_jpg.rf.472debee185f4912fe913a6d235cbaff.jpg,300,300,28,163
Mask,119,179,20,25,2527_jpg.rf.472debee185f4912fe913a6d235cbaff.jpg,300,300,139,204
Helmet,98,37,8,7,2527_jpg.rf.472debee185f4912fe913a6d235cbaff.jpg,300,300,106,44
Mask,78,205,22,56,2528_jpg.rf.f3d79a6d0820cbe87a33997517bbb220.jpg,300,300,100,261
Mask,243,76,20,17,2531_jpg.rf.8b5e308db2e949137db53b37f40a1c31.jpg,300,300,263,93
Mask,228,74,15,13,2531_jpg.rf.8b5e308db2e949137db53b37f40a1c31.jpg,300,300,243,87
Mask,205,101,21,22,2531_jpg.rf.8b5e308db2e949137db53b37f40a1c31.jpg,300,300,226,123
Mask,179,77,15,12,2531_jpg.rf.8b5e308db2e949137db53b37f40a1c31.jpg,300,300,194,89
Mask,165,95,21,21,2531_jpg.rf.8b5e308db2e949137db53b37f40a1c31.jpg,300,300,186,116
Mask,135,79,14,10,2531_jpg.rf.8b5e308db2e949137db53b37f40a1c31.jpg,300,300,149,89
Mask,138,104,18,13,2531_jpg.rf.8b5e308db2e949137db53b37f40a1c31.jpg,300,300,156,117
Mask,97,117,14,12,2531_jpg.rf.8b5e308db2e949137db53b37f40a1c31.jpg,300,300,111,129
Mask,63,87,13,13,2531_jpg.rf.8b5e308db2e949137db53b37f40a1c31.jpg,300,300,76,100
Mask,224,102,38,51,2533_jpg.rf.677c9f61259518da604d2d3b16ec583e.jpg,300,300,262,153
None,38,66,37,61,2533_jpg.rf.677c9f61259518da604d2d3b16ec583e.jpg,300,300,75,127
None,184,2,96,293,2534_jpg.rf.28f26b7b25ca607eb295a4970b4afbc4.jpg,300,300,280,295
Mask,119,38,23,57,2534_jpg.rf.28f26b7b25ca607eb295a4970b4afbc4.jpg,300,300,142,95
None,172,51,10,21,2535_jpg.rf.3477867057fd458f0596b9f5723ab4f1.jpg,300,300,182,72
Mask,272,79,10,10,2535_jpg.rf.3477867057fd458f0596b9f5723ab4f1.jpg,300,300,282,89
Mask,156,65,8,9,2535_jpg.rf.3477867057fd458f0596b9f5723ab4f1.jpg,300,300,164,74
None,123,44,15,25,2535_jpg.rf.3477867057fd458f0596b9f5723ab4f1.jpg,300,300,138,69
Mask,133,90,8,13,2535_jpg.rf.3477867057fd458f0596b9f5723ab4f1.jpg,300,300,141,103
Mask,99,83,11,9,2535_jpg.rf.3477867057fd458f0596b9f5723ab4f1.jpg,300,300,110,92
Mask,54,100,11,15,2535_jpg.rf.3477867057fd458f0596b9f5723ab4f1.jpg,300,300,65,115
Mask,64,93,8,11,2535_jpg.rf.3477867057fd458f0596b9f5723ab4f1.jpg,300,300,72,104
Mask,223,168,11,13,2539_jpg.rf.2e38c6ef2cf7f1a0e9570040cfb36cfd.jpg,300,300,234,181
Mask,197,176,14,14,2539_jpg.rf.2e38c6ef2cf7f1a0e9570040cfb36cfd.jpg,300,300,211,190
Mask,130,55,23,44,2539_jpg.rf.2e38c6ef2cf7f1a0e9570040cfb36cfd.jpg,300,300,153,99
Mask,247,168,10,12,2539_jpg.rf.2e38c6ef2cf7f1a0e9570040cfb36cfd.jpg,300,300,257,180
Mask,40,134,27,30,2542_jpg.rf.8ef4f2711e171de1174b07694377ad8c.jpg,300,300,67,164
Mask,185,74,12,12,2542_jpg.rf.8ef4f2711e171de1174b07694377ad8c.jpg,300,300,197,86
Mask,138,53,15,18,2542_jpg.rf.8ef4f2711e171de1174b07694377ad8c.jpg,300,300,153,71
Mask,154,86,16,21,2542_jpg.rf.8ef4f2711e171de1174b07694377ad8c.jpg,300,300,170,107
Mask,107,151,12,16,2542_jpg.rf.8ef4f2711e171de1174b07694377ad8c.jpg,300,300,119,167
Mask,246,74,10,12,2542_jpg.rf.8ef4f2711e171de1174b07694377ad8c.jpg,300,300,256,86
Mask,267,73,10,14,2542_jpg.rf.8ef4f2711e171de1174b07694377ad8c.jpg,300,300,277,87
None,226,53,53,159,2543_jpg.rf.9eee681c739a493a61dc4c37baddc841.jpg,300,300,279,212
None,229,2,70,89,2543_jpg.rf.9eee681c739a493a61dc4c37baddc841.jpg,300,300,299,91
Mask,135,110,54,88,2543_jpg.rf.9eee681c739a493a61dc4c37baddc841.jpg,300,300,189,198
None,21,39,61,172,2543_jpg.rf.9eee681c739a493a61dc4c37baddc841.jpg,300,300,82,211
None,0,0,28,161,2543_jpg.rf.9eee681c739a493a61dc4c37baddc841.jpg,300,300,28,161
Mask,291,97,9,18,2547_jpg.rf.837a10fa1e47fb659af20cd42b015681.jpg,300,300,300,115
Mask,258,99,13,13,2547_jpg.rf.837a10fa1e47fb659af20cd42b015681.jpg,300,300,271,112
Mask,217,101,12,13,2547_jpg.rf.837a10fa1e47fb659af20cd42b015681.jpg,300,300,229,114
Mask,184,90,11,12,2547_jpg.rf.837a10fa1e47fb659af20cd42b015681.jpg,300,300,195,102
Mask,139,100,13,17,2547_jpg.rf.837a10fa1e47fb659af20cd42b015681.jpg,300,300,152,117
Mask,99,109,13,15,2547_jpg.rf.837a10fa1e47fb659af20cd42b015681.jpg,300,300,112,124
Mask,77,112,11,11,2547_jpg.rf.837a10fa1e47fb659af20cd42b015681.jpg,300,300,88,123
Mask,41,97,10,14,2547_jpg.rf.837a10fa1e47fb659af20cd42b015681.jpg,300,300,51,111
Mask,126,132,8,14,2547_jpg.rf.837a10fa1e47fb659af20cd42b015681.jpg,300,300,134,146
None,119,13,81,206,2548_jpg.rf.a568c86ed2bc2389001f2f6eec43c04b.jpg,300,300,200,219
Mask,36,121,10,10,2553_jpg.rf.1f16b4913f58bbcbf9e9ff30811f4caa.jpg,300,300,46,131
Mask,52,110,8,12,2553_jpg.rf.1f16b4913f58bbcbf9e9ff30811f4caa.jpg,300,300,60,122
Mask,58,142,12,14,2553_jpg.rf.1f16b4913f58bbcbf9e9ff30811f4caa.jpg,300,300,70,156
Mask,77,115,8,14,2553_jpg.rf.1f16b4913f58bbcbf9e9ff30811f4caa.jpg,300,300,85,129
Mask,101,107,7,11,2553_jpg.rf.1f16b4913f58bbcbf9e9ff30811f4caa.jpg,300,300,108,118
Mask,126,121,5,11,2553_jpg.rf.1f16b4913f58bbcbf9e9ff30811f4caa.jpg,300,300,131,132
Mask,142,116,8,13,2553_jpg.rf.1f16b4913f58bbcbf9e9ff30811f4caa.jpg,300,300,150,129
None,110,92,11,21,2553_jpg.rf.1f16b4913f58bbcbf9e9ff30811f4caa.jpg,300,300,121,113
Mask,178,120,11,10,2553_jpg.rf.1f16b4913f58bbcbf9e9ff30811f4caa.jpg,300,300,189,130
Mask,274,108,11,10,2553_jpg.rf.1f16b4913f58bbcbf9e9ff30811f4caa.jpg,300,300,285,118
Mask,152,101,9,7,2553_jpg.rf.1f16b4913f58bbcbf9e9ff30811f4caa.jpg,300,300,161,108
None,242,121,46,117,2554_jpg.rf.268c505b8bc2f9e056d8640cad51f5e9.jpg,300,300,288,238
Mask,168,91,17,27,2554_jpg.rf.268c505b8bc2f9e056d8640cad51f5e9.jpg,300,300,185,118
Mask,89,101,20,26,2554_jpg.rf.268c505b8bc2f9e056d8640cad51f5e9.jpg,300,300,109,127
None,47,102,13,38,2554_jpg.rf.268c505b8bc2f9e056d8640cad51f5e9.jpg,300,300,60,140
None,3,102,13,29,2554_jpg.rf.268c505b8bc2f9e056d8640cad51f5e9.jpg,300,300,16,131
Mask,110,140,12,16,2565_jpg.rf.742cefe6a23b8131b3c3f84e302d06bd.jpg,300,300,122,156
Mask,211,148,12,11,2565_jpg.rf.742cefe6a23b8131b3c3f84e302d06bd.jpg,300,300,223,159
Mask,157,152,13,10,2565_jpg.rf.742cefe6a23b8131b3c3f84e302d06bd.jpg,300,300,170,162
Mask,132,129,15,9,2565_jpg.rf.742cefe6a23b8131b3c3f84e302d06bd.jpg,300,300,147,138
Mask,241,53,10,12,2565_jpg.rf.742cefe6a23b8131b3c3f84e302d06bd.jpg,300,300,251,65
Mask,36,132,25,28,2565_jpg.rf.742cefe6a23b8131b3c3f84e302d06bd.jpg,300,300,61,160
Mask,10,129,16,7,2565_jpg.rf.742cefe6a23b8131b3c3f84e302d06bd.jpg,300,300,26,136
Mask,51,57,10,15,2565_jpg.rf.742cefe6a23b8131b3c3f84e302d06bd.jpg,300,300,61,72
Mask,14,52,15,12,2565_jpg.rf.742cefe6a23b8131b3c3f84e302d06bd.jpg,300,300,29,64
Mask,0,69,11,13,2565_jpg.rf.742cefe6a23b8131b3c3f84e302d06bd.jpg,300,300,11,82
Mask,99,134,10,10,2565_jpg.rf.742cefe6a23b8131b3c3f84e302d06bd.jpg,300,300,109,144
Mask,87,127,13,12,2565_jpg.rf.742cefe6a23b8131b3c3f84e302d06bd.jpg,300,300,100,139
Mask,73,109,13,8,2565_jpg.rf.742cefe6a23b8131b3c3f84e302d06bd.jpg,300,300,86,117
Mask,66,15,5,6,2565_jpg.rf.742cefe6a23b8131b3c3f84e302d06bd.jpg,300,300,71,21
Mask,96,11,8,10,2565_jpg.rf.742cefe6a23b8131b3c3f84e302d06bd.jpg,300,300,104,21
Mask,114,7,5,6,2565_jpg.rf.742cefe6a23b8131b3c3f84e302d06bd.jpg,300,300,119,13
Mask,126,9,10,8,2565_jpg.rf.742cefe6a23b8131b3c3f84e302d06bd.jpg,300,300,136,17
Mask,148,23,8,7,2565_jpg.rf.742cefe6a23b8131b3c3f84e302d06bd.jpg,300,300,156,30
Mask,156,28,9,4,2565_jpg.rf.742cefe6a23b8131b3c3f84e302d06bd.jpg,300,300,165,32
Mask,181,25,11,10,2565_jpg.rf.742cefe6a23b8131b3c3f84e302d06bd.jpg,300,300,192,35
None,173,10,10,18,2565_jpg.rf.742cefe6a23b8131b3c3f84e302d06bd.jpg,300,300,183,28
Mask,196,130,13,12,2565_jpg.rf.742cefe6a23b8131b3c3f84e302d06bd.jpg,300,300,209,142
Mask,209,244,26,28,2565_jpg.rf.742cefe6a23b8131b3c3f84e302d06bd.jpg,300,300,235,272
Mask,135,254,46,46,2565_jpg.rf.742cefe6a23b8131b3c3f84e302d06bd.jpg,300,300,181,300
Mask,84,237,38,39,2565_jpg.rf.742cefe6a23b8131b3c3f84e302d06bd.jpg,300,300,122,276
Mask,58,261,16,21,2565_jpg.rf.742cefe6a23b8131b3c3f84e302d06bd.jpg,300,300,74,282
Mask,0,272,25,28,2565_jpg.rf.742cefe6a23b8131b3c3f84e302d06bd.jpg,300,300,25,300
Mask,14,213,11,16,2565_jpg.rf.742cefe6a23b8131b3c3f84e302d06bd.jpg,300,300,25,229
None,160,36,15,23,2565_jpg.rf.742cefe6a23b8131b3c3f84e302d06bd.jpg,300,300,175,59
Mask,12,8,7,5,2565_jpg.rf.742cefe6a23b8131b3c3f84e302d06bd.jpg,300,300,19,13
Mask,153,105,12,13,2566_jpg.rf.86cf46181cecfe3e2a0922c17bcd7b81.jpg,300,300,165,118
Mask,270,101,8,9,2566_jpg.rf.86cf46181cecfe3e2a0922c17bcd7b81.jpg,300,300,278,110
Mask,203,107,7,7,2566_jpg.rf.86cf46181cecfe3e2a0922c17bcd7b81.jpg,300,300,210,114
Mask,104,105,5,5,2566_jpg.rf.86cf46181cecfe3e2a0922c17bcd7b81.jpg,300,300,109,110
Mask,18,105,7,6,2566_jpg.rf.86cf46181cecfe3e2a0922c17bcd7b81.jpg,300,300,25,111
Mask,11,102,6,5,2566_jpg.rf.86cf46181cecfe3e2a0922c17bcd7b81.jpg,300,300,17,107
None,129,25,35,104,2568_jpg.rf.4359f167bc52682c4b001770b4dacfc7.jpg,300,300,164,129
Mask,95,119,109,108,2571_jpg.rf.b95c39e910f843f31a2f262d92118be2.jpg,300,300,204,227
None,237,53,63,218,2575_jpg.rf.32b1e1f8742700cac5d51aa973b387a7.jpg,300,300,300,271
Mask,144,72,29,27,2575_jpg.rf.32b1e1f8742700cac5d51aa973b387a7.jpg,300,300,173,99
Mask,0,102,53,77,2575_jpg.rf.32b1e1f8742700cac5d51aa973b387a7.jpg,300,300,53,179
Mask,163,66,17,24,2579_jpg.rf.b2fb300347bd81baa481ea4042031d47.jpg,300,300,180,90
Mask,191,107,45,54,2579_jpg.rf.b2fb300347bd81baa481ea4042031d47.jpg,300,300,236,161
Mask,111,74,17,30,2579_jpg.rf.b2fb300347bd81baa481ea4042031d47.jpg,300,300,128,104
None,43,2,36,71,2582_jpg.rf.6a0aeb0b664416d6cb2db8ee35387c2c.jpg,300,300,79,73
None,252,2,46,103,2582_jpg.rf.6a0aeb0b664416d6cb2db8ee35387c2c.jpg,300,300,298,105
Mask,10,8,27,38,2587_jpg.rf.1a6a6a21c6467876a043d23c8c9ec17e.jpg,300,300,37,46
Mask,57,10,13,12,2587_jpg.rf.1a6a6a21c6467876a043d23c8c9ec17e.jpg,300,300,70,22
None,163,41,52,102,2587_jpg.rf.1a6a6a21c6467876a043d23c8c9ec17e.jpg,300,300,215,143
None,9,80,47,87,2594_jpg.rf.93107033cbae3608127623888fa4b4ee.jpg,300,300,56,167
None,123,127,38,87,2594_jpg.rf.93107033cbae3608127623888fa4b4ee.jpg,300,300,161,214
Mask,199,80,20,25,2594_jpg.rf.93107033cbae3608127623888fa4b4ee.jpg,300,300,219,105
Mask,102,50,17,23,2594_jpg.rf.93107033cbae3608127623888fa4b4ee.jpg,300,300,119,73
Mask,134,30,19,15,2594_jpg.rf.93107033cbae3608127623888fa4b4ee.jpg,300,300,153,45
Mask,145,90,10,12,2595_jpg.rf.f4423d22af4a05f4a82c3aa4a72b9b55.jpg,300,300,155,102
None,199,66,13,28,2595_jpg.rf.f4423d22af4a05f4a82c3aa4a72b9b55.jpg,300,300,212,94
None,274,85,9,18,2595_jpg.rf.f4423d22af4a05f4a82c3aa4a72b9b55.jpg,300,300,283,103
None,219,45,19,29,2595_jpg.rf.f4423d22af4a05f4a82c3aa4a72b9b55.jpg,300,300,238,74
Mask,129,121,12,13,2596_jpg.rf.8f1c35c64d53a1d7fd1db84628d2598d.jpg,300,300,141,134
Mask,143,138,13,15,2596_jpg.rf.8f1c35c64d53a1d7fd1db84628d2598d.jpg,300,300,156,153
Mask,122,140,7,13,2596_jpg.rf.8f1c35c64d53a1d7fd1db84628d2598d.jpg,300,300,129,153
None,30,0,48,89,2601_jpg.rf.b165273ffcebcba5a4345cd718d41225.jpg,300,300,78,89
Mask,152,28,33,36,2601_jpg.rf.b165273ffcebcba5a4345cd718d41225.jpg,300,300,185,64
Mask,277,35,23,26,2601_jpg.rf.b165273ffcebcba5a4345cd718d41225.jpg,300,300,300,61
None,130,24,64,133,2602_jpg.rf.3c2b8a1bf78922c071cab0538d474b91.jpg,300,300,194,157
None,117,8,49,140,2603_jpg.rf.3922f754ce8cddd7b673b622b2d24ac3.jpg,300,300,166,148
Mask,202,40,21,21,2606_jpg.rf.3b1b7ce9f546ebf2fbf261d02998840c.jpg,300,300,223,61
Mask,143,64,13,20,2606_jpg.rf.3b1b7ce9f546ebf2fbf261d02998840c.jpg,300,300,156,84
Mask,121,59,19,27,2606_jpg.rf.3b1b7ce9f546ebf2fbf261d02998840c.jpg,300,300,140,86
Mask,92,97,14,15,2606_jpg.rf.3b1b7ce9f546ebf2fbf261d02998840c.jpg,300,300,106,112
None,47,93,16,31,2606_jpg.rf.3b1b7ce9f546ebf2fbf261d02998840c.jpg,300,300,63,124
Mask,279,38,9,11,2609_jpg.rf.482c31e8443f2d001d745e574c18f68c.jpg,300,300,288,49
Mask,245,71,12,9,2609_jpg.rf.482c31e8443f2d001d745e574c18f68c.jpg,300,300,257,80
Mask,183,66,12,14,2609_jpg.rf.482c31e8443f2d001d745e574c18f68c.jpg,300,300,195,80
Mask,147,59,8,13,2609_jpg.rf.482c31e8443f2d001d745e574c18f68c.jpg,300,300,155,72
Mask,117,61,12,11,2609_jpg.rf.482c31e8443f2d001d745e574c18f68c.jpg,300,300,129,72
Mask,57,97,10,14,2609_jpg.rf.482c31e8443f2d001d745e574c18f68c.jpg,300,300,67,111
Mask,111,112,7,12,2609_jpg.rf.482c31e8443f2d001d745e574c18f68c.jpg,300,300,118,124
Mask,133,118,11,9,2609_jpg.rf.482c31e8443f2d001d745e574c18f68c.jpg,300,300,144,127
Mask,157,133,12,7,2609_jpg.rf.482c31e8443f2d001d745e574c18f68c.jpg,300,300,169,140
Mask,175,134,10,14,2609_jpg.rf.482c31e8443f2d001d745e574c18f68c.jpg,300,300,185,148
Mask,60,38,12,27,2610_jpg.rf.e66cb6156565e4b44cd21deb7660a39a.jpg,300,300,72,65
Mask,71,48,10,28,2610_jpg.rf.e66cb6156565e4b44cd21deb7660a39a.jpg,300,300,81,76
None,150,32,18,59,2610_jpg.rf.e66cb6156565e4b44cd21deb7660a39a.jpg,300,300,168,91
None,199,31,21,84,2610_jpg.rf.e66cb6156565e4b44cd21deb7660a39a.jpg,300,300,220,115
Mask,30,70,14,15,2611_jpg.rf.c2d4b2f343af5c0141940d405ee545e5.jpg,300,300,44,85
Mask,64,88,13,13,2611_jpg.rf.c2d4b2f343af5c0141940d405ee545e5.jpg,300,300,77,101
Mask,95,86,14,14,2611_jpg.rf.c2d4b2f343af5c0141940d405ee545e5.jpg,300,300,109,100
Mask,125,73,15,14,2611_jpg.rf.c2d4b2f343af5c0141940d405ee545e5.jpg,300,300,140,87
Mask,183,71,12,15,2611_jpg.rf.c2d4b2f343af5c0141940d405ee545e5.jpg,300,300,195,86
Mask,214,84,12,12,2611_jpg.rf.c2d4b2f343af5c0141940d405ee545e5.jpg,300,300,226,96
Mask,245,81,14,13,2611_jpg.rf.c2d4b2f343af5c0141940d405ee545e5.jpg,300,300,259,94
Mask,286,65,14,16,2611_jpg.rf.c2d4b2f343af5c0141940d405ee545e5.jpg,300,300,300,81
None,51,100,64,113,2612_jpg.rf.0ee9f7e063c367d9af60c0c3117d4d2e.jpg,300,300,115,213
None,219,61,25,50,2612_jpg.rf.0ee9f7e063c367d9af60c0c3117d4d2e.jpg,300,300,244,111
Mask,279,52,16,14,2612_jpg.rf.0ee9f7e063c367d9af60c0c3117d4d2e.jpg,300,300,295,66
Mask,251,82,20,31,2612_jpg.rf.0ee9f7e063c367d9af60c0c3117d4d2e.jpg,300,300,271,113
Mask,157,55,30,32,2612_jpg.rf.0ee9f7e063c367d9af60c0c3117d4d2e.jpg,300,300,187,87
Mask,144,110,30,53,2612_jpg.rf.0ee9f7e063c367d9af60c0c3117d4d2e.jpg,300,300,174,163
Mask,92,55,15,26,2612_jpg.rf.0ee9f7e063c367d9af60c0c3117d4d2e.jpg,300,300,107,81
Mask,162,106,26,31,2615_jpg.rf.a090fed0ddb95f1e0f1375eb13c924e9.jpg,300,300,188,137
Mask,82,82,34,52,2615_jpg.rf.a090fed0ddb95f1e0f1375eb13c924e9.jpg,300,300,116,134
Mask,196,71,17,43,2615_jpg.rf.a090fed0ddb95f1e0f1375eb13c924e9.jpg,300,300,213,114
Mask,214,78,20,36,2615_jpg.rf.a090fed0ddb95f1e0f1375eb13c924e9.jpg,300,300,234,114
None,142,49,21,71,2615_jpg.rf.a090fed0ddb95f1e0f1375eb13c924e9.jpg,300,300,163,120
None,257,95,23,41,2615_jpg.rf.a090fed0ddb95f1e0f1375eb13c924e9.jpg,300,300,280,136
None,233,80,20,37,2615_jpg.rf.a090fed0ddb95f1e0f1375eb13c924e9.jpg,300,300,253,117
Mask,164,178,10,16,2616_jpg.rf.5c312be3153473ada42949a5c0e072c8.jpg,300,300,174,194
Mask,228,79,32,38,2616_jpg.rf.5c312be3153473ada42949a5c0e072c8.jpg,300,300,260,117
Mask,260,28,16,19,2616_jpg.rf.5c312be3153473ada42949a5c0e072c8.jpg,300,300,276,47
Mask,40,28,9,20,2616_jpg.rf.5c312be3153473ada42949a5c0e072c8.jpg,300,300,49,48
Mask,91,181,9,13,2616_jpg.rf.5c312be3153473ada42949a5c0e072c8.jpg,300,300,100,194
Mask,174,198,8,15,2616_jpg.rf.5c312be3153473ada42949a5c0e072c8.jpg,300,300,182,213
Mask,191,191,10,21,2616_jpg.rf.5c312be3153473ada42949a5c0e072c8.jpg,300,300,201,212
Mask,240,191,13,19,2616_jpg.rf.5c312be3153473ada42949a5c0e072c8.jpg,300,300,253,210
Mask,265,192,11,13,2616_jpg.rf.5c312be3153473ada42949a5c0e072c8.jpg,300,300,276,205
Mask,278,193,12,16,2616_jpg.rf.5c312be3153473ada42949a5c0e072c8.jpg,300,300,290,209
Mask,250,107,13,13,2620_jpg.rf.b17e8467347a78b8e7f2147a82630bfe.jpg,300,300,263,120
Mask,136,78,9,9,2620_jpg.rf.b17e8467347a78b8e7f2147a82630bfe.jpg,300,300,145,87
Mask,105,73,7,8,2620_jpg.rf.b17e8467347a78b8e7f2147a82630bfe.jpg,300,300,112,81
Helmet,249,90,21,21,2620_jpg.rf.b17e8467347a78b8e7f2147a82630bfe.jpg,300,300,270,111
Mask,290,113,9,12,2624_jpg.rf.c35dbf997c790e91f86064c928506ed6.jpg,300,300,299,125
Mask,172,124,19,23,2624_jpg.rf.c35dbf997c790e91f86064c928506ed6.jpg,300,300,191,147
Mask,201,148,9,10,2624_jpg.rf.c35dbf997c790e91f86064c928506ed6.jpg,300,300,210,158
Mask,98,128,8,13,2624_jpg.rf.c35dbf997c790e91f86064c928506ed6.jpg,300,300,106,141
Mask,81,121,9,10,2624_jpg.rf.c35dbf997c790e91f86064c928506ed6.jpg,300,300,90,131
None,10,120,19,42,2624_jpg.rf.c35dbf997c790e91f86064c928506ed6.jpg,300,300,29,162
None,64,106,13,30,2624_jpg.rf.c35dbf997c790e91f86064c928506ed6.jpg,300,300,77,136
Mask,213,118,9,11,2624_jpg.rf.c35dbf997c790e91f86064c928506ed6.jpg,300,300,222,129
Helmet,235,28,21,36,2628_jpg.rf.c4d804f1d9ffaeea804ed2b95183bca9.jpg,300,300,256,64
Mask,200,41,18,16,2628_jpg.rf.c4d804f1d9ffaeea804ed2b95183bca9.jpg,300,300,218,57
Mask,174,38,12,17,2628_jpg.rf.c4d804f1d9ffaeea804ed2b95183bca9.jpg,300,300,186,55
Mask,157,72,14,14,2628_jpg.rf.c4d804f1d9ffaeea804ed2b95183bca9.jpg,300,300,171,86
Mask,94,45,14,15,2628_jpg.rf.c4d804f1d9ffaeea804ed2b95183bca9.jpg,300,300,108,60
Helmet,61,23,20,26,2628_jpg.rf.c4d804f1d9ffaeea804ed2b95183bca9.jpg,300,300,81,49
Helmet,49,31,14,24,2628_jpg.rf.c4d804f1d9ffaeea804ed2b95183bca9.jpg,300,300,63,55
Mask,126,54,9,10,2628_jpg.rf.c4d804f1d9ffaeea804ed2b95183bca9.jpg,300,300,135,64
Mask,105,36,6,15,2628_jpg.rf.c4d804f1d9ffaeea804ed2b95183bca9.jpg,300,300,111,51
Mask,64,222,10,10,2631_jpg.rf.fe7b0205b02d5d40d137865e749565ec.jpg,300,300,74,232
Mask,245,137,10,10,2631_jpg.rf.fe7b0205b02d5d40d137865e749565ec.jpg,300,300,255,147
Mask,122,138,9,10,2631_jpg.rf.fe7b0205b02d5d40d137865e749565ec.jpg,300,300,131,148
Mask,115,140,6,8,2631_jpg.rf.fe7b0205b02d5d40d137865e749565ec.jpg,300,300,121,148
Mask,137,137,9,9,2631_jpg.rf.fe7b0205b02d5d40d137865e749565ec.jpg,300,300,146,146
Mask,151,132,5,10,2631_jpg.rf.fe7b0205b02d5d40d137865e749565ec.jpg,300,300,156,142
Mask,157,131,7,8,2631_jpg.rf.fe7b0205b02d5d40d137865e749565ec.jpg,300,300,164,139
Mask,47,145,13,12,2631_jpg.rf.fe7b0205b02d5d40d137865e749565ec.jpg,300,300,60,157
Mask,38,130,9,9,2631_jpg.rf.fe7b0205b02d5d40d137865e749565ec.jpg,300,300,47,139
None,105,2,104,260,2632_jpg.rf.df243bf689d22610bf6f98787950733b.jpg,300,300,209,262
None,132,74,37,81,2634_jpg.rf.22409d5e2b8e4ee16dd2a027f46d133e.jpg,300,300,169,155
Mask,103,133,6,6,2635_jpg.rf.13ff39b1a0ff84ee1d73d35bec0a1f83.jpg,300,300,109,139
Mask,251,137,10,10,2635_jpg.rf.13ff39b1a0ff84ee1d73d35bec0a1f83.jpg,300,300,261,147
Mask,221,129,10,11,2635_jpg.rf.13ff39b1a0ff84ee1d73d35bec0a1f83.jpg,300,300,231,140
None,211,113,7,12,2635_jpg.rf.13ff39b1a0ff84ee1d73d35bec0a1f83.jpg,300,300,218,125
None,121,115,7,15,2635_jpg.rf.13ff39b1a0ff84ee1d73d35bec0a1f83.jpg,300,300,128,130
None,68,112,8,20,2635_jpg.rf.13ff39b1a0ff84ee1d73d35bec0a1f83.jpg,300,300,76,132
None,227,106,8,13,2635_jpg.rf.13ff39b1a0ff84ee1d73d35bec0a1f83.jpg,300,300,235,119
Mask,81,130,8,8,2635_jpg.rf.13ff39b1a0ff84ee1d73d35bec0a1f83.jpg,300,300,89,138
Mask,211,51,27,45,2638_jpg.rf.0326d061b9d64a2ae9184538e2857a1d.jpg,300,300,238,96
Mask,158,82,22,30,2638_jpg.rf.0326d061b9d64a2ae9184538e2857a1d.jpg,300,300,180,112
Mask,114,109,17,35,2638_jpg.rf.0326d061b9d64a2ae9184538e2857a1d.jpg,300,300,131,144
Mask,91,54,18,30,2638_jpg.rf.0326d061b9d64a2ae9184538e2857a1d.jpg,300,300,109,84
Mask,49,81,18,33,2638_jpg.rf.0326d061b9d64a2ae9184538e2857a1d.jpg,300,300,67,114
Mask,257,117,32,46,2643_jpg.rf.5ac0d93f59409c04b1745f910b39e84b.jpg,300,300,289,163
Mask,180,110,23,34,2643_jpg.rf.5ac0d93f59409c04b1745f910b39e84b.jpg,300,300,203,144
Mask,138,62,13,19,2643_jpg.rf.5ac0d93f59409c04b1745f910b39e84b.jpg,300,300,151,81
Mask,158,68,5,12,2643_jpg.rf.5ac0d93f59409c04b1745f910b39e84b.jpg,300,300,163,80
Mask,206,61,21,31,2643_jpg.rf.5ac0d93f59409c04b1745f910b39e84b.jpg,300,300,227,92
Mask,213,92,18,30,2644_jpg.rf.52026088642301b73b2860444f94cd19.jpg,300,300,231,122
Mask,232,90,13,21,2644_jpg.rf.52026088642301b73b2860444f94cd19.jpg,300,300,245,111
Mask,275,117,24,28,2644_jpg.rf.52026088642301b73b2860444f94cd19.jpg,300,300,299,145
Mask,139,96,21,19,2644_jpg.rf.52026088642301b73b2860444f94cd19.jpg,300,300,160,115
Mask,175,83,17,17,2644_jpg.rf.52026088642301b73b2860444f94cd19.jpg,300,300,192,100
Mask,199,67,12,16,2644_jpg.rf.52026088642301b73b2860444f94cd19.jpg,300,300,211,83
Mask,132,77,11,12,2644_jpg.rf.52026088642301b73b2860444f94cd19.jpg,300,300,143,89
Mask,122,70,12,13,2644_jpg.rf.52026088642301b73b2860444f94cd19.jpg,300,300,134,83
Mask,87,66,8,10,2644_jpg.rf.52026088642301b73b2860444f94cd19.jpg,300,300,95,76
Mask,81,84,7,8,2644_jpg.rf.52026088642301b73b2860444f94cd19.jpg,300,300,88,92
Mask,100,103,12,16,2647_jpg.rf.f427a8b2043681a5ac81325bb7a3e8e0.jpg,300,300,112,119
Mask,28,105,18,24,2647_jpg.rf.f427a8b2043681a5ac81325bb7a3e8e0.jpg,300,300,46,129
Mask,49,110,12,17,2647_jpg.rf.f427a8b2043681a5ac81325bb7a3e8e0.jpg,300,300,61,127
Mask,76,120,16,20,2647_jpg.rf.f427a8b2043681a5ac81325bb7a3e8e0.jpg,300,300,92,140
Mask,117,120,18,22,2647_jpg.rf.f427a8b2043681a5ac81325bb7a3e8e0.jpg,300,300,135,142
Mask,144,112,17,18,2647_jpg.rf.f427a8b2043681a5ac81325bb7a3e8e0.jpg,300,300,161,130
Mask,181,96,19,20,2647_jpg.rf.f427a8b2043681a5ac81325bb7a3e8e0.jpg,300,300,200,116
Mask,157,77,13,14,2647_jpg.rf.f427a8b2043681a5ac81325bb7a3e8e0.jpg,300,300,170,91
Mask,223,105,16,10,2647_jpg.rf.f427a8b2043681a5ac81325bb7a3e8e0.jpg,300,300,239,115
Mask,255,89,13,16,2647_jpg.rf.f427a8b2043681a5ac81325bb7a3e8e0.jpg,300,300,268,105
Mask,244,88,11,11,2647_jpg.rf.f427a8b2043681a5ac81325bb7a3e8e0.jpg,300,300,255,99
Mask,275,86,9,12,2647_jpg.rf.f427a8b2043681a5ac81325bb7a3e8e0.jpg,300,300,284,98
Mask,285,83,10,12,2647_jpg.rf.f427a8b2043681a5ac81325bb7a3e8e0.jpg,300,300,295,95
Mask,148,127,18,33,2648_jpg.rf.b76c8e65bcd4544b6ed8dcee822899cc.jpg,300,300,166,160
Mask,125,83,18,36,2648_jpg.rf.b76c8e65bcd4544b6ed8dcee822899cc.jpg,300,300,143,119
None,101,23,78,185,2649_jpg.rf.051bd1d2b95ce79b88537b0f5acc02b3.jpg,300,300,179,208
Mask,179,47,24,28,2653_jpg.rf.a43167ff9275bc7570cd0e3796614555.jpg,300,300,203,75
Mask,109,64,25,29,2653_jpg.rf.a43167ff9275bc7570cd0e3796614555.jpg,300,300,134,93
Mask,58,99,34,33,2653_jpg.rf.a43167ff9275bc7570cd0e3796614555.jpg,300,300,92,132
None,224,20,45,114,2653_jpg.rf.a43167ff9275bc7570cd0e3796614555.jpg,300,300,269,134
Mask,225,62,17,19,2655_jpg.rf.9513170ed4de1f58c9c8ce2bef6868ef.jpg,300,300,242,81
Mask,226,102,17,35,2655_jpg.rf.9513170ed4de1f58c9c8ce2bef6868ef.jpg,300,300,243,137
Mask,179,158,15,15,2655_jpg.rf.9513170ed4de1f58c9c8ce2bef6868ef.jpg,300,300,194,173
Mask,59,133,19,26,2655_jpg.rf.9513170ed4de1f58c9c8ce2bef6868ef.jpg,300,300,78,159
Mask,82,137,8,21,2655_jpg.rf.9513170ed4de1f58c9c8ce2bef6868ef.jpg,300,300,90,158
Mask,97,130,7,18,2655_jpg.rf.9513170ed4de1f58c9c8ce2bef6868ef.jpg,300,300,104,148
Mask,58,47,15,23,2655_jpg.rf.9513170ed4de1f58c9c8ce2bef6868ef.jpg,300,300,73,70
Mask,111,34,12,23,2660_jpg.rf.20714b38c001c7f6a588871915f48356.jpg,300,300,123,57
Mask,87,58,23,29,2660_jpg.rf.20714b38c001c7f6a588871915f48356.jpg,300,300,110,87
Mask,65,49,22,18,2660_jpg.rf.20714b38c001c7f6a588871915f48356.jpg,300,300,87,67
Mask,9,41,13,15,2660_jpg.rf.20714b38c001c7f6a588871915f48356.jpg,300,300,22,56
Mask,161,9,12,23,2660_jpg.rf.20714b38c001c7f6a588871915f48356.jpg,300,300,173,32
Mask,173,21,12,16,2660_jpg.rf.20714b38c001c7f6a588871915f48356.jpg,300,300,185,37
Mask,222,18,15,23,2660_jpg.rf.20714b38c001c7f6a588871915f48356.jpg,300,300,237,41
Mask,237,33,17,23,2660_jpg.rf.20714b38c001c7f6a588871915f48356.jpg,300,300,254,56
Mask,273,37,17,17,2660_jpg.rf.20714b38c001c7f6a588871915f48356.jpg,300,300,290,54
Mask,86,33,9,13,2661_jpg.rf.057040e8cb3928fc2aca3f114992847d.jpg,300,300,95,46
Mask,102,38,16,19,2661_jpg.rf.057040e8cb3928fc2aca3f114992847d.jpg,300,300,118,57
Mask,137,51,12,14,2661_jpg.rf.057040e8cb3928fc2aca3f114992847d.jpg,300,300,149,65
Mask,153,49,11,12,2661_jpg.rf.057040e8cb3928fc2aca3f114992847d.jpg,300,300,164,61
Mask,189,51,15,12,2661_jpg.rf.057040e8cb3928fc2aca3f114992847d.jpg,300,300,204,63
Mask,238,60,16,17,2661_jpg.rf.057040e8cb3928fc2aca3f114992847d.jpg,300,300,254,77
Mask,267,52,26,25,2661_jpg.rf.057040e8cb3928fc2aca3f114992847d.jpg,300,300,293,77
None,6,116,31,74,2663_jpg.rf.4f438cd054b1453c64ae984b16cf72d7.jpg,300,300,37,190
Mask,77,96,12,16,2663_jpg.rf.4f438cd054b1453c64ae984b16cf72d7.jpg,300,300,89,112
None,181,110,32,47,2663_jpg.rf.4f438cd054b1453c64ae984b16cf72d7.jpg,300,300,213,157
None,209,69,23,31,2663_jpg.rf.4f438cd054b1453c64ae984b16cf72d7.jpg,300,300,232,100
Mask,203,63,9,10,2663_jpg.rf.4f438cd054b1453c64ae984b16cf72d7.jpg,300,300,212,73
Mask,188,69,9,10,2663_jpg.rf.4f438cd054b1453c64ae984b16cf72d7.jpg,300,300,197,79
None,133,21,12,28,2663_jpg.rf.4f438cd054b1453c64ae984b16cf72d7.jpg,300,300,145,49
None,84,72,13,25,2663_jpg.rf.4f438cd054b1453c64ae984b16cf72d7.jpg,300,300,97,97
None,97,67,12,20,2663_jpg.rf.4f438cd054b1453c64ae984b16cf72d7.jpg,300,300,109,87
Mask,74,119,9,13,2663_jpg.rf.4f438cd054b1453c64ae984b16cf72d7.jpg,300,300,83,132
None,142,46,27,50,2667_jpg.rf.89c769e5df216237cbecf384cd1ccf62.jpg,300,300,169,96
None,238,45,14,26,2667_jpg.rf.89c769e5df216237cbecf384cd1ccf62.jpg,300,300,252,71
None,34,33,24,33,2667_jpg.rf.89c769e5df216237cbecf384cd1ccf62.jpg,300,300,58,66
Mask,71,92,58,89,2670_jpg.rf.1a75e99125bceef85cae2fdbc979bcef.jpg,300,300,129,181
Helmet,264,42,26,24,2670_jpg.rf.1a75e99125bceef85cae2fdbc979bcef.jpg,300,300,290,66
None,157,62,14,28,2677_jpg.rf.0e248283a23e54ecee414bdb7d798c17.jpg,300,300,171,90
None,83,29,12,22,2677_jpg.rf.0e248283a23e54ecee414bdb7d798c17.jpg,300,300,95,51
None,83,105,23,43,2677_jpg.rf.0e248283a23e54ecee414bdb7d798c17.jpg,300,300,106,148
None,186,64,28,46,2677_jpg.rf.0e248283a23e54ecee414bdb7d798c17.jpg,300,300,214,110
Mask,146,96,10,12,2677_jpg.rf.0e248283a23e54ecee414bdb7d798c17.jpg,300,300,156,108
Mask,246,94,23,18,2677_jpg.rf.0e248283a23e54ecee414bdb7d798c17.jpg,300,300,269,112
None,213,71,21,36,2677_jpg.rf.0e248283a23e54ecee414bdb7d798c17.jpg,300,300,234,107
Mask,232,89,23,28,2679_jpg.rf.ad340b740d5f65e2c41138081f5f394f.jpg,300,300,255,117
Mask,131,64,25,32,2679_jpg.rf.ad340b740d5f65e2c41138081f5f394f.jpg,300,300,156,96
Mask,84,77,16,19,2679_jpg.rf.ad340b740d5f65e2c41138081f5f394f.jpg,300,300,100,96
Mask,54,77,10,16,2679_jpg.rf.ad340b740d5f65e2c41138081f5f394f.jpg,300,300,64,93
Mask,154,54,19,26,2679_jpg.rf.ad340b740d5f65e2c41138081f5f394f.jpg,300,300,173,80
None,187,52,21,60,2680_jpg.rf.b76a6ac10e5bc939b7fc5102e188d712.jpg,300,300,208,112
None,160,53,33,76,2680_jpg.rf.b76a6ac10e5bc939b7fc5102e188d712.jpg,300,300,193,129
None,217,0,41,90,2680_jpg.rf.b76a6ac10e5bc939b7fc5102e188d712.jpg,300,300,258,90
None,66,35,44,99,2680_jpg.rf.b76a6ac10e5bc939b7fc5102e188d712.jpg,300,300,110,134
None,2,61,42,124,2680_jpg.rf.b76a6ac10e5bc939b7fc5102e188d712.jpg,300,300,44,185
None,160,10,16,34,2680_jpg.rf.b76a6ac10e5bc939b7fc5102e188d712.jpg,300,300,176,44
None,208,41,18,63,2684_jpg.rf.ef77cafb40d676b07663dd078d11af03.jpg,300,300,226,104
Mask,265,70,15,34,2684_jpg.rf.ef77cafb40d676b07663dd078d11af03.jpg,300,300,280,104
Mask,249,62,17,35,2684_jpg.rf.ef77cafb40d676b07663dd078d11af03.jpg,300,300,266,97
Mask,221,93,25,29,2684_jpg.rf.ef77cafb40d676b07663dd078d11af03.jpg,300,300,246,122
Mask,160,69,30,50,2684_jpg.rf.ef77cafb40d676b07663dd078d11af03.jpg,300,300,190,119
None,78,25,39,105,2684_jpg.rf.ef77cafb40d676b07663dd078d11af03.jpg,300,300,117,130
None,155,131,14,26,2685_jpg.rf.9cc94131e2b8b92f6e67a3cff90e9f86.jpg,300,300,169,157
Mask,161,108,33,56,2685_jpg.rf.9cc94131e2b8b92f6e67a3cff90e9f86.jpg,300,300,194,164
Mask,237,125,15,16,2687_jpg.rf.47a796a40f7859b960251eaad86691e2.jpg,300,300,252,141
Mask,114,79,21,18,2687_jpg.rf.47a796a40f7859b960251eaad86691e2.jpg,300,300,135,97
Mask,51,40,24,27,2687_jpg.rf.47a796a40f7859b960251eaad86691e2.jpg,300,300,75,67
None,205,93,7,15,2687_jpg.rf.47a796a40f7859b960251eaad86691e2.jpg,300,300,212,108
Mask,229,100,10,13,2687_jpg.rf.47a796a40f7859b960251eaad86691e2.jpg,300,300,239,113
Mask,209,116,25,25,2697_jpg.rf.7f515287cdfbe9f0feabba784bc550f9.jpg,300,300,234,141
Mask,127,120,22,20,2697_jpg.rf.7f515287cdfbe9f0feabba784bc550f9.jpg,300,300,149,140
Mask,78,125,18,21,2697_jpg.rf.7f515287cdfbe9f0feabba784bc550f9.jpg,300,300,96,146
Mask,212,50,21,16,2709_jpg.rf.b3880351f6aae613ec349d5081daa1b9.jpg,300,300,233,66
Mask,146,61,21,18,2709_jpg.rf.b3880351f6aae613ec349d5081daa1b9.jpg,300,300,167,79
None,46,86,18,20,2709_jpg.rf.b3880351f6aae613ec349d5081daa1b9.jpg,300,300,64,106
None,186,90,16,22,2709_jpg.rf.b3880351f6aae613ec349d5081daa1b9.jpg,300,300,202,112
Mask,103,118,14,16,2710_jpg.rf.a147d4481382747989d838a026e177da.jpg,300,300,117,134
Mask,43,102,12,12,2710_jpg.rf.a147d4481382747989d838a026e177da.jpg,300,300,55,114
Mask,181,156,11,16,2712_jpg.rf.d68138b6305b130aacb6f63e29f513ad.jpg,300,300,192,172
Mask,272,79,10,13,2712_jpg.rf.d68138b6305b130aacb6f63e29f513ad.jpg,300,300,282,92
Mask,249,158,16,12,2712_jpg.rf.d68138b6305b130aacb6f63e29f513ad.jpg,300,300,265,170
Mask,253,206,21,15,2712_jpg.rf.d68138b6305b130aacb6f63e29f513ad.jpg,300,300,274,221
Mask,271,244,23,23,2712_jpg.rf.d68138b6305b130aacb6f63e29f513ad.jpg,300,300,294,267
Mask,196,229,25,15,2712_jpg.rf.d68138b6305b130aacb6f63e29f513ad.jpg,300,300,221,244
Mask,58,209,13,18,2712_jpg.rf.d68138b6305b130aacb6f63e29f513ad.jpg,300,300,71,227
Mask,6,227,14,24,2712_jpg.rf.d68138b6305b130aacb6f63e29f513ad.jpg,300,300,20,251
Mask,8,288,24,11,2712_jpg.rf.d68138b6305b130aacb6f63e29f513ad.jpg,300,300,32,299
Mask,129,85,11,10,2712_jpg.rf.d68138b6305b130aacb6f63e29f513ad.jpg,300,300,140,95
Mask,148,116,15,12,2712_jpg.rf.d68138b6305b130aacb6f63e29f513ad.jpg,300,300,163,128
Mask,118,121,15,11,2712_jpg.rf.d68138b6305b130aacb6f63e29f513ad.jpg,300,300,133,132
Mask,62,134,15,11,2712_jpg.rf.d68138b6305b130aacb6f63e29f513ad.jpg,300,300,77,145
Mask,30,127,13,12,2712_jpg.rf.d68138b6305b130aacb6f63e29f513ad.jpg,300,300,43,139
Mask,180,78,16,9,2712_jpg.rf.d68138b6305b130aacb6f63e29f513ad.jpg,300,300,196,87
Mask,205,62,16,10,2712_jpg.rf.d68138b6305b130aacb6f63e29f513ad.jpg,300,300,221,72
Mask,229,100,8,10,2712_jpg.rf.d68138b6305b130aacb6f63e29f513ad.jpg,300,300,237,110
Mask,248,54,13,13,2712_jpg.rf.d68138b6305b130aacb6f63e29f513ad.jpg,300,300,261,67
Mask,271,65,11,7,2712_jpg.rf.d68138b6305b130aacb6f63e29f513ad.jpg,300,300,282,72
Mask,225,56,9,9,2712_jpg.rf.d68138b6305b130aacb6f63e29f513ad.jpg,300,300,234,65
Mask,273,23,10,8,2712_jpg.rf.d68138b6305b130aacb6f63e29f513ad.jpg,300,300,283,31
Mask,264,46,10,12,2712_jpg.rf.d68138b6305b130aacb6f63e29f513ad.jpg,300,300,274,58
Mask,195,18,8,8,2712_jpg.rf.d68138b6305b130aacb6f63e29f513ad.jpg,300,300,203,26
None,269,4,15,13,2712_jpg.rf.d68138b6305b130aacb6f63e29f513ad.jpg,300,300,284,17
Mask,84,68,12,10,2712_jpg.rf.d68138b6305b130aacb6f63e29f513ad.jpg,300,300,96,78
Mask,3,121,16,10,2712_jpg.rf.d68138b6305b130aacb6f63e29f513ad.jpg,300,300,19,131
Mask,82,67,34,48,2715_jpg.rf.53a62b1acaee126fc97bfb384044e04d.jpg,300,300,116,115
Mask,176,79,16,16,2715_jpg.rf.53a62b1acaee126fc97bfb384044e04d.jpg,300,300,192,95
Mask,221,131,20,18,2715_jpg.rf.53a62b1acaee126fc97bfb384044e04d.jpg,300,300,241,149
Mask,254,91,19,23,2715_jpg.rf.53a62b1acaee126fc97bfb384044e04d.jpg,300,300,273,114
Helmet,154,78,16,15,2715_jpg.rf.53a62b1acaee126fc97bfb384044e04d.jpg,300,300,170,93
Mask,173,100,44,49,2717_jpg.rf.beb6905ff33c70fa4f58cfe8e68ff177.jpg,300,300,217,149
Mask,208,154,19,16,2720_jpg.rf.0d4c9d87e88728bdb0ecb524e93f47cd.jpg,300,300,227,170
Mask,157,132,16,18,2720_jpg.rf.0d4c9d87e88728bdb0ecb524e93f47cd.jpg,300,300,173,150
Mask,152,88,16,19,2722_jpg.rf.388dee0fd313ba817d9e7f6f02406709.jpg,300,300,168,107
Mask,128,86,15,16,2722_jpg.rf.388dee0fd313ba817d9e7f6f02406709.jpg,300,300,143,102
Mask,21,66,15,17,2722_jpg.rf.388dee0fd313ba817d9e7f6f02406709.jpg,300,300,36,83
None,192,63,20,30,2722_jpg.rf.388dee0fd313ba817d9e7f6f02406709.jpg,300,300,212,93
None,232,66,21,34,2722_jpg.rf.388dee0fd313ba817d9e7f6f02406709.jpg,300,300,253,100
Mask,139,80,12,15,2723_jpg.rf.569475d4d16b47cf98aa1b432e816b60.jpg,300,300,151,95
Mask,215,105,10,12,2723_jpg.rf.569475d4d16b47cf98aa1b432e816b60.jpg,300,300,225,117
Mask,17,38,21,25,2723_jpg.rf.569475d4d16b47cf98aa1b432e816b60.jpg,300,300,38,63
Mask,104,162,13,20,2724_jpg.rf.7eaa720a711adb40d6357d32fcc469c9.jpg,300,300,117,182
Mask,149,112,21,31,2724_jpg.rf.7eaa720a711adb40d6357d32fcc469c9.jpg,300,300,170,143
Mask,86,73,13,13,2725_jpg.rf.d643b152bab48693e762d3537d568d14.jpg,300,300,99,86
None,54,166,18,29,2725_jpg.rf.d643b152bab48693e762d3537d568d14.jpg,300,300,72,195
None,115,40,20,42,2725_jpg.rf.d643b152bab48693e762d3537d568d14.jpg,300,300,135,82
Mask,251,43,18,22,2725_jpg.rf.d643b152bab48693e762d3537d568d14.jpg,300,300,269,65
Mask,259,82,30,47,2726_jpg.rf.23ccb61878d55f3a4b8d57559f82782a.jpg,300,300,289,129
Mask,114,119,14,24,2726_jpg.rf.23ccb61878d55f3a4b8d57559f82782a.jpg,300,300,128,143
Mask,0,72,21,28,2726_jpg.rf.23ccb61878d55f3a4b8d57559f82782a.jpg,300,300,21,100
None,138,19,35,77,2727_jpg.rf.81938f73ea9e45f821f5dc3f3b505a13.jpg,300,300,173,96
None,234,101,20,52,2727_jpg.rf.81938f73ea9e45f821f5dc3f3b505a13.jpg,300,300,254,153
Mask,125,125,9,12,2728_jpg.rf.cedf97519a5364736243e23ae0de6c9d.jpg,300,300,134,137
Mask,160,144,10,10,2728_jpg.rf.cedf97519a5364736243e23ae0de6c9d.jpg,300,300,170,154
Mask,191,141,6,7,2728_jpg.rf.cedf97519a5364736243e23ae0de6c9d.jpg,300,300,197,148
Mask,253,140,7,7,2728_jpg.rf.cedf97519a5364736243e23ae0de6c9d.jpg,300,300,260,147
Mask,284,134,5,7,2728_jpg.rf.cedf97519a5364736243e23ae0de6c9d.jpg,300,300,289,141
Mask,99,145,10,12,2728_jpg.rf.cedf97519a5364736243e23ae0de6c9d.jpg,300,300,109,157
Mask,77,138,12,12,2728_jpg.rf.cedf97519a5364736243e23ae0de6c9d.jpg,300,300,89,150
Mask,167,128,10,9,2728_jpg.rf.cedf97519a5364736243e23ae0de6c9d.jpg,300,300,177,137
Mask,110,56,15,15,2729_jpg.rf.558ba957ac2349de55ef692fabc5e421.jpg,300,300,125,71
Mask,157,41,17,17,2729_jpg.rf.558ba957ac2349de55ef692fabc5e421.jpg,300,300,174,58
None,199,59,11,19,2729_jpg.rf.558ba957ac2349de55ef692fabc5e421.jpg,300,300,210,78
None,230,68,11,18,2729_jpg.rf.558ba957ac2349de55ef692fabc5e421.jpg,300,300,241,86
Mask,90,86,16,28,2731_jpg.rf.0a2ea286df399d8fe472bcac2c2f11fa.jpg,300,300,106,114
Mask,74,137,98,138,2733_jpg.rf.421fc477783f6b563831b30ef9b5bd7a.jpg,300,300,172,275
Mask,153,226,26,34,2734_jpg.rf.61baf9cad753aa30097253e129635c60.jpg,300,300,179,260
Mask,279,138,13,16,2734_jpg.rf.61baf9cad753aa30097253e129635c60.jpg,300,300,292,154
Mask,41,185,24,22,2734_jpg.rf.61baf9cad753aa30097253e129635c60.jpg,300,300,65,207
None,18,73,10,17,2734_jpg.rf.61baf9cad753aa30097253e129635c60.jpg,300,300,28,90
Mask,110,114,8,7,2734_jpg.rf.61baf9cad753aa30097253e129635c60.jpg,300,300,118,121
Mask,95,121,7,8,2734_jpg.rf.61baf9cad753aa30097253e129635c60.jpg,300,300,102,129
Mask,58,118,9,8,2734_jpg.rf.61baf9cad753aa30097253e129635c60.jpg,300,300,67,126
Mask,107,74,7,9,2734_jpg.rf.61baf9cad753aa30097253e129635c60.jpg,300,300,114,83
Mask,132,76,5,7,2734_jpg.rf.61baf9cad753aa30097253e129635c60.jpg,300,300,137,83
Mask,61,160,6,9,2734_jpg.rf.61baf9cad753aa30097253e129635c60.jpg,300,300,67,169
Mask,251,126,7,10,2734_jpg.rf.61baf9cad753aa30097253e129635c60.jpg,300,300,258,136
None,80,35,72,166,2736_jpg.rf.a39e855af9c5540091399c459e4a1633.jpg,300,300,152,201
None,121,33,66,187,2743_jpg.rf.7c15706cf479a1a30232befc4b5c3719.jpg,300,300,187,220
Mask,21,213,15,15,2744_jpg.rf.77b263d1d72f6617fbc2b6de78969185.jpg,300,300,36,228
Mask,151,228,12,14,2744_jpg.rf.77b263d1d72f6617fbc2b6de78969185.jpg,300,300,163,242
Mask,172,171,13,12,2744_jpg.rf.77b263d1d72f6617fbc2b6de78969185.jpg,300,300,185,183
Mask,159,176,9,9,2744_jpg.rf.77b263d1d72f6617fbc2b6de78969185.jpg,300,300,168,185
Mask,133,183,10,13,2744_jpg.rf.77b263d1d72f6617fbc2b6de78969185.jpg,300,300,143,196
Mask,147,206,10,10,2744_jpg.rf.77b263d1d72f6617fbc2b6de78969185.jpg,300,300,157,216
Mask,121,200,9,8,2744_jpg.rf.77b263d1d72f6617fbc2b6de78969185.jpg,300,300,130,208
Mask,90,204,13,12,2744_jpg.rf.77b263d1d72f6617fbc2b6de78969185.jpg,300,300,103,216
Mask,71,223,13,9,2744_jpg.rf.77b263d1d72f6617fbc2b6de78969185.jpg,300,300,84,232
Mask,48,207,6,6,2744_jpg.rf.77b263d1d72f6617fbc2b6de78969185.jpg,300,300,54,213
Mask,150,133,5,6,2744_jpg.rf.77b263d1d72f6617fbc2b6de78969185.jpg,300,300,155,139
Mask,102,172,7,8,2744_jpg.rf.77b263d1d72f6617fbc2b6de78969185.jpg,300,300,109,180
Mask,179,144,10,9,2744_jpg.rf.77b263d1d72f6617fbc2b6de78969185.jpg,300,300,189,153
Mask,214,123,7,6,2744_jpg.rf.77b263d1d72f6617fbc2b6de78969185.jpg,300,300,221,129
None,104,189,11,21,2744_jpg.rf.77b263d1d72f6617fbc2b6de78969185.jpg,300,300,115,210
None,163,270,15,28,2744_jpg.rf.77b263d1d72f6617fbc2b6de78969185.jpg,300,300,178,298
Mask,267,146,5,11,2744_jpg.rf.77b263d1d72f6617fbc2b6de78969185.jpg,300,300,272,157
Mask,28,97,26,26,2745_jpg.rf.039654bbc7121c68c1c682524e145bfb.jpg,300,300,54,123
Mask,257,77,28,28,2745_jpg.rf.039654bbc7121c68c1c682524e145bfb.jpg,300,300,285,105
Mask,130,147,40,42,2745_jpg.rf.039654bbc7121c68c1c682524e145bfb.jpg,300,300,170,189
None,78,47,122,146,2748_jpg.rf.dd0d39bdb721762e6ec5a028656a3aab.jpg,300,300,200,193
Mask,199,110,24,22,2749_jpg.rf.7b49f89d23e3a3ef9cf3d3d73534f95a.jpg,300,300,223,132
Mask,119,112,26,23,2749_jpg.rf.7b49f89d23e3a3ef9cf3d3d73534f95a.jpg,300,300,145,135
Mask,43,78,35,33,2749_jpg.rf.7b49f89d23e3a3ef9cf3d3d73534f95a.jpg,300,300,78,111
Mask,73,79,8,10,2757_jpg.rf.96e3fdcd9b15294a3db475f9764a1381.jpg,300,300,81,89
Mask,39,82,5,9,2757_jpg.rf.96e3fdcd9b15294a3db475f9764a1381.jpg,300,300,44,91
Mask,2,88,6,6,2757_jpg.rf.96e3fdcd9b15294a3db475f9764a1381.jpg,300,300,8,94
Mask,18,89,5,4,2757_jpg.rf.96e3fdcd9b15294a3db475f9764a1381.jpg,300,300,23,93
Mask,262,55,14,21,2757_jpg.rf.96e3fdcd9b15294a3db475f9764a1381.jpg,300,300,276,76
Mask,192,68,16,15,2757_jpg.rf.96e3fdcd9b15294a3db475f9764a1381.jpg,300,300,208,83
Mask,103,79,8,6,2757_jpg.rf.96e3fdcd9b15294a3db475f9764a1381.jpg,300,300,111,85
None,148,59,14,26,2757_jpg.rf.96e3fdcd9b15294a3db475f9764a1381.jpg,300,300,162,85
None,175,61,10,16,2757_jpg.rf.96e3fdcd9b15294a3db475f9764a1381.jpg,300,300,185,77
None,0,41,21,44,2768_jpg.rf.5e3025e4529ad437e2693188b93893bf.jpg,300,300,21,85
None,14,31,18,34,2768_jpg.rf.5e3025e4529ad437e2693188b93893bf.jpg,300,300,32,65
None,73,46,16,25,2768_jpg.rf.5e3025e4529ad437e2693188b93893bf.jpg,300,300,89,71
None,105,40,16,32,2768_jpg.rf.5e3025e4529ad437e2693188b93893bf.jpg,300,300,121,72
None,125,34,13,36,2768_jpg.rf.5e3025e4529ad437e2693188b93893bf.jpg,300,300,138,70
None,170,11,17,49,2768_jpg.rf.5e3025e4529ad437e2693188b93893bf.jpg,300,300,187,60
Mask,189,37,24,25,2768_jpg.rf.5e3025e4529ad437e2693188b93893bf.jpg,300,300,213,62
Mask,264,36,18,28,2768_jpg.rf.5e3025e4529ad437e2693188b93893bf.jpg,300,300,282,64
Mask,236,55,10,17,2768_jpg.rf.5e3025e4529ad437e2693188b93893bf.jpg,300,300,246,72
Mask,31,69,21,25,2768_jpg.rf.5e3025e4529ad437e2693188b93893bf.jpg,300,300,52,94
Mask,46,97,18,25,2768_jpg.rf.5e3025e4529ad437e2693188b93893bf.jpg,300,300,64,122
Mask,156,81,23,26,2768_jpg.rf.5e3025e4529ad437e2693188b93893bf.jpg,300,300,179,107
Mask,110,142,23,28,2772_jpg.rf.689affbd4584c522a05801dc64519dba.jpg,300,300,133,170
Mask,43,165,18,27,2772_jpg.rf.689affbd4584c522a05801dc64519dba.jpg,300,300,61,192
Mask,67,208,24,28,2772_jpg.rf.689affbd4584c522a05801dc64519dba.jpg,300,300,91,236
Mask,143,119,11,21,2772_jpg.rf.689affbd4584c522a05801dc64519dba.jpg,300,300,154,140
Mask,175,112,23,33,2772_jpg.rf.689affbd4584c522a05801dc64519dba.jpg,300,300,198,145
Mask,151,106,17,31,2772_jpg.rf.689affbd4584c522a05801dc64519dba.jpg,300,300,168,137
Mask,201,76,26,38,2772_jpg.rf.689affbd4584c522a05801dc64519dba.jpg,300,300,227,114
Mask,233,15,39,62,2772_jpg.rf.689affbd4584c522a05801dc64519dba.jpg,300,300,272,77
Mask,78,178,26,28,2781_jpg.rf.3bf8a199670f799dea74418138ed4172.jpg,300,300,104,206
Mask,223,26,22,23,2781_jpg.rf.3bf8a199670f799dea74418138ed4172.jpg,300,300,245,49
Mask,195,38,15,20,2781_jpg.rf.3bf8a199670f799dea74418138ed4172.jpg,300,300,210,58
Mask,182,88,11,13,2781_jpg.rf.3bf8a199670f799dea74418138ed4172.jpg,300,300,193,101
Mask,165,107,13,16,2781_jpg.rf.3bf8a199670f799dea74418138ed4172.jpg,300,300,178,123
Mask,59,24,8,13,2782_jpg.rf.86941d52719b356e706646d357083881.jpg,300,300,67,37
Mask,78,36,10,12,2782_jpg.rf.86941d52719b356e706646d357083881.jpg,300,300,88,48
Mask,96,40,11,10,2782_jpg.rf.86941d52719b356e706646d357083881.jpg,300,300,107,50
Mask,118,47,11,12,2782_jpg.rf.86941d52719b356e706646d357083881.jpg,300,300,129,59
Mask,138,45,10,11,2782_jpg.rf.86941d52719b356e706646d357083881.jpg,300,300,148,56
Mask,150,54,13,13,2782_jpg.rf.86941d52719b356e706646d357083881.jpg,300,300,163,67
Mask,165,48,9,12,2782_jpg.rf.86941d52719b356e706646d357083881.jpg,300,300,174,60
Mask,192,45,7,10,2782_jpg.rf.86941d52719b356e706646d357083881.jpg,300,300,199,55
Mask,203,51,12,11,2782_jpg.rf.86941d52719b356e706646d357083881.jpg,300,300,215,62
Mask,264,57,12,13,2782_jpg.rf.86941d52719b356e706646d357083881.jpg,300,300,276,70
Mask,235,40,11,12,2782_jpg.rf.86941d52719b356e706646d357083881.jpg,300,300,246,52
None,177,14,16,34,2783_jpg.rf.595d58b7c0c9588d700a4c44c7c8fe6f.jpg,300,300,193,48
Mask,261,54,21,20,2783_jpg.rf.595d58b7c0c9588d700a4c44c7c8fe6f.jpg,300,300,282,74
Mask,191,72,15,24,2783_jpg.rf.595d58b7c0c9588d700a4c44c7c8fe6f.jpg,300,300,206,96
Mask,145,85,23,22,2783_jpg.rf.595d58b7c0c9588d700a4c44c7c8fe6f.jpg,300,300,168,107
Mask,72,70,18,26,2783_jpg.rf.595d58b7c0c9588d700a4c44c7c8fe6f.jpg,300,300,90,96
Mask,137,141,28,28,2783_jpg.rf.595d58b7c0c9588d700a4c44c7c8fe6f.jpg,300,300,165,169
Mask,64,231,52,57,2783_jpg.rf.595d58b7c0c9588d700a4c44c7c8fe6f.jpg,300,300,116,288
Mask,0,137,21,36,2783_jpg.rf.595d58b7c0c9588d700a4c44c7c8fe6f.jpg,300,300,21,173
Mask,153,45,15,20,2784_jpg.rf.72c7b35fcf2854fd3af83f6b892ab89e.jpg,300,300,168,65
Mask,242,33,17,19,2784_jpg.rf.72c7b35fcf2854fd3af83f6b892ab89e.jpg,300,300,259,52
Mask,16,38,19,24,2784_jpg.rf.72c7b35fcf2854fd3af83f6b892ab89e.jpg,300,300,35,62
Mask,107,69,15,13,2784_jpg.rf.72c7b35fcf2854fd3af83f6b892ab89e.jpg,300,300,122,82
Mask,117,39,13,18,2784_jpg.rf.72c7b35fcf2854fd3af83f6b892ab89e.jpg,300,300,130,57
Mask,171,46,15,12,2784_jpg.rf.72c7b35fcf2854fd3af83f6b892ab89e.jpg,300,300,186,58
Mask,191,43,12,12,2784_jpg.rf.72c7b35fcf2854fd3af83f6b892ab89e.jpg,300,300,203,55
Mask,204,42,10,10,2784_jpg.rf.72c7b35fcf2854fd3af83f6b892ab89e.jpg,300,300,214,52
Mask,215,38,6,10,2784_jpg.rf.72c7b35fcf2854fd3af83f6b892ab89e.jpg,300,300,221,48
Mask,224,31,8,8,2784_jpg.rf.72c7b35fcf2854fd3af83f6b892ab89e.jpg,300,300,232,39
Mask,231,26,8,8,2784_jpg.rf.72c7b35fcf2854fd3af83f6b892ab89e.jpg,300,300,239,34
Mask,8,92,16,18,2786_jpg.rf.41f893e93d60f8a9ed776dce0f82898d.jpg,300,300,24,110
Mask,59,158,23,24,2786_jpg.rf.41f893e93d60f8a9ed776dce0f82898d.jpg,300,300,82,182
Mask,114,123,13,16,2786_jpg.rf.41f893e93d60f8a9ed776dce0f82898d.jpg,300,300,127,139
Mask,158,116,17,20,2786_jpg.rf.41f893e93d60f8a9ed776dce0f82898d.jpg,300,300,175,136
Mask,156,156,18,25,2786_jpg.rf.41f893e93d60f8a9ed776dce0f82898d.jpg,300,300,174,181
Mask,192,143,20,20,2786_jpg.rf.41f893e93d60f8a9ed776dce0f82898d.jpg,300,300,212,163
Mask,241,136,24,22,2786_jpg.rf.41f893e93d60f8a9ed776dce0f82898d.jpg,300,300,265,158
Mask,284,114,11,20,2786_jpg.rf.41f893e93d60f8a9ed776dce0f82898d.jpg,300,300,295,134
Mask,238,93,15,15,2786_jpg.rf.41f893e93d60f8a9ed776dce0f82898d.jpg,300,300,253,108
Mask,185,70,11,10,2786_jpg.rf.41f893e93d60f8a9ed776dce0f82898d.jpg,300,300,196,80
Mask,76,86,16,13,2786_jpg.rf.41f893e93d60f8a9ed776dce0f82898d.jpg,300,300,92,99
Mask,94,66,13,13,2786_jpg.rf.41f893e93d60f8a9ed776dce0f82898d.jpg,300,300,107,79
Mask,82,66,9,8,2786_jpg.rf.41f893e93d60f8a9ed776dce0f82898d.jpg,300,300,91,74
Mask,20,76,15,16,2786_jpg.rf.41f893e93d60f8a9ed776dce0f82898d.jpg,300,300,35,92
Mask,60,70,9,14,2786_jpg.rf.41f893e93d60f8a9ed776dce0f82898d.jpg,300,300,69,84
Mask,2,62,10,9,2786_jpg.rf.41f893e93d60f8a9ed776dce0f82898d.jpg,300,300,12,71
Mask,257,52,8,7,2786_jpg.rf.41f893e93d60f8a9ed776dce0f82898d.jpg,300,300,265,59
Helmet,191,46,14,12,2786_jpg.rf.41f893e93d60f8a9ed776dce0f82898d.jpg,300,300,205,58
None,269,40,8,12,2786_jpg.rf.41f893e93d60f8a9ed776dce0f82898d.jpg,300,300,277,52
Mask,35,73,12,10,2786_jpg.rf.41f893e93d60f8a9ed776dce0f82898d.jpg,300,300,47,83
Mask,118,75,10,12,2786_jpg.rf.41f893e93d60f8a9ed776dce0f82898d.jpg,300,300,128,87
Mask,115,203,18,21,2790_jpg.rf.21f0300d848fce48f135b264cc6b4244.jpg,300,300,133,224
Mask,139,153,13,11,2790_jpg.rf.21f0300d848fce48f135b264cc6b4244.jpg,300,300,152,164
Mask,170,154,15,15,2790_jpg.rf.21f0300d848fce48f135b264cc6b4244.jpg,300,300,185,169
Mask,239,253,27,26,2790_jpg.rf.21f0300d848fce48f135b264cc6b4244.jpg,300,300,266,279
Mask,58,216,23,15,2790_jpg.rf.21f0300d848fce48f135b264cc6b4244.jpg,300,300,81,231
Mask,27,190,23,15,2790_jpg.rf.21f0300d848fce48f135b264cc6b4244.jpg,300,300,50,205
Mask,12,139,12,12,2790_jpg.rf.21f0300d848fce48f135b264cc6b4244.jpg,300,300,24,151
Mask,25,130,7,9,2790_jpg.rf.21f0300d848fce48f135b264cc6b4244.jpg,300,300,32,139
Mask,92,133,10,10,2790_jpg.rf.21f0300d848fce48f135b264cc6b4244.jpg,300,300,102,143
Mask,132,129,7,8,2790_jpg.rf.21f0300d848fce48f135b264cc6b4244.jpg,300,300,139,137
Mask,105,126,6,5,2790_jpg.rf.21f0300d848fce48f135b264cc6b4244.jpg,300,300,111,131
Mask,204,112,9,10,2790_jpg.rf.21f0300d848fce48f135b264cc6b4244.jpg,300,300,213,122
Mask,195,119,6,6,2790_jpg.rf.21f0300d848fce48f135b264cc6b4244.jpg,300,300,201,125
Mask,144,133,8,6,2790_jpg.rf.21f0300d848fce48f135b264cc6b4244.jpg,300,300,152,139
Mask,155,126,6,6,2790_jpg.rf.21f0300d848fce48f135b264cc6b4244.jpg,300,300,161,132
Mask,234,161,20,24,2790_jpg.rf.21f0300d848fce48f135b264cc6b4244.jpg,300,300,254,185
Mask,90,47,10,13,2794_jpg.rf.d29c67f0bcaa95a7da75025127cdc99e.jpg,300,300,100,60
Mask,220,37,22,27,2794_jpg.rf.d29c67f0bcaa95a7da75025127cdc99e.jpg,300,300,242,64
Mask,170,72,19,22,2794_jpg.rf.d29c67f0bcaa95a7da75025127cdc99e.jpg,300,300,189,94
Mask,135,26,13,18,2794_jpg.rf.d29c67f0bcaa95a7da75025127cdc99e.jpg,300,300,148,44
Mask,105,49,7,10,2794_jpg.rf.d29c67f0bcaa95a7da75025127cdc99e.jpg,300,300,112,59
Mask,64,45,8,8,2794_jpg.rf.d29c67f0bcaa95a7da75025127cdc99e.jpg,300,300,72,53
Mask,149,134,28,39,2795_jpg.rf.5f20ddf796468a057746e62cac8ce58b.jpg,300,300,177,173
Mask,99,107,25,26,2795_jpg.rf.5f20ddf796468a057746e62cac8ce58b.jpg,300,300,124,133
Mask,37,77,16,28,2795_jpg.rf.5f20ddf796468a057746e62cac8ce58b.jpg,300,300,53,105
Mask,55,77,23,26,2795_jpg.rf.5f20ddf796468a057746e62cac8ce58b.jpg,300,300,78,103
Mask,142,78,27,17,2795_jpg.rf.5f20ddf796468a057746e62cac8ce58b.jpg,300,300,169,95
Mask,228,64,18,21,2795_jpg.rf.5f20ddf796468a057746e62cac8ce58b.jpg,300,300,246,85
Mask,258,31,21,16,2795_jpg.rf.5f20ddf796468a057746e62cac8ce58b.jpg,300,300,279,47
None,143,22,23,35,2795_jpg.rf.5f20ddf796468a057746e62cac8ce58b.jpg,300,300,166,57
None,166,53,19,52,2795_jpg.rf.5f20ddf796468a057746e62cac8ce58b.jpg,300,300,185,105
None,264,43,20,39,2795_jpg.rf.5f20ddf796468a057746e62cac8ce58b.jpg,300,300,284,82
Mask,227,191,5,4,2801_jpg.rf.4736b2cdcd8e8afdcf9a3fab8ad5a0ad.jpg,300,300,232,195
Mask,220,171,5,6,2801_jpg.rf.4736b2cdcd8e8afdcf9a3fab8ad5a0ad.jpg,300,300,225,177
Mask,210,178,4,7,2801_jpg.rf.4736b2cdcd8e8afdcf9a3fab8ad5a0ad.jpg,300,300,214,185
Mask,131,178,7,8,2801_jpg.rf.4736b2cdcd8e8afdcf9a3fab8ad5a0ad.jpg,300,300,138,186
Mask,144,204,9,11,2801_jpg.rf.4736b2cdcd8e8afdcf9a3fab8ad5a0ad.jpg,300,300,153,215
Mask,38,193,11,10,2801_jpg.rf.4736b2cdcd8e8afdcf9a3fab8ad5a0ad.jpg,300,300,49,203
Mask,198,166,4,3,2801_jpg.rf.4736b2cdcd8e8afdcf9a3fab8ad5a0ad.jpg,300,300,202,169
None,114,143,11,25,2802_jpg.rf.1cb467a57e46fea74fefb8939ffbef96.jpg,300,300,125,168
Mask,141,148,8,12,2802_jpg.rf.1cb467a57e46fea74fefb8939ffbef96.jpg,300,300,149,160
Mask,84,125,15,22,2802_jpg.rf.1cb467a57e46fea74fefb8939ffbef96.jpg,300,300,99,147
Mask,53,111,13,18,2802_jpg.rf.1cb467a57e46fea74fefb8939ffbef96.jpg,300,300,66,129
Mask,242,37,14,14,2803_jpg.rf.036d585205a55d9c55789268a6010d64.jpg,300,300,256,51
Mask,213,46,25,21,2803_jpg.rf.036d585205a55d9c55789268a6010d64.jpg,300,300,238,67
Mask,139,118,23,19,2803_jpg.rf.036d585205a55d9c55789268a6010d64.jpg,300,300,162,137
Mask,49,14,21,31,2803_jpg.rf.036d585205a55d9c55789268a6010d64.jpg,300,300,70,45
None,117,130,15,31,2805_jpg.rf.38d069ecc62d171c250d7d7a70515ad7.jpg,300,300,132,161
None,178,102,14,22,2805_jpg.rf.38d069ecc62d171c250d7d7a70515ad7.jpg,300,300,192,124
Mask,31,147,10,10,2805_jpg.rf.38d069ecc62d171c250d7d7a70515ad7.jpg,300,300,41,157
None,248,101,25,63,2805_jpg.rf.38d069ecc62d171c250d7d7a70515ad7.jpg,300,300,273,164
Mask,195,114,17,15,2805_jpg.rf.38d069ecc62d171c250d7d7a70515ad7.jpg,300,300,212,129
Mask,0,123,28,58,2805_jpg.rf.38d069ecc62d171c250d7d7a70515ad7.jpg,300,300,28,181
Mask,78,143,9,8,2805_jpg.rf.38d069ecc62d171c250d7d7a70515ad7.jpg,300,300,87,151
None,150,155,10,16,2805_jpg.rf.38d069ecc62d171c250d7d7a70515ad7.jpg,300,300,160,171
Mask,92,94,85,69,2807_jpg.rf.982b312d6b9af5a9602720a0a9c71ada.jpg,300,300,177,163
Mask,137,124,11,13,2812_jpg.rf.484e0ee9fce050c4c49abc381e0fd552.jpg,300,300,148,137
Mask,61,45,20,28,2812_jpg.rf.484e0ee9fce050c4c49abc381e0fd552.jpg,300,300,81,73
Mask,12,95,17,21,2812_jpg.rf.484e0ee9fce050c4c49abc381e0fd552.jpg,300,300,29,116
None,131,13,40,105,2814_jpg.rf.54a98436f9debf136263cc50525dd899.jpg,300,300,171,118
Mask,66,93,26,31,2819_jpg.rf.ccb09dbfe2ee1b3dfe48640a8645ede0.jpg,300,300,92,124
Mask,130,88,30,30,2819_jpg.rf.ccb09dbfe2ee1b3dfe48640a8645ede0.jpg,300,300,160,118
Helmet,213,45,59,63,2819_jpg.rf.ccb09dbfe2ee1b3dfe48640a8645ede0.jpg,300,300,272,108
Helmet,261,43,38,33,2819_jpg.rf.ccb09dbfe2ee1b3dfe48640a8645ede0.jpg,300,300,299,76
Mask,234,58,23,31,2820_jpg.rf.c6a2602b6d5d2b5a488747fc670e7a32.jpg,300,300,257,89
Mask,145,72,26,28,2820_jpg.rf.c6a2602b6d5d2b5a488747fc670e7a32.jpg,300,300,171,100
Mask,58,61,25,32,2820_jpg.rf.c6a2602b6d5d2b5a488747fc670e7a32.jpg,300,300,83,93
None,188,31,12,26,2820_jpg.rf.c6a2602b6d5d2b5a488747fc670e7a32.jpg,300,300,200,57
None,211,41,13,30,2820_jpg.rf.c6a2602b6d5d2b5a488747fc670e7a32.jpg,300,300,224,71
Mask,139,74,16,13,2832_jpg.rf.11f80769e3207fbcc05e2090131f208c.jpg,300,300,155,87
None,112,74,9,19,2832_jpg.rf.11f80769e3207fbcc05e2090131f208c.jpg,300,300,121,93
None,91,64,12,22,2832_jpg.rf.11f80769e3207fbcc05e2090131f208c.jpg,300,300,103,86
None,67,77,11,19,2832_jpg.rf.11f80769e3207fbcc05e2090131f208c.jpg,300,300,78,96
None,53,72,12,18,2832_jpg.rf.11f80769e3207fbcc05e2090131f208c.jpg,300,300,65,90
Mask,117,77,20,20,2836_jpg.rf.7707afee6a3c6ea682063f06ae0ca4d1.jpg,300,300,137,97
Mask,246,101,5,7,2836_jpg.rf.7707afee6a3c6ea682063f06ae0ca4d1.jpg,300,300,251,108
None,68,51,30,35,2836_jpg.rf.7707afee6a3c6ea682063f06ae0ca4d1.jpg,300,300,98,86
None,254,89,18,20,2836_jpg.rf.7707afee6a3c6ea682063f06ae0ca4d1.jpg,300,300,272,109
None,279,109,10,26,2837_jpg.rf.cd6f60b1ec4ffb3d6d0f27e1f5fec5e4.jpg,300,300,289,135
None,254,145,10,17,2837_jpg.rf.cd6f60b1ec4ffb3d6d0f27e1f5fec5e4.jpg,300,300,264,162
Mask,192,129,9,10,2837_jpg.rf.cd6f60b1ec4ffb3d6d0f27e1f5fec5e4.jpg,300,300,201,139
Mask,213,117,9,15,2837_jpg.rf.cd6f60b1ec4ffb3d6d0f27e1f5fec5e4.jpg,300,300,222,132
Mask,236,129,7,8,2837_jpg.rf.cd6f60b1ec4ffb3d6d0f27e1f5fec5e4.jpg,300,300,243,137
Mask,180,149,12,11,2837_jpg.rf.cd6f60b1ec4ffb3d6d0f27e1f5fec5e4.jpg,300,300,192,160
Mask,158,122,9,11,2837_jpg.rf.cd6f60b1ec4ffb3d6d0f27e1f5fec5e4.jpg,300,300,167,133
Mask,130,130,10,9,2837_jpg.rf.cd6f60b1ec4ffb3d6d0f27e1f5fec5e4.jpg,300,300,140,139
Mask,58,128,12,9,2837_jpg.rf.cd6f60b1ec4ffb3d6d0f27e1f5fec5e4.jpg,300,300,70,137
Mask,16,135,10,10,2837_jpg.rf.cd6f60b1ec4ffb3d6d0f27e1f5fec5e4.jpg,300,300,26,145
Mask,49,74,13,25,2840_jpg.rf.5fdb68fc1425df58151c3e157a74a971.jpg,300,300,62,99
Mask,115,109,10,14,2840_jpg.rf.5fdb68fc1425df58151c3e157a74a971.jpg,300,300,125,123
Mask,134,91,11,18,2840_jpg.rf.5fdb68fc1425df58151c3e157a74a971.jpg,300,300,145,109
Mask,175,89,17,20,2840_jpg.rf.5fdb68fc1425df58151c3e157a74a971.jpg,300,300,192,109
Mask,192,114,17,26,2840_jpg.rf.5fdb68fc1425df58151c3e157a74a971.jpg,300,300,209,140
None,11,81,8,10,2840_jpg.rf.5fdb68fc1425df58151c3e157a74a971.jpg,300,300,19,91
None,26,83,7,10,2840_jpg.rf.5fdb68fc1425df58151c3e157a74a971.jpg,300,300,33,93
Helmet,8,76,12,13,2842_jpg.rf.e7618a0a91043bae60b8fdf74fbd9c6b.jpg,300,300,20,89
Helmet,95,71,8,13,2842_jpg.rf.e7618a0a91043bae60b8fdf74fbd9c6b.jpg,300,300,103,84
Mask,176,87,10,9,2842_jpg.rf.e7618a0a91043bae60b8fdf74fbd9c6b.jpg,300,300,186,96
Mask,226,101,7,7,2842_jpg.rf.e7618a0a91043bae60b8fdf74fbd9c6b.jpg,300,300,233,108
Mask,236,99,10,10,2842_jpg.rf.e7618a0a91043bae60b8fdf74fbd9c6b.jpg,300,300,246,109
Mask,186,110,10,10,2842_jpg.rf.e7618a0a91043bae60b8fdf74fbd9c6b.jpg,300,300,196,120
Mask,206,105,7,10,2842_jpg.rf.e7618a0a91043bae60b8fdf74fbd9c6b.jpg,300,300,213,115
Mask,162,120,12,6,2842_jpg.rf.e7618a0a91043bae60b8fdf74fbd9c6b.jpg,300,300,174,126
Mask,129,125,17,18,2842_jpg.rf.e7618a0a91043bae60b8fdf74fbd9c6b.jpg,300,300,146,143
Mask,50,116,15,16,2842_jpg.rf.e7618a0a91043bae60b8fdf74fbd9c6b.jpg,300,300,65,132
Mask,51,156,20,19,2842_jpg.rf.e7618a0a91043bae60b8fdf74fbd9c6b.jpg,300,300,71,175
None,66,101,16,38,2842_jpg.rf.e7618a0a91043bae60b8fdf74fbd9c6b.jpg,300,300,82,139
None,191,87,12,20,2846_jpg.rf.e271a1eacf05ec5a00cc63b6d26e2f1d.jpg,300,300,203,107
Mask,183,118,10,13,2846_jpg.rf.e271a1eacf05ec5a00cc63b6d26e2f1d.jpg,300,300,193,131
None,158,84,12,20,2846_jpg.rf.e271a1eacf05ec5a00cc63b6d26e2f1d.jpg,300,300,170,104
Mask,150,102,9,9,2846_jpg.rf.e271a1eacf05ec5a00cc63b6d26e2f1d.jpg,300,300,159,111
Mask,128,96,7,7,2846_jpg.rf.e271a1eacf05ec5a00cc63b6d26e2f1d.jpg,300,300,135,103
Mask,136,93,5,6,2846_jpg.rf.e271a1eacf05ec5a00cc63b6d26e2f1d.jpg,300,300,141,99
None,118,93,5,10,2846_jpg.rf.e271a1eacf05ec5a00cc63b6d26e2f1d.jpg,300,300,123,103
Mask,179,95,10,10,2846_jpg.rf.e271a1eacf05ec5a00cc63b6d26e2f1d.jpg,300,300,189,105
Mask,171,35,37,63,2849_jpg.rf.03148ea46b46534280efb110acbb61c0.jpg,300,300,208,98
Mask,222,49,41,87,2849_jpg.rf.03148ea46b46534280efb110acbb61c0.jpg,300,300,263,136
Mask,249,41,25,41,2852_jpg.rf.58a390d9d46356cfdb01c6c81b26a5eb.jpg,300,300,274,82
Mask,210,74,16,29,2852_jpg.rf.58a390d9d46356cfdb01c6c81b26a5eb.jpg,300,300,226,103
Mask,197,95,17,22,2852_jpg.rf.58a390d9d46356cfdb01c6c81b26a5eb.jpg,300,300,214,117
Mask,152,104,16,21,2852_jpg.rf.58a390d9d46356cfdb01c6c81b26a5eb.jpg,300,300,168,125
Mask,86,78,5,12,2852_jpg.rf.58a390d9d46356cfdb01c6c81b26a5eb.jpg,300,300,91,90
Mask,92,73,5,11,2852_jpg.rf.58a390d9d46356cfdb01c6c81b26a5eb.jpg,300,300,97,84
Mask,54,85,12,15,2852_jpg.rf.58a390d9d46356cfdb01c6c81b26a5eb.jpg,300,300,66,100
Mask,34,147,10,20,2852_jpg.rf.58a390d9d46356cfdb01c6c81b26a5eb.jpg,300,300,44,167
Mask,54,191,15,19,2852_jpg.rf.58a390d9d46356cfdb01c6c81b26a5eb.jpg,300,300,69,210
Mask,173,48,39,36,2853_jpg.rf.bda04527dad942770647f30fd15d6214.jpg,300,300,212,84
None,87,86,14,22,2853_jpg.rf.bda04527dad942770647f30fd15d6214.jpg,300,300,101,108
None,62,17,15,30,2853_jpg.rf.bda04527dad942770647f30fd15d6214.jpg,300,300,77,47
Helmet,30,18,26,21,2853_jpg.rf.bda04527dad942770647f30fd15d6214.jpg,300,300,56,39
Mask,48,164,5,4,2854_jpg.rf.0a6cfff31c697516c90545886a627cb7.jpg,300,300,53,168
Mask,150,199,26,31,2854_jpg.rf.0a6cfff31c697516c90545886a627cb7.jpg,300,300,176,230
Mask,218,151,31,35,2854_jpg.rf.0a6cfff31c697516c90545886a627cb7.jpg,300,300,249,186
Mask,190,60,15,14,2855_jpg.rf.db59cccf75823aff6e572fbdffe621e2.jpg,300,300,205,74
Mask,242,60,38,64,2855_jpg.rf.db59cccf75823aff6e572fbdffe621e2.jpg,300,300,280,124
Mask,104,86,14,20,2855_jpg.rf.db59cccf75823aff6e572fbdffe621e2.jpg,300,300,118,106
Mask,21,47,17,24,2855_jpg.rf.db59cccf75823aff6e572fbdffe621e2.jpg,300,300,38,71
Mask,133,38,15,21,2855_jpg.rf.db59cccf75823aff6e572fbdffe621e2.jpg,300,300,148,59
Mask,152,59,10,18,2855_jpg.rf.db59cccf75823aff6e572fbdffe621e2.jpg,300,300,162,77
Mask,144,135,80,67,2861_jpg.rf.0d81eb142109c67290869cbe965d714f.jpg,300,300,224,202
Mask,25,0,81,33,2861_jpg.rf.0d81eb142109c67290869cbe965d714f.jpg,300,300,106,33
None,162,83,28,49,2862_jpg.rf.2b8be2822ad558126fa59b49c433a6a6.jpg,300,300,190,132
None,147,36,14,34,2862_jpg.rf.2b8be2822ad558126fa59b49c433a6a6.jpg,300,300,161,70
None,205,50,15,31,2862_jpg.rf.2b8be2822ad558126fa59b49c433a6a6.jpg,300,300,220,81
None,214,42,13,24,2862_jpg.rf.2b8be2822ad558126fa59b49c433a6a6.jpg,300,300,227,66
None,126,54,10,35,2862_jpg.rf.2b8be2822ad558126fa59b49c433a6a6.jpg,300,300,136,89
None,90,35,39,61,2862_jpg.rf.2b8be2822ad558126fa59b49c433a6a6.jpg,300,300,129,96
None,35,26,25,41,2862_jpg.rf.2b8be2822ad558126fa59b49c433a6a6.jpg,300,300,60,67
None,0,23,12,31,2862_jpg.rf.2b8be2822ad558126fa59b49c433a6a6.jpg,300,300,12,54
None,0,98,17,59,2862_jpg.rf.2b8be2822ad558126fa59b49c433a6a6.jpg,300,300,17,157
Helmet,272,20,24,33,2867_jpg.rf.8204a282abc425d1591e76fb2f327eed.jpg,300,300,296,53
Helmet,195,18,18,25,2867_jpg.rf.8204a282abc425d1591e76fb2f327eed.jpg,300,300,213,43
Helmet,139,13,21,26,2867_jpg.rf.8204a282abc425d1591e76fb2f327eed.jpg,300,300,160,39
Helmet,97,15,18,22,2867_jpg.rf.8204a282abc425d1591e76fb2f327eed.jpg,300,300,115,37
Helmet,58,21,22,27,2867_jpg.rf.8204a282abc425d1591e76fb2f327eed.jpg,300,300,80,48
Helmet,11,12,21,25,2867_jpg.rf.8204a282abc425d1591e76fb2f327eed.jpg,300,300,32,37
Mask,41,107,15,20,2873_jpg.rf.771baf83dbc09245d294e6cee258da62.jpg,300,300,56,127
Mask,71,114,20,23,2873_jpg.rf.771baf83dbc09245d294e6cee258da62.jpg,300,300,91,137
Mask,98,84,14,18,2873_jpg.rf.771baf83dbc09245d294e6cee258da62.jpg,300,300,112,102
Mask,14,77,13,17,2873_jpg.rf.771baf83dbc09245d294e6cee258da62.jpg,300,300,27,94
Mask,28,81,10,16,2873_jpg.rf.771baf83dbc09245d294e6cee258da62.jpg,300,300,38,97
Mask,170,64,18,36,2874_jpg.rf.a500913e51858dd39cd76c4a6d0a8521.jpg,300,300,188,100
Mask,104,63,27,32,2874_jpg.rf.a500913e51858dd39cd76c4a6d0a8521.jpg,300,300,131,95
Mask,262,143,23,26,2877_jpg.rf.31bf1720be1d88df40ce628416b277cb.jpg,300,300,285,169
Mask,210,196,40,38,2877_jpg.rf.31bf1720be1d88df40ce628416b277cb.jpg,300,300,250,234
Mask,91,162,35,36,2877_jpg.rf.31bf1720be1d88df40ce628416b277cb.jpg,300,300,126,198
Mask,51,105,22,23,2877_jpg.rf.31bf1720be1d88df40ce628416b277cb.jpg,300,300,73,128
Mask,72,134,21,21,2877_jpg.rf.31bf1720be1d88df40ce628416b277cb.jpg,300,300,93,155
Mask,105,84,22,26,2877_jpg.rf.31bf1720be1d88df40ce628416b277cb.jpg,300,300,127,110
Mask,168,111,17,31,2877_jpg.rf.31bf1720be1d88df40ce628416b277cb.jpg,300,300,185,142
Mask,139,114,24,23,2877_jpg.rf.31bf1720be1d88df40ce628416b277cb.jpg,300,300,163,137
Mask,259,65,15,16,2877_jpg.rf.31bf1720be1d88df40ce628416b277cb.jpg,300,300,274,81
Mask,220,103,22,29,2877_jpg.rf.31bf1720be1d88df40ce628416b277cb.jpg,300,300,242,132
Mask,281,96,15,19,2878_jpg.rf.9403c5689b602a12f99422eb5cb55177.jpg,300,300,296,115
Mask,246,106,12,16,2878_jpg.rf.9403c5689b602a12f99422eb5cb55177.jpg,300,300,258,122
Mask,265,68,16,13,2878_jpg.rf.9403c5689b602a12f99422eb5cb55177.jpg,300,300,281,81
Mask,214,95,13,16,2878_jpg.rf.9403c5689b602a12f99422eb5cb55177.jpg,300,300,227,111
Mask,172,92,16,16,2878_jpg.rf.9403c5689b602a12f99422eb5cb55177.jpg,300,300,188,108
Mask,147,99,15,20,2878_jpg.rf.9403c5689b602a12f99422eb5cb55177.jpg,300,300,162,119
Mask,71,106,16,24,2878_jpg.rf.9403c5689b602a12f99422eb5cb55177.jpg,300,300,87,130
Mask,4,90,16,23,2878_jpg.rf.9403c5689b602a12f99422eb5cb55177.jpg,300,300,20,113
Mask,43,79,9,14,2878_jpg.rf.9403c5689b602a12f99422eb5cb55177.jpg,300,300,52,93
Mask,22,79,10,8,2878_jpg.rf.9403c5689b602a12f99422eb5cb55177.jpg,300,300,32,87
Mask,5,71,7,10,2878_jpg.rf.9403c5689b602a12f99422eb5cb55177.jpg,300,300,12,81
Mask,57,71,11,10,2878_jpg.rf.9403c5689b602a12f99422eb5cb55177.jpg,300,300,68,81
Mask,111,94,11,18,2878_jpg.rf.9403c5689b602a12f99422eb5cb55177.jpg,300,300,122,112
Mask,158,84,10,14,2878_jpg.rf.9403c5689b602a12f99422eb5cb55177.jpg,300,300,168,98
Mask,52,253,22,29,2879_jpg.rf.ff0042d793e017c1978bde0374ef2702.jpg,300,300,74,282
Mask,117,220,9,14,2879_jpg.rf.ff0042d793e017c1978bde0374ef2702.jpg,300,300,126,234
Mask,157,275,16,19,2879_jpg.rf.ff0042d793e017c1978bde0374ef2702.jpg,300,300,173,294
Mask,284,229,16,26,2879_jpg.rf.ff0042d793e017c1978bde0374ef2702.jpg,300,300,300,255
Mask,247,223,7,9,2879_jpg.rf.ff0042d793e017c1978bde0374ef2702.jpg,300,300,254,232
Mask,253,212,9,8,2879_jpg.rf.ff0042d793e017c1978bde0374ef2702.jpg,300,300,262,220
Mask,237,227,12,15,2879_jpg.rf.ff0042d793e017c1978bde0374ef2702.jpg,300,300,249,242
Mask,208,233,9,13,2879_jpg.rf.ff0042d793e017c1978bde0374ef2702.jpg,300,300,217,246
Mask,187,219,10,8,2879_jpg.rf.ff0042d793e017c1978bde0374ef2702.jpg,300,300,197,227
Mask,159,216,11,15,2879_jpg.rf.ff0042d793e017c1978bde0374ef2702.jpg,300,300,170,231
Mask,87,201,8,9,2879_jpg.rf.ff0042d793e017c1978bde0374ef2702.jpg,300,300,95,210
Mask,28,196,10,15,2879_jpg.rf.ff0042d793e017c1978bde0374ef2702.jpg,300,300,38,211
Mask,5,206,7,10,2879_jpg.rf.ff0042d793e017c1978bde0374ef2702.jpg,300,300,12,216
Mask,170,194,7,7,2879_jpg.rf.ff0042d793e017c1978bde0374ef2702.jpg,300,300,177,201
Mask,101,193,5,7,2879_jpg.rf.ff0042d793e017c1978bde0374ef2702.jpg,300,300,106,200
Mask,109,187,4,7,2879_jpg.rf.ff0042d793e017c1978bde0374ef2702.jpg,300,300,113,194
Mask,114,190,5,5,2879_jpg.rf.ff0042d793e017c1978bde0374ef2702.jpg,300,300,119,195
Mask,33,180,5,5,2879_jpg.rf.ff0042d793e017c1978bde0374ef2702.jpg,300,300,38,185
Mask,13,179,5,5,2879_jpg.rf.ff0042d793e017c1978bde0374ef2702.jpg,300,300,18,184
Mask,130,187,4,5,2879_jpg.rf.ff0042d793e017c1978bde0374ef2702.jpg,300,300,134,192
Mask,211,199,7,7,2879_jpg.rf.ff0042d793e017c1978bde0374ef2702.jpg,300,300,218,206
Mask,124,68,16,13,2880_jpg.rf.f6d0383d55a4fa03b326bfe721016d59.jpg,300,300,140,81
Mask,167,68,25,33,2880_jpg.rf.f6d0383d55a4fa03b326bfe721016d59.jpg,300,300,192,101
Mask,222,82,22,28,2880_jpg.rf.f6d0383d55a4fa03b326bfe721016d59.jpg,300,300,244,110
Mask,188,124,25,36,2880_jpg.rf.f6d0383d55a4fa03b326bfe721016d59.jpg,300,300,213,160
Mask,122,140,26,35,2880_jpg.rf.f6d0383d55a4fa03b326bfe721016d59.jpg,300,300,148,175
Mask,62,117,25,31,2880_jpg.rf.f6d0383d55a4fa03b326bfe721016d59.jpg,300,300,87,148
Mask,70,43,21,29,2880_jpg.rf.f6d0383d55a4fa03b326bfe721016d59.jpg,300,300,91,72
Mask,196,94,30,33,2886_jpg.rf.0d0f358d02b25a7d004ccad452430c41.jpg,300,300,226,127
Mask,247,153,28,33,2886_jpg.rf.0d0f358d02b25a7d004ccad452430c41.jpg,300,300,275,186
Mask,191,163,20,25,2886_jpg.rf.0d0f358d02b25a7d004ccad452430c41.jpg,300,300,211,188
Mask,145,86,22,18,2886_jpg.rf.0d0f358d02b25a7d004ccad452430c41.jpg,300,300,167,104
Mask,125,90,16,18,2886_jpg.rf.0d0f358d02b25a7d004ccad452430c41.jpg,300,300,141,108
Mask,99,70,18,16,2886_jpg.rf.0d0f358d02b25a7d004ccad452430c41.jpg,300,300,117,86
Mask,98,113,18,17,2886_jpg.rf.0d0f358d02b25a7d004ccad452430c41.jpg,300,300,116,130
Mask,73,105,18,18,2886_jpg.rf.0d0f358d02b25a7d004ccad452430c41.jpg,300,300,91,123
Mask,23,105,21,19,2886_jpg.rf.0d0f358d02b25a7d004ccad452430c41.jpg,300,300,44,124
Mask,47,84,18,18,2886_jpg.rf.0d0f358d02b25a7d004ccad452430c41.jpg,300,300,65,102
Helmet,211,54,30,28,2886_jpg.rf.0d0f358d02b25a7d004ccad452430c41.jpg,300,300,241,82
Helmet,280,29,20,38,2886_jpg.rf.0d0f358d02b25a7d004ccad452430c41.jpg,300,300,300,67
None,60,1,95,236,2890_jpg.rf.9d00676b6a31dcdf1c34bc30200684c5.jpg,300,300,155,237
None,232,98,28,70,2892_jpg.rf.c2d4eb55091b45df1f6b696103dec416.jpg,300,300,260,168
Mask,107,72,8,11,2894_jpg.rf.e3e3b1fefb72401c5951f61fdf9e82a4.jpg,300,300,115,83
Mask,156,149,10,9,2894_jpg.rf.e3e3b1fefb72401c5951f61fdf9e82a4.jpg,300,300,166,158
Mask,272,148,8,9,2894_jpg.rf.e3e3b1fefb72401c5951f61fdf9e82a4.jpg,300,300,280,157
Mask,281,136,8,11,2894_jpg.rf.e3e3b1fefb72401c5951f61fdf9e82a4.jpg,300,300,289,147
Mask,261,122,9,9,2894_jpg.rf.e3e3b1fefb72401c5951f61fdf9e82a4.jpg,300,300,270,131
Mask,223,103,8,8,2894_jpg.rf.e3e3b1fefb72401c5951f61fdf9e82a4.jpg,300,300,231,111
Mask,199,140,9,8,2894_jpg.rf.e3e3b1fefb72401c5951f61fdf9e82a4.jpg,300,300,208,148
Mask,292,85,8,12,2894_jpg.rf.e3e3b1fefb72401c5951f61fdf9e82a4.jpg,300,300,300,97
Mask,111,138,8,8,2894_jpg.rf.e3e3b1fefb72401c5951f61fdf9e82a4.jpg,300,300,119,146
Mask,124,109,8,7,2894_jpg.rf.e3e3b1fefb72401c5951f61fdf9e82a4.jpg,300,300,132,116
Mask,32,104,9,9,2894_jpg.rf.e3e3b1fefb72401c5951f61fdf9e82a4.jpg,300,300,41,113
Mask,73,93,9,7,2894_jpg.rf.e3e3b1fefb72401c5951f61fdf9e82a4.jpg,300,300,82,100
Mask,59,64,9,10,2894_jpg.rf.e3e3b1fefb72401c5951f61fdf9e82a4.jpg,300,300,68,74
Mask,134,75,10,7,2894_jpg.rf.e3e3b1fefb72401c5951f61fdf9e82a4.jpg,300,300,144,82
Mask,168,79,8,6,2894_jpg.rf.e3e3b1fefb72401c5951f61fdf9e82a4.jpg,300,300,176,85
Mask,160,85,7,10,2894_jpg.rf.e3e3b1fefb72401c5951f61fdf9e82a4.jpg,300,300,167,95
Mask,150,59,10,7,2894_jpg.rf.e3e3b1fefb72401c5951f61fdf9e82a4.jpg,300,300,160,66
Mask,59,122,9,7,2894_jpg.rf.e3e3b1fefb72401c5951f61fdf9e82a4.jpg,300,300,68,129
Mask,147,122,10,9,2894_jpg.rf.e3e3b1fefb72401c5951f61fdf9e82a4.jpg,300,300,157,131
Mask,13,59,8,7,2894_jpg.rf.e3e3b1fefb72401c5951f61fdf9e82a4.jpg,300,300,21,66
None,86,98,9,20,2894_jpg.rf.e3e3b1fefb72401c5951f61fdf9e82a4.jpg,300,300,95,118
Mask,245,117,8,10,2894_jpg.rf.e3e3b1fefb72401c5951f61fdf9e82a4.jpg,300,300,253,127
Mask,280,221,6,9,2896_jpg.rf.97a901a3bd0928cb9edfd7f8834f3008.jpg,300,300,286,230
None,251,180,10,21,2896_jpg.rf.97a901a3bd0928cb9edfd7f8834f3008.jpg,300,300,261,201
Mask,245,212,7,8,2896_jpg.rf.97a901a3bd0928cb9edfd7f8834f3008.jpg,300,300,252,220
Mask,233,215,7,9,2896_jpg.rf.97a901a3bd0928cb9edfd7f8834f3008.jpg,300,300,240,224
Mask,196,218,9,11,2896_jpg.rf.97a901a3bd0928cb9edfd7f8834f3008.jpg,300,300,205,229
Mask,92,221,5,6,2896_jpg.rf.97a901a3bd0928cb9edfd7f8834f3008.jpg,300,300,97,227
Mask,76,210,8,7,2896_jpg.rf.97a901a3bd0928cb9edfd7f8834f3008.jpg,300,300,84,217
Mask,47,214,9,9,2896_jpg.rf.97a901a3bd0928cb9edfd7f8834f3008.jpg,300,300,56,223
Mask,39,220,8,12,2896_jpg.rf.97a901a3bd0928cb9edfd7f8834f3008.jpg,300,300,47,232
Mask,28,209,8,8,2896_jpg.rf.97a901a3bd0928cb9edfd7f8834f3008.jpg,300,300,36,217
None,11,211,12,18,2896_jpg.rf.97a901a3bd0928cb9edfd7f8834f3008.jpg,300,300,23,229
None,278,15,22,94,2899_jpg.rf.f43f3ad8c85fda5cd54bc8ec1d654eb0.jpg,300,300,300,109
None,266,1,28,49,2899_jpg.rf.f43f3ad8c85fda5cd54bc8ec1d654eb0.jpg,300,300,294,50
Mask,226,47,20,22,2899_jpg.rf.f43f3ad8c85fda5cd54bc8ec1d654eb0.jpg,300,300,246,69
None,215,30,14,43,2899_jpg.rf.f43f3ad8c85fda5cd54bc8ec1d654eb0.jpg,300,300,229,73
None,159,0,40,67,2899_jpg.rf.f43f3ad8c85fda5cd54bc8ec1d654eb0.jpg,300,300,199,67
Mask,126,65,22,27,2899_jpg.rf.f43f3ad8c85fda5cd54bc8ec1d654eb0.jpg,300,300,148,92
Mask,89,75,21,31,2899_jpg.rf.f43f3ad8c85fda5cd54bc8ec1d654eb0.jpg,300,300,110,106
Mask,30,37,33,40,2899_jpg.rf.f43f3ad8c85fda5cd54bc8ec1d654eb0.jpg,300,300,63,77
None,58,223,30,70,2899_jpg.rf.f43f3ad8c85fda5cd54bc8ec1d654eb0.jpg,300,300,88,293
Mask,197,89,23,25,2900_jpg.rf.355a3b887a531de06d3ebb54d5307fac.jpg,300,300,220,114
Mask,66,94,25,30,2900_jpg.rf.355a3b887a531de06d3ebb54d5307fac.jpg,300,300,91,124
None,46,35,9,22,2900_jpg.rf.355a3b887a531de06d3ebb54d5307fac.jpg,300,300,55,57
Mask,120,103,54,73,2901_jpg.rf.d69518ed1f3be00fe9b4c0dcc533a1af.jpg,300,300,174,176
None,89,52,48,30,2907_jpg.rf.a3fa66b3393280b59269abc2d5e6c092.jpg,300,300,137,82
Helmet,245,91,13,12,2918_jpg.rf.b26636f8299f5ab5eb8a8e95288a78c9.jpg,300,300,258,103
Helmet,1,81,16,17,2918_jpg.rf.b26636f8299f5ab5eb8a8e95288a78c9.jpg,300,300,17,98
Helmet,129,87,14,10,2918_jpg.rf.b26636f8299f5ab5eb8a8e95288a78c9.jpg,300,300,143,97
Mask,252,104,7,7,2918_jpg.rf.b26636f8299f5ab5eb8a8e95288a78c9.jpg,300,300,259,111
Helmet,268,88,13,15,2918_jpg.rf.b26636f8299f5ab5eb8a8e95288a78c9.jpg,300,300,281,103
Helmet,155,88,9,13,2918_jpg.rf.b26636f8299f5ab5eb8a8e95288a78c9.jpg,300,300,164,101
Mask,197,94,8,10,2918_jpg.rf.b26636f8299f5ab5eb8a8e95288a78c9.jpg,300,300,205,104
Mask,143,173,20,24,2922_jpg.rf.e24a7d8175c2eeaf57e743b3149975b2.jpg,300,300,163,197
Helmet,138,139,34,40,2922_jpg.rf.e24a7d8175c2eeaf57e743b3149975b2.jpg,300,300,172,179
Helmet,193,0,81,75,2923_jpg.rf.a928de467a0deeb62898fb979242995d.jpg,300,300,274,75
Helmet,130,83,30,48,2923_jpg.rf.a928de467a0deeb62898fb979242995d.jpg,300,300,160,131
None,111,73,12,23,2936_jpg.rf.c4796b7c059b37609ea67c63486d955c.jpg,300,300,123,96
Mask,59,89,12,13,2936_jpg.rf.c4796b7c059b37609ea67c63486d955c.jpg,300,300,71,102
Helmet,49,66,26,22,2936_jpg.rf.c4796b7c059b37609ea67c63486d955c.jpg,300,300,75,88
Helmet,185,81,16,14,2936_jpg.rf.c4796b7c059b37609ea67c63486d955c.jpg,300,300,201,95
Mask,246,104,6,5,2936_jpg.rf.c4796b7c059b37609ea67c63486d955c.jpg,300,300,252,109
Mask,286,99,4,5,2936_jpg.rf.c4796b7c059b37609ea67c63486d955c.jpg,300,300,290,104
Mask,233,105,5,3,2936_jpg.rf.c4796b7c059b37609ea67c63486d955c.jpg,300,300,238,108
Helmet,284,87,10,11,2936_jpg.rf.c4796b7c059b37609ea67c63486d955c.jpg,300,300,294,98
Helmet,120,89,14,9,2936_jpg.rf.c4796b7c059b37609ea67c63486d955c.jpg,300,300,134,98
Helmet,270,168,23,21,2936_jpg.rf.c4796b7c059b37609ea67c63486d955c.jpg,300,300,293,189
Mask,260,124,6,6,2936_jpg.rf.c4796b7c059b37609ea67c63486d955c.jpg,300,300,266,130
Helmet,295,175,5,19,2936_jpg.rf.c4796b7c059b37609ea67c63486d955c.jpg,300,300,300,194
Helmet,264,216,26,39,2936_jpg.rf.c4796b7c059b37609ea67c63486d955c.jpg,300,300,290,255
Helmet,198,201,25,34,2936_jpg.rf.c4796b7c059b37609ea67c63486d955c.jpg,300,300,223,235
Helmet,144,208,23,36,2936_jpg.rf.c4796b7c059b37609ea67c63486d955c.jpg,300,300,167,244
Helmet,58,255,33,45,2936_jpg.rf.c4796b7c059b37609ea67c63486d955c.jpg,300,300,91,300
Helmet,226,288,18,12,2936_jpg.rf.c4796b7c059b37609ea67c63486d955c.jpg,300,300,244,300
Mask,51,51,22,25,2937_jpg.rf.8ede7bcfc7165a2e093a0138cb00e0e9.jpg,300,300,73,76
Mask,176,111,14,20,2937_jpg.rf.8ede7bcfc7165a2e093a0138cb00e0e9.jpg,300,300,190,131
Mask,218,20,25,29,2937_jpg.rf.8ede7bcfc7165a2e093a0138cb00e0e9.jpg,300,300,243,49
Helmet,224,142,7,10,2952_jpg.rf.ff82cf7bc2ef226841c6b54ec90db9b5.jpg,300,300,231,152
Helmet,231,144,7,7,2952_jpg.rf.ff82cf7bc2ef226841c6b54ec90db9b5.jpg,300,300,238,151
Helmet,214,142,8,12,2952_jpg.rf.ff82cf7bc2ef226841c6b54ec90db9b5.jpg,300,300,222,154
Helmet,178,105,16,22,2952_jpg.rf.ff82cf7bc2ef226841c6b54ec90db9b5.jpg,300,300,194,127
Helmet,162,87,19,21,2952_jpg.rf.ff82cf7bc2ef226841c6b54ec90db9b5.jpg,300,300,181,108
Helmet,143,95,15,20,2952_jpg.rf.ff82cf7bc2ef226841c6b54ec90db9b5.jpg,300,300,158,115
Helmet,109,76,24,24,2952_jpg.rf.ff82cf7bc2ef226841c6b54ec90db9b5.jpg,300,300,133,100
Helmet,78,84,18,19,2952_jpg.rf.ff82cf7bc2ef226841c6b54ec90db9b5.jpg,300,300,96,103
Helmet,49,53,27,27,2952_jpg.rf.ff82cf7bc2ef226841c6b54ec90db9b5.jpg,300,300,76,80
Helmet,14,87,20,20,2952_jpg.rf.ff82cf7bc2ef226841c6b54ec90db9b5.jpg,300,300,34,107
Helmet,0,96,13,14,2952_jpg.rf.ff82cf7bc2ef226841c6b54ec90db9b5.jpg,300,300,13,110
None,238,73,20,37,2952_jpg.rf.ff82cf7bc2ef226841c6b54ec90db9b5.jpg,300,300,258,110
Helmet,276,56,16,30,2958_jpg.rf.d2524f81c1b005cd351cec40f62b07cb.jpg,300,300,292,86
Helmet,120,0,88,74,2958_jpg.rf.d2524f81c1b005cd351cec40f62b07cb.jpg,300,300,208,74
Helmet,168,21,85,96,2978_jpg.rf.020722db1fcc8563677d0dc8db011fa0.jpg,300,300,253,117
Mask,25,64,7,10,2980_jpg.rf.4d0da3e485ff1dd0e34bab1709514b8d.jpg,300,300,32,74
None,0,0,16,53,2980_jpg.rf.4d0da3e485ff1dd0e34bab1709514b8d.jpg,300,300,16,53
Mask,51,48,8,12,2980_jpg.rf.4d0da3e485ff1dd0e34bab1709514b8d.jpg,300,300,59,60
Mask,99,55,6,12,2980_jpg.rf.4d0da3e485ff1dd0e34bab1709514b8d.jpg,300,300,105,67
Mask,122,58,8,10,2980_jpg.rf.4d0da3e485ff1dd0e34bab1709514b8d.jpg,300,300,130,68
Mask,155,138,7,11,2980_jpg.rf.4d0da3e485ff1dd0e34bab1709514b8d.jpg,300,300,162,149
Mask,150,132,7,12,2980_jpg.rf.4d0da3e485ff1dd0e34bab1709514b8d.jpg,300,300,157,144
None,138,132,9,22,2980_jpg.rf.4d0da3e485ff1dd0e34bab1709514b8d.jpg,300,300,147,154
Mask,127,164,13,13,2980_jpg.rf.4d0da3e485ff1dd0e34bab1709514b8d.jpg,300,300,140,177
Mask,114,150,10,12,2980_jpg.rf.4d0da3e485ff1dd0e34bab1709514b8d.jpg,300,300,124,162
Mask,87,147,12,18,2980_jpg.rf.4d0da3e485ff1dd0e34bab1709514b8d.jpg,300,300,99,165
Mask,64,194,15,22,2980_jpg.rf.4d0da3e485ff1dd0e34bab1709514b8d.jpg,300,300,79,216
Mask,217,184,18,20,2980_jpg.rf.4d0da3e485ff1dd0e34bab1709514b8d.jpg,300,300,235,204
Mask,290,165,8,13,2980_jpg.rf.4d0da3e485ff1dd0e34bab1709514b8d.jpg,300,300,298,178
Mask,284,145,9,14,2980_jpg.rf.4d0da3e485ff1dd0e34bab1709514b8d.jpg,300,300,293,159
Mask,274,137,7,10,2980_jpg.rf.4d0da3e485ff1dd0e34bab1709514b8d.jpg,300,300,281,147
Mask,250,132,8,7,2980_jpg.rf.4d0da3e485ff1dd0e34bab1709514b8d.jpg,300,300,258,139
Mask,227,135,8,7,2980_jpg.rf.4d0da3e485ff1dd0e34bab1709514b8d.jpg,300,300,235,142
Mask,203,135,10,10,2980_jpg.rf.4d0da3e485ff1dd0e34bab1709514b8d.jpg,300,300,213,145
Mask,173,140,8,9,2980_jpg.rf.4d0da3e485ff1dd0e34bab1709514b8d.jpg,300,300,181,149
None,182,126,5,16,2980_jpg.rf.4d0da3e485ff1dd0e34bab1709514b8d.jpg,300,300,187,142
None,168,107,16,36,2991_jpg.rf.6dc12fddc56dd17012af69832ee52fd2.jpg,300,300,184,143
None,124,2,15,38,2991_jpg.rf.6dc12fddc56dd17012af69832ee52fd2.jpg,300,300,139,40
None,170,21,21,48,3007_jpg.rf.2041b2a2154e5bfaf221e9860b10404b.jpg,300,300,191,69
None,213,38,9,31,3007_jpg.rf.2041b2a2154e5bfaf221e9860b10404b.jpg,300,300,222,69
None,225,48,11,30,3007_jpg.rf.2041b2a2154e5bfaf221e9860b10404b.jpg,300,300,236,78
None,268,54,13,30,3007_jpg.rf.2041b2a2154e5bfaf221e9860b10404b.jpg,300,300,281,84
None,287,74,13,36,3007_jpg.rf.2041b2a2154e5bfaf221e9860b10404b.jpg,300,300,300,110
None,117,105,11,21,3008_jpg.rf.ac7824afbc1897dc69e3f1b050f9598d.jpg,300,300,128,126
None,202,22,22,45,3008_jpg.rf.ac7824afbc1897dc69e3f1b050f9598d.jpg,300,300,224,67
None,69,72,11,17,3008_jpg.rf.ac7824afbc1897dc69e3f1b050f9598d.jpg,300,300,80,89
None,58,155,11,18,3008_jpg.rf.ac7824afbc1897dc69e3f1b050f9598d.jpg,300,300,69,173
Helmet,226,32,48,36,3019_jpg.rf.f821bd9163f6c93d58a7b85bc8221869.jpg,300,300,274,68
Helmet,129,147,30,31,3019_jpg.rf.f821bd9163f6c93d58a7b85bc8221869.jpg,300,300,159,178
None,66,154,22,36,3019_jpg.rf.f821bd9163f6c93d58a7b85bc8221869.jpg,300,300,88,190
None,8,155,20,37,3019_jpg.rf.f821bd9163f6c93d58a7b85bc8221869.jpg,300,300,28,192
Mask,61,129,20,18,3045_jpg.rf.74d4d6dcb8fd5dcd470329bd6d989b69.jpg,300,300,81,147
Mask,122,77,20,21,3045_jpg.rf.74d4d6dcb8fd5dcd470329bd6d989b69.jpg,300,300,142,98
Helmet,110,20,45,52,3045_jpg.rf.74d4d6dcb8fd5dcd470329bd6d989b69.jpg,300,300,155,72
Helmet,52,80,31,61,3045_jpg.rf.74d4d6dcb8fd5dcd470329bd6d989b69.jpg,300,300,83,141
Helmet,114,36,13,18,3102_jpg.rf.5df99281135d8836ad5cc263cbebb00a.jpg,300,300,127,54
Helmet,86,7,16,16,3102_jpg.rf.5df99281135d8836ad5cc263cbebb00a.jpg,300,300,102,23
Helmet,0,0,125,72,3105_jpg.rf.686868cb7ab76e7995c4fa8229f795db.jpg,300,300,125,72
Helmet,240,32,60,87,3105_jpg.rf.686868cb7ab76e7995c4fa8229f795db.jpg,300,300,300,119
Mask,25,70,19,21,3110_jpg.rf.ee371066a1404115719878f89a4ad340.jpg,300,300,44,91
Mask,78,92,13,10,3110_jpg.rf.ee371066a1404115719878f89a4ad340.jpg,300,300,91,102
Mask,122,79,12,13,3110_jpg.rf.ee371066a1404115719878f89a4ad340.jpg,300,300,134,92
Mask,253,143,13,26,3110_jpg.rf.ee371066a1404115719878f89a4ad340.jpg,300,300,266,169
Mask,285,96,9,12,3110_jpg.rf.ee371066a1404115719878f89a4ad340.jpg,300,300,294,108
Mask,163,58,15,16,3110_jpg.rf.ee371066a1404115719878f89a4ad340.jpg,300,300,178,74
Mask,0,94,7,12,3110_jpg.rf.ee371066a1404115719878f89a4ad340.jpg,300,300,7,106
Helmet,0,76,13,15,3110_jpg.rf.ee371066a1404115719878f89a4ad340.jpg,300,300,13,91
Helmet,58,71,16,20,3110_jpg.rf.ee371066a1404115719878f89a4ad340.jpg,300,300,74,91
Helmet,76,72,17,19,3110_jpg.rf.ee371066a1404115719878f89a4ad340.jpg,300,300,93,91
Helmet,116,58,20,20,3110_jpg.rf.ee371066a1404115719878f89a4ad340.jpg,300,300,136,78
Helmet,153,25,29,30,3110_jpg.rf.ee371066a1404115719878f89a4ad340.jpg,300,300,182,55
Helmet,190,61,23,20,3110_jpg.rf.ee371066a1404115719878f89a4ad340.jpg,300,300,213,81
Helmet,250,110,40,40,3110_jpg.rf.ee371066a1404115719878f89a4ad340.jpg,300,300,290,150
Helmet,283,81,15,15,3110_jpg.rf.ee371066a1404115719878f89a4ad340.jpg,300,300,298,96
Helmet,228,115,11,8,3110_jpg.rf.ee371066a1404115719878f89a4ad340.jpg,300,300,239,123
Mask,231,126,8,5,3110_jpg.rf.ee371066a1404115719878f89a4ad340.jpg,300,300,239,131
None,216,109,7,24,3110_jpg.rf.ee371066a1404115719878f89a4ad340.jpg,300,300,223,133
Helmet,83,129,27,27,3113_jpg.rf.0fda5f23ef181ba1e1862b0f445959f4.jpg,300,300,110,156
Helmet,46,201,10,11,3115_jpg.rf.26931486b558ebeee70dcf09b380dc09.jpg,300,300,56,212
Helmet,189,78,32,41,3115_jpg.rf.26931486b558ebeee70dcf09b380dc09.jpg,300,300,221,119
Helmet,148,57,13,26,3121_jpg.rf.5ee085f296e1027ef5077369b0d0fe7a.jpg,300,300,161,83
Helmet,168,23,20,25,3121_jpg.rf.5ee085f296e1027ef5077369b0d0fe7a.jpg,300,300,188,48
Helmet,262,28,17,20,3121_jpg.rf.5ee085f296e1027ef5077369b0d0fe7a.jpg,300,300,279,48
Helmet,128,94,28,28,3121_jpg.rf.5ee085f296e1027ef5077369b0d0fe7a.jpg,300,300,156,122
Helmet,26,132,22,23,3121_jpg.rf.5ee085f296e1027ef5077369b0d0fe7a.jpg,300,300,48,155
Helmet,20,150,28,28,3121_jpg.rf.5ee085f296e1027ef5077369b0d0fe7a.jpg,300,300,48,178
Helmet,17,170,28,30,3121_jpg.rf.5ee085f296e1027ef5077369b0d0fe7a.jpg,300,300,45,200
Helmet,168,42,15,12,3128_jpg.rf.1f68e5a8b1a5dd2d8f79dceb9780bbc1.jpg,300,300,183,54
Helmet,135,59,15,21,3128_jpg.rf.1f68e5a8b1a5dd2d8f79dceb9780bbc1.jpg,300,300,150,80
Helmet,104,52,14,16,3128_jpg.rf.1f68e5a8b1a5dd2d8f79dceb9780bbc1.jpg,300,300,118,68
Helmet,266,63,30,26,3128_jpg.rf.1f68e5a8b1a5dd2d8f79dceb9780bbc1.jpg,300,300,296,89
Helmet,284,99,16,26,3128_jpg.rf.1f68e5a8b1a5dd2d8f79dceb9780bbc1.jpg,300,300,300,125
None,7,148,9,16,3130_jpg.rf.2b51b475a9a9cba45cc6c4d2cff75ec3.jpg,300,300,16,164
None,77,121,7,12,3130_jpg.rf.2b51b475a9a9cba45cc6c4d2cff75ec3.jpg,300,300,84,133
None,112,211,12,20,3130_jpg.rf.2b51b475a9a9cba45cc6c4d2cff75ec3.jpg,300,300,124,231
None,35,146,9,15,3130_jpg.rf.2b51b475a9a9cba45cc6c4d2cff75ec3.jpg,300,300,44,161
Mask,115,137,5,5,3130_jpg.rf.2b51b475a9a9cba45cc6c4d2cff75ec3.jpg,300,300,120,142
Helmet,178,132,7,11,3130_jpg.rf.2b51b475a9a9cba45cc6c4d2cff75ec3.jpg,300,300,185,143
Helmet,295,125,5,8,3130_jpg.rf.2b51b475a9a9cba45cc6c4d2cff75ec3.jpg,300,300,300,133
Helmet,248,125,5,8,3130_jpg.rf.2b51b475a9a9cba45cc6c4d2cff75ec3.jpg,300,300,253,133
Helmet,226,127,5,5,3130_jpg.rf.2b51b475a9a9cba45cc6c4d2cff75ec3.jpg,300,300,231,132
Helmet,78,40,23,24,3142_jpg.rf.c154dbbd21be259a21f09c5f83c97974.jpg,300,300,101,64
Helmet,147,93,16,18,3142_jpg.rf.c154dbbd21be259a21f09c5f83c97974.jpg,300,300,163,111
Helmet,173,106,18,13,3142_jpg.rf.c154dbbd21be259a21f09c5f83c97974.jpg,300,300,191,119
Helmet,109,101,13,17,3142_jpg.rf.c154dbbd21be259a21f09c5f83c97974.jpg,300,300,122,118
Helmet,223,76,8,17,3147_jpg.rf.589accce4f26d4489ac3559754d72a94.jpg,300,300,231,93
Helmet,231,73,15,13,3147_jpg.rf.589accce4f26d4489ac3559754d72a94.jpg,300,300,246,86
Helmet,211,77,10,15,3147_jpg.rf.589accce4f26d4489ac3559754d72a94.jpg,300,300,221,92
Helmet,200,76,9,15,3147_jpg.rf.589accce4f26d4489ac3559754d72a94.jpg,300,300,209,91
Helmet,29,53,23,18,3147_jpg.rf.589accce4f26d4489ac3559754d72a94.jpg,300,300,52,71
Mask,31,75,14,14,3147_jpg.rf.589accce4f26d4489ac3559754d72a94.jpg,300,300,45,89
Mask,196,40,7,8,3147_jpg.rf.589accce4f26d4489ac3559754d72a94.jpg,300,300,203,48
Helmet,163,13,55,77,3151_jpg.rf.8fb3d2d766b2cfd2da24654565771d4d.jpg,300,300,218,90
Helmet,272,220,27,56,3151_jpg.rf.8fb3d2d766b2cfd2da24654565771d4d.jpg,300,300,299,276
Helmet,279,181,21,22,3151_jpg.rf.8fb3d2d766b2cfd2da24654565771d4d.jpg,300,300,300,203
Helmet,41,102,28,41,3151_jpg.rf.8fb3d2d766b2cfd2da24654565771d4d.jpg,300,300,69,143
Helmet,286,170,10,12,3152_jpg.rf.2acc9e2a22e970313502d98eff78db78.jpg,300,300,296,182
Helmet,218,125,15,20,3152_jpg.rf.2acc9e2a22e970313502d98eff78db78.jpg,300,300,233,145
Helmet,190,129,13,19,3152_jpg.rf.2acc9e2a22e970313502d98eff78db78.jpg,300,300,203,148
Helmet,164,132,14,16,3152_jpg.rf.2acc9e2a22e970313502d98eff78db78.jpg,300,300,178,148
Helmet,151,130,12,11,3152_jpg.rf.2acc9e2a22e970313502d98eff78db78.jpg,300,300,163,141
Helmet,118,130,13,15,3152_jpg.rf.2acc9e2a22e970313502d98eff78db78.jpg,300,300,131,145
Helmet,82,128,17,15,3152_jpg.rf.2acc9e2a22e970313502d98eff78db78.jpg,300,300,99,143
Helmet,240,166,9,10,3153_jpg.rf.5e9abe3274e7b5f21773768e89be8684.jpg,300,300,249,176
Helmet,282,105,13,14,3153_jpg.rf.5e9abe3274e7b5f21773768e89be8684.jpg,300,300,295,119
Helmet,89,4,44,56,3153_jpg.rf.5e9abe3274e7b5f21773768e89be8684.jpg,300,300,133,60
Helmet,182,144,12,12,3153_jpg.rf.5e9abe3274e7b5f21773768e89be8684.jpg,300,300,194,156
None,96,76,12,23,3157_jpg.rf.02494fdd6b0d2ee1e1d0e2b18252f405.jpg,300,300,108,99
None,180,67,13,23,3157_jpg.rf.02494fdd6b0d2ee1e1d0e2b18252f405.jpg,300,300,193,90
None,138,65,10,22,3157_jpg.rf.02494fdd6b0d2ee1e1d0e2b18252f405.jpg,300,300,148,87
Helmet,233,23,21,28,3158_jpg.rf.e1940251595e602847936a9bb4c16633.jpg,300,300,254,51
Helmet,254,8,30,32,3158_jpg.rf.e1940251595e602847936a9bb4c16633.jpg,300,300,284,40
Helmet,182,61,20,20,3158_jpg.rf.e1940251595e602847936a9bb4c16633.jpg,300,300,202,81
Helmet,142,43,23,32,3158_jpg.rf.e1940251595e602847936a9bb4c16633.jpg,300,300,165,75
Helmet,77,4,26,30,3158_jpg.rf.e1940251595e602847936a9bb4c16633.jpg,300,300,103,34
None,112,73,28,45,3159_jpg.rf.e9bf1dea2c677496a19d1b0981953384.jpg,300,300,140,118
Helmet,141,68,25,49,3165_jpg.rf.14df331d78de9d0f5b35589277d14a8c.jpg,300,300,166,117
Helmet,233,40,38,30,3165_jpg.rf.14df331d78de9d0f5b35589277d14a8c.jpg,300,300,271,70
Helmet,59,9,24,35,3165_jpg.rf.14df331d78de9d0f5b35589277d14a8c.jpg,300,300,83,44
Helmet,43,19,32,35,3165_jpg.rf.14df331d78de9d0f5b35589277d14a8c.jpg,300,300,75,54
Helmet,97,52,28,40,3165_jpg.rf.14df331d78de9d0f5b35589277d14a8c.jpg,300,300,125,92
Helmet,61,140,12,15,3170_jpg.rf.4b28fdc3c9155cf6028649b6e859befc.jpg,300,300,73,155
Helmet,122,120,16,23,3170_jpg.rf.4b28fdc3c9155cf6028649b6e859befc.jpg,300,300,138,143
Helmet,110,153,11,23,3170_jpg.rf.4b28fdc3c9155cf6028649b6e859befc.jpg,300,300,121,176
Helmet,180,162,13,15,3170_jpg.rf.4b28fdc3c9155cf6028649b6e859befc.jpg,300,300,193,177
Helmet,190,195,13,23,3170_jpg.rf.4b28fdc3c9155cf6028649b6e859befc.jpg,300,300,203,218
Helmet,192,167,8,14,3170_jpg.rf.4b28fdc3c9155cf6028649b6e859befc.jpg,300,300,200,181
Helmet,248,155,18,19,3170_jpg.rf.4b28fdc3c9155cf6028649b6e859befc.jpg,300,300,266,174
Helmet,266,152,10,18,3170_jpg.rf.4b28fdc3c9155cf6028649b6e859befc.jpg,300,300,276,170
Helmet,55,162,6,10,3170_jpg.rf.4b28fdc3c9155cf6028649b6e859befc.jpg,300,300,61,172
Helmet,47,165,7,10,3170_jpg.rf.4b28fdc3c9155cf6028649b6e859befc.jpg,300,300,54,175
Helmet,27,141,11,16,3170_jpg.rf.4b28fdc3c9155cf6028649b6e859befc.jpg,300,300,38,157
Helmet,14,111,18,22,3170_jpg.rf.4b28fdc3c9155cf6028649b6e859befc.jpg,300,300,32,133
Helmet,2,76,17,30,3170_jpg.rf.4b28fdc3c9155cf6028649b6e859befc.jpg,300,300,19,106
None,104,26,14,44,3172_jpg.rf.1640176b14c69a492003856d4231c19d.jpg,300,300,118,70
None,35,25,9,22,3172_jpg.rf.1640176b14c69a492003856d4231c19d.jpg,300,300,44,47
None,3,23,5,20,3172_jpg.rf.1640176b14c69a492003856d4231c19d.jpg,300,300,8,43
Helmet,218,6,17,35,3172_jpg.rf.1640176b14c69a492003856d4231c19d.jpg,300,300,235,41
Helmet,226,15,21,41,3172_jpg.rf.1640176b14c69a492003856d4231c19d.jpg,300,300,247,56
Helmet,249,0,28,26,3172_jpg.rf.1640176b14c69a492003856d4231c19d.jpg,300,300,277,26
Helmet,276,0,21,26,3172_jpg.rf.1640176b14c69a492003856d4231c19d.jpg,300,300,297,26
Helmet,151,1,22,20,3172_jpg.rf.1640176b14c69a492003856d4231c19d.jpg,300,300,173,21
Helmet,112,7,13,19,3172_jpg.rf.1640176b14c69a492003856d4231c19d.jpg,300,300,125,26
Helmet,99,3,13,21,3172_jpg.rf.1640176b14c69a492003856d4231c19d.jpg,300,300,112,24
Helmet,88,21,12,16,3172_jpg.rf.1640176b14c69a492003856d4231c19d.jpg,300,300,100,37
Helmet,72,16,16,27,3172_jpg.rf.1640176b14c69a492003856d4231c19d.jpg,300,300,88,43
Helmet,206,108,25,28,3173_jpg.rf.c88d48aa1e10132c9d1297459094b6ce.jpg,300,300,231,136
Helmet,225,81,29,35,3173_jpg.rf.c88d48aa1e10132c9d1297459094b6ce.jpg,300,300,254,116
Helmet,174,89,30,29,3173_jpg.rf.c88d48aa1e10132c9d1297459094b6ce.jpg,300,300,204,118
Helmet,145,96,28,28,3173_jpg.rf.c88d48aa1e10132c9d1297459094b6ce.jpg,300,300,173,124
Helmet,100,97,23,30,3173_jpg.rf.c88d48aa1e10132c9d1297459094b6ce.jpg,300,300,123,127
Helmet,52,86,27,28,3173_jpg.rf.c88d48aa1e10132c9d1297459094b6ce.jpg,300,300,79,114
Helmet,20,97,32,29,3173_jpg.rf.c88d48aa1e10132c9d1297459094b6ce.jpg,300,300,52,126
Helmet,41,35,22,24,3175_jpg.rf.f4f2646b823f1d4677bf5d6d42255438.jpg,300,300,63,59
Helmet,0,50,19,27,3175_jpg.rf.f4f2646b823f1d4677bf5d6d42255438.jpg,300,300,19,77
Helmet,81,3,49,60,3175_jpg.rf.f4f2646b823f1d4677bf5d6d42255438.jpg,300,300,130,63
Helmet,191,24,24,35,3176_jpg.rf.95aacf13b3e8de49d2875bbc4221c39d.jpg,300,300,215,59
Helmet,94,23,22,27,3177_jpg.rf.4ad262a1e13ea3555bc775084ac14617.jpg,300,300,116,50
Helmet,163,72,18,23,3179_jpg.rf.dbac1b7ea8dfd3619aa0b060ef583cf0.jpg,300,300,181,95
Helmet,158,52,20,20,3179_jpg.rf.dbac1b7ea8dfd3619aa0b060ef583cf0.jpg,300,300,178,72
Helmet,221,60,13,11,3179_jpg.rf.dbac1b7ea8dfd3619aa0b060ef583cf0.jpg,300,300,234,71
Helmet,257,97,13,20,3179_jpg.rf.dbac1b7ea8dfd3619aa0b060ef583cf0.jpg,300,300,270,117
Helmet,120,60,16,15,3179_jpg.rf.dbac1b7ea8dfd3619aa0b060ef583cf0.jpg,300,300,136,75
Helmet,75,76,22,31,3179_jpg.rf.dbac1b7ea8dfd3619aa0b060ef583cf0.jpg,300,300,97,107
Helmet,61,56,21,28,3179_jpg.rf.dbac1b7ea8dfd3619aa0b060ef583cf0.jpg,300,300,82,84
Helmet,79,55,27,44,3181_jpg.rf.73f499f52af3d63ecb51a45a466eef9a.jpg,300,300,106,99
Helmet,66,8,31,47,3181_jpg.rf.73f499f52af3d63ecb51a45a466eef9a.jpg,300,300,97,55
Helmet,39,11,38,50,3181_jpg.rf.73f499f52af3d63ecb51a45a466eef9a.jpg,300,300,77,61
Helmet,193,43,31,36,3181_jpg.rf.73f499f52af3d63ecb51a45a466eef9a.jpg,300,300,224,79
Helmet,154,62,13,15,3181_jpg.rf.73f499f52af3d63ecb51a45a466eef9a.jpg,300,300,167,77
Helmet,126,161,27,47,3181_jpg.rf.73f499f52af3d63ecb51a45a466eef9a.jpg,300,300,153,208
Helmet,203,210,35,35,3181_jpg.rf.73f499f52af3d63ecb51a45a466eef9a.jpg,300,300,238,245
Mask,235,39,17,15,3182_jpg.rf.8a7816bc5388ce188ebd3ccd8c0f17b1.jpg,300,300,252,54
Helmet,233,2,28,31,3182_jpg.rf.8a7816bc5388ce188ebd3ccd8c0f17b1.jpg,300,300,261,33
Helmet,199,21,16,18,3182_jpg.rf.8a7816bc5388ce188ebd3ccd8c0f17b1.jpg,300,300,215,39
Helmet,178,43,6,7,3182_jpg.rf.8a7816bc5388ce188ebd3ccd8c0f17b1.jpg,300,300,184,50
Helmet,155,41,6,8,3182_jpg.rf.8a7816bc5388ce188ebd3ccd8c0f17b1.jpg,300,300,161,49
Mask,147,45,5,6,3182_jpg.rf.8a7816bc5388ce188ebd3ccd8c0f17b1.jpg,300,300,152,51
Mask,80,41,12,12,3182_jpg.rf.8a7816bc5388ce188ebd3ccd8c0f17b1.jpg,300,300,92,53
Helmet,145,37,9,8,3182_jpg.rf.8a7816bc5388ce188ebd3ccd8c0f17b1.jpg,300,300,154,45
Helmet,129,43,6,5,3182_jpg.rf.8a7816bc5388ce188ebd3ccd8c0f17b1.jpg,300,300,135,48
Helmet,74,16,21,24,3182_jpg.rf.8a7816bc5388ce188ebd3ccd8c0f17b1.jpg,300,300,95,40
Mask,60,108,5,7,3182_jpg.rf.8a7816bc5388ce188ebd3ccd8c0f17b1.jpg,300,300,65,115
Helmet,58,98,11,13,3182_jpg.rf.8a7816bc5388ce188ebd3ccd8c0f17b1.jpg,300,300,69,111
Helmet,7,54,5,5,3182_jpg.rf.8a7816bc5388ce188ebd3ccd8c0f17b1.jpg,300,300,12,59
Helmet,41,77,7,7,3182_jpg.rf.8a7816bc5388ce188ebd3ccd8c0f17b1.jpg,300,300,48,84
Helmet,104,0,110,74,3189_jpg.rf.1e680a2eed248f21c9b17d93fd2644c6.jpg,300,300,214,74
Helmet,143,108,15,25,3192_jpg.rf.f68393cd5a16b2e91510321cccf48f0a.jpg,300,300,158,133
Helmet,157,46,16,22,3192_jpg.rf.f68393cd5a16b2e91510321cccf48f0a.jpg,300,300,173,68
Helmet,172,109,14,16,3192_jpg.rf.f68393cd5a16b2e91510321cccf48f0a.jpg,300,300,186,125
Helmet,53,31,15,22,3192_jpg.rf.f68393cd5a16b2e91510321cccf48f0a.jpg,300,300,68,53
Helmet,184,131,12,13,3194_jpg.rf.9cabc0db75cf49e3bc94e11477f31202.jpg,300,300,196,144
Helmet,178,135,10,10,3194_jpg.rf.9cabc0db75cf49e3bc94e11477f31202.jpg,300,300,188,145
Helmet,152,143,14,16,3194_jpg.rf.9cabc0db75cf49e3bc94e11477f31202.jpg,300,300,166,159
Helmet,115,133,13,16,3194_jpg.rf.9cabc0db75cf49e3bc94e11477f31202.jpg,300,300,128,149
Helmet,84,142,12,15,3194_jpg.rf.9cabc0db75cf49e3bc94e11477f31202.jpg,300,300,96,157
Helmet,65,138,13,15,3194_jpg.rf.9cabc0db75cf49e3bc94e11477f31202.jpg,300,300,78,153
Helmet,41,148,10,16,3194_jpg.rf.9cabc0db75cf49e3bc94e11477f31202.jpg,300,300,51,164
Mask,132,73,7,8,3196_jpg.rf.e106b9a217dbd08b7ba8fe69d52c7d93.jpg,300,300,139,81
Helmet,68,59,13,13,3196_jpg.rf.e106b9a217dbd08b7ba8fe69d52c7d93.jpg,300,300,81,72
Helmet,131,58,12,17,3196_jpg.rf.e106b9a217dbd08b7ba8fe69d52c7d93.jpg,300,300,143,75
Helmet,205,40,14,17,3196_jpg.rf.e106b9a217dbd08b7ba8fe69d52c7d93.jpg,300,300,219,57
None,166,244,13,28,3197_jpg.rf.34bfe9d6fb31318be1f23034ffeec09e.jpg,300,300,179,272
None,75,179,14,25,3197_jpg.rf.34bfe9d6fb31318be1f23034ffeec09e.jpg,300,300,89,204
None,246,5,14,26,3197_jpg.rf.34bfe9d6fb31318be1f23034ffeec09e.jpg,300,300,260,31
Helmet,175,109,6,10,3198_jpg.rf.d061d53cdd6d2db93da4d9606278bca1.jpg,300,300,181,119
Helmet,214,111,5,9,3198_jpg.rf.d061d53cdd6d2db93da4d9606278bca1.jpg,300,300,219,120
Helmet,230,115,7,8,3198_jpg.rf.d061d53cdd6d2db93da4d9606278bca1.jpg,300,300,237,123
Helmet,246,109,7,7,3198_jpg.rf.d061d53cdd6d2db93da4d9606278bca1.jpg,300,300,253,116
Helmet,284,110,8,8,3198_jpg.rf.d061d53cdd6d2db93da4d9606278bca1.jpg,300,300,292,118
Helmet,168,147,8,10,3198_jpg.rf.d061d53cdd6d2db93da4d9606278bca1.jpg,300,300,176,157
Helmet,45,111,5,7,3198_jpg.rf.d061d53cdd6d2db93da4d9606278bca1.jpg,300,300,50,118
Helmet,46,129,7,8,3198_jpg.rf.d061d53cdd6d2db93da4d9606278bca1.jpg,300,300,53,137
Helmet,40,112,5,7,3198_jpg.rf.d061d53cdd6d2db93da4d9606278bca1.jpg,300,300,45,119
Helmet,33,109,6,7,3198_jpg.rf.d061d53cdd6d2db93da4d9606278bca1.jpg,300,300,39,116
Helmet,15,106,5,8,3198_jpg.rf.d061d53cdd6d2db93da4d9606278bca1.jpg,300,300,20,114
Helmet,15,74,6,5,3198_jpg.rf.d061d53cdd6d2db93da4d9606278bca1.jpg,300,300,21,79
Helmet,159,112,4,5,3198_jpg.rf.d061d53cdd6d2db93da4d9606278bca1.jpg,300,300,163,117
None,142,38,27,65,3201_jpg.rf.c4e4c7ff7af737ae50e8d23955496c3e.jpg,300,300,169,103
Helmet,140,201,12,13,3204_jpg.rf.fe285c189be3ba0bc620bac7f29d992d.jpg,300,300,152,214
Helmet,145,79,12,12,3204_jpg.rf.fe285c189be3ba0bc620bac7f29d992d.jpg,300,300,157,91
Helmet,290,210,9,8,3204_jpg.rf.fe285c189be3ba0bc620bac7f29d992d.jpg,300,300,299,218
None,239,143,7,12,3213_jpg.rf.25c73208961701cafb8afe3cea43d270.jpg,300,300,246,155
Helmet,234,132,7,7,3213_jpg.rf.25c73208961701cafb8afe3cea43d270.jpg,300,300,241,139
None,287,184,9,12,3213_jpg.rf.25c73208961701cafb8afe3cea43d270.jpg,300,300,296,196
None,275,194,9,13,3213_jpg.rf.25c73208961701cafb8afe3cea43d270.jpg,300,300,284,207
None,271,173,5,10,3213_jpg.rf.25c73208961701cafb8afe3cea43d270.jpg,300,300,276,183
None,270,146,8,9,3213_jpg.rf.25c73208961701cafb8afe3cea43d270.jpg,300,300,278,155
None,252,180,7,9,3213_jpg.rf.25c73208961701cafb8afe3cea43d270.jpg,300,300,259,189
Helmet,237,165,7,8,3213_jpg.rf.25c73208961701cafb8afe3cea43d270.jpg,300,300,244,173
Helmet,255,195,9,9,3213_jpg.rf.25c73208961701cafb8afe3cea43d270.jpg,300,300,264,204
Helmet,253,208,15,13,3213_jpg.rf.25c73208961701cafb8afe3cea43d270.jpg,300,300,268,221
Helmet,225,204,12,11,3213_jpg.rf.25c73208961701cafb8afe3cea43d270.jpg,300,300,237,215
Helmet,221,188,12,10,3213_jpg.rf.25c73208961701cafb8afe3cea43d270.jpg,300,300,233,198
Helmet,195,187,10,8,3213_jpg.rf.25c73208961701cafb8afe3cea43d270.jpg,300,300,205,195
Helmet,163,187,8,11,3213_jpg.rf.25c73208961701cafb8afe3cea43d270.jpg,300,300,171,198
Helmet,133,188,11,13,3213_jpg.rf.25c73208961701cafb8afe3cea43d270.jpg,300,300,144,201
Helmet,41,159,7,8,3213_jpg.rf.25c73208961701cafb8afe3cea43d270.jpg,300,300,48,167
Helmet,32,146,8,9,3213_jpg.rf.25c73208961701cafb8afe3cea43d270.jpg,300,300,40,155
Helmet,5,148,5,8,3213_jpg.rf.25c73208961701cafb8afe3cea43d270.jpg,300,300,10,156
Helmet,20,134,8,8,3213_jpg.rf.25c73208961701cafb8afe3cea43d270.jpg,300,300,28,142
Helmet,58,130,7,6,3213_jpg.rf.25c73208961701cafb8afe3cea43d270.jpg,300,300,65,136
Helmet,87,129,3,5,3213_jpg.rf.25c73208961701cafb8afe3cea43d270.jpg,300,300,90,134
Helmet,95,124,7,4,3213_jpg.rf.25c73208961701cafb8afe3cea43d270.jpg,300,300,102,128
Helmet,137,126,5,5,3213_jpg.rf.25c73208961701cafb8afe3cea43d270.jpg,300,300,142,131
Helmet,152,129,5,4,3213_jpg.rf.25c73208961701cafb8afe3cea43d270.jpg,300,300,157,133
Helmet,112,133,7,6,3213_jpg.rf.25c73208961701cafb8afe3cea43d270.jpg,300,300,119,139
Helmet,125,134,5,5,3213_jpg.rf.25c73208961701cafb8afe3cea43d270.jpg,300,300,130,139
Helmet,77,161,8,9,3213_jpg.rf.25c73208961701cafb8afe3cea43d270.jpg,300,300,85,170
Helmet,182,125,7,10,3213_jpg.rf.25c73208961701cafb8afe3cea43d270.jpg,300,300,189,135
Helmet,10,153,10,7,3213_jpg.rf.25c73208961701cafb8afe3cea43d270.jpg,300,300,20,160
Mask,168,171,21,29,3218_jpg.rf.d717bd1f6a10bd7e1009e0cc8a012b25.jpg,300,300,189,200
Helmet,163,135,44,46,3218_jpg.rf.d717bd1f6a10bd7e1009e0cc8a012b25.jpg,300,300,207,181
Helmet,178,86,43,45,3218_jpg.rf.d717bd1f6a10bd7e1009e0cc8a012b25.jpg,300,300,221,131
Helmet,118,23,41,56,3218_jpg.rf.d717bd1f6a10bd7e1009e0cc8a012b25.jpg,300,300,159,79
Helmet,88,182,19,30,3227_jpg.rf.61d46246b60a9a130c9bee4665259f2c.jpg,300,300,107,212
Helmet,57,145,10,11,3227_jpg.rf.61d46246b60a9a130c9bee4665259f2c.jpg,300,300,67,156
Helmet,28,132,13,12,3227_jpg.rf.61d46246b60a9a130c9bee4665259f2c.jpg,300,300,41,144
Helmet,21,127,9,7,3227_jpg.rf.61d46246b60a9a130c9bee4665259f2c.jpg,300,300,30,134
Helmet,0,249,9,30,3227_jpg.rf.61d46246b60a9a130c9bee4665259f2c.jpg,300,300,9,279
Helmet,156,115,17,17,3227_jpg.rf.61d46246b60a9a130c9bee4665259f2c.jpg,300,300,173,132
Helmet,173,132,14,14,3227_jpg.rf.61d46246b60a9a130c9bee4665259f2c.jpg,300,300,187,146
Helmet,193,124,14,18,3227_jpg.rf.61d46246b60a9a130c9bee4665259f2c.jpg,300,300,207,142
Helmet,213,130,15,15,3227_jpg.rf.61d46246b60a9a130c9bee4665259f2c.jpg,300,300,228,145
Helmet,271,118,15,15,3227_jpg.rf.61d46246b60a9a130c9bee4665259f2c.jpg,300,300,286,133
Helmet,240,82,11,11,3227_jpg.rf.61d46246b60a9a130c9bee4665259f2c.jpg,300,300,251,93
Helmet,141,20,34,27,3236_jpg.rf.5ebc1b9c657e0549602fb1d2145c8096.jpg,300,300,175,47
Helmet,191,111,8,13,3236_jpg.rf.5ebc1b9c657e0549602fb1d2145c8096.jpg,300,300,199,124
None,129,3,17,31,3239_jpg.rf.eff96679bbc29a85b08d0cc57e230660.jpg,300,300,146,34
Helmet,223,213,20,16,3239_jpg.rf.eff96679bbc29a85b08d0cc57e230660.jpg,300,300,243,229
Helmet,158,142,21,20,3239_jpg.rf.eff96679bbc29a85b08d0cc57e230660.jpg,300,300,179,162
Helmet,130,143,19,20,3239_jpg.rf.eff96679bbc29a85b08d0cc57e230660.jpg,300,300,149,163
Helmet,22,157,20,14,3239_jpg.rf.eff96679bbc29a85b08d0cc57e230660.jpg,300,300,42,171
Helmet,103,239,18,17,3239_jpg.rf.eff96679bbc29a85b08d0cc57e230660.jpg,300,300,121,256
Helmet,73,234,22,31,3239_jpg.rf.eff96679bbc29a85b08d0cc57e230660.jpg,300,300,95,265
None,109,70,29,64,3241_jpg.rf.a6e82da8d8c60cde382872859eceb890.jpg,300,300,138,134
None,181,0,29,41,3241_jpg.rf.a6e82da8d8c60cde382872859eceb890.jpg,300,300,210,41
Helmet,102,49,9,12,3242_jpg.rf.2745e3149b2bcdce31d4f246dfae948c.jpg,300,300,111,61
Helmet,12,101,10,7,3242_jpg.rf.2745e3149b2bcdce31d4f246dfae948c.jpg,300,300,22,108
Helmet,100,154,9,10,3242_jpg.rf.2745e3149b2bcdce31d4f246dfae948c.jpg,300,300,109,164
Helmet,16,186,8,8,3244_jpg.rf.1c482829a322f736fdf28846686088b3.jpg,300,300,24,194
Helmet,109,151,7,8,3244_jpg.rf.1c482829a322f736fdf28846686088b3.jpg,300,300,116,159
Helmet,134,150,7,9,3244_jpg.rf.1c482829a322f736fdf28846686088b3.jpg,300,300,141,159
Helmet,227,148,10,14,3244_jpg.rf.1c482829a322f736fdf28846686088b3.jpg,300,300,237,162
Helmet,242,165,11,12,3244_jpg.rf.1c482829a322f736fdf28846686088b3.jpg,300,300,253,177
Mask,138,74,9,10,3246_jpg.rf.bf743d7ba28db90c033981861e392de2.jpg,300,300,147,84
Helmet,117,36,16,17,3246_jpg.rf.bf743d7ba28db90c033981861e392de2.jpg,300,300,133,53
Helmet,141,59,15,18,3246_jpg.rf.bf743d7ba28db90c033981861e392de2.jpg,300,300,156,77
Mask,107,79,12,15,3250_jpg.rf.aa4d1f1a7d9b80202e883cccd12f7d69.jpg,300,300,119,94
Mask,142,87,13,13,3250_jpg.rf.aa4d1f1a7d9b80202e883cccd12f7d69.jpg,300,300,155,100
Mask,245,161,8,8,3250_jpg.rf.aa4d1f1a7d9b80202e883cccd12f7d69.jpg,300,300,253,169
Helmet,247,143,13,21,3250_jpg.rf.aa4d1f1a7d9b80202e883cccd12f7d69.jpg,300,300,260,164
Helmet,136,46,22,45,3250_jpg.rf.aa4d1f1a7d9b80202e883cccd12f7d69.jpg,300,300,158,91
Helmet,116,36,19,58,3250_jpg.rf.aa4d1f1a7d9b80202e883cccd12f7d69.jpg,300,300,135,94
Helmet,0,15,84,87,3251_jpg.rf.f814ac644bdaad93ff7cd3b10ac9949b.jpg,300,300,84,102
Helmet,80,73,72,78,3251_jpg.rf.f814ac644bdaad93ff7cd3b10ac9949b.jpg,300,300,152,151
Helmet,157,28,51,69,3251_jpg.rf.f814ac644bdaad93ff7cd3b10ac9949b.jpg,300,300,208,97
Helmet,208,48,54,50,3251_jpg.rf.f814ac644bdaad93ff7cd3b10ac9949b.jpg,300,300,262,98
Helmet,170,51,12,11,3268_jpg.rf.b1ac16dd7d8997c333578837af2c0d1c.jpg,300,300,182,62
Helmet,53,53,18,15,3268_jpg.rf.b1ac16dd7d8997c333578837af2c0d1c.jpg,300,300,71,68
Helmet,123,119,39,28,3268_jpg.rf.b1ac16dd7d8997c333578837af2c0d1c.jpg,300,300,162,147
Helmet,170,121,43,21,3268_jpg.rf.b1ac16dd7d8997c333578837af2c0d1c.jpg,300,300,213,142
Helmet,94,22,36,69,3269_jpg.rf.91cc8b6b5fa835ad0000a3491b80396d.jpg,300,300,130,91
Helmet,143,58,48,56,3269_jpg.rf.91cc8b6b5fa835ad0000a3491b80396d.jpg,300,300,191,114
Helmet,46,5,53,79,3269_jpg.rf.91cc8b6b5fa835ad0000a3491b80396d.jpg,300,300,99,84
Helmet,129,11,64,71,3270_jpg.rf.19214e6bb6062130ac0b936525104f32.jpg,300,300,193,82
Helmet,251,32,28,36,3270_jpg.rf.19214e6bb6062130ac0b936525104f32.jpg,300,300,279,68
Helmet,288,13,12,37,3270_jpg.rf.19214e6bb6062130ac0b936525104f32.jpg,300,300,300,50
Mask,40,92,5,6,3273_jpg.rf.628d5f3581a700dfa0799c79cff50aa1.jpg,300,300,45,98
Helmet,87,85,23,41,3273_jpg.rf.628d5f3581a700dfa0799c79cff50aa1.jpg,300,300,110,126
Helmet,34,80,13,11,3273_jpg.rf.628d5f3581a700dfa0799c79cff50aa1.jpg,300,300,47,91
None,88,45,44,36,3278_jpg.rf.0f1d3ee67aa761e0cddb6efbe88d2042.jpg,300,300,132,81
Helmet,212,105,16,14,3280_jpg.rf.59e1f172e578f3a6c386f312db1ee13d.jpg,300,300,228,119
Helmet,244,43,18,16,3280_jpg.rf.59e1f172e578f3a6c386f312db1ee13d.jpg,300,300,262,59
Helmet,159,58,17,21,3280_jpg.rf.59e1f172e578f3a6c386f312db1ee13d.jpg,300,300,176,79
Helmet,131,21,22,26,3280_jpg.rf.59e1f172e578f3a6c386f312db1ee13d.jpg,300,300,153,47
Helmet,126,51,17,30,3280_jpg.rf.59e1f172e578f3a6c386f312db1ee13d.jpg,300,300,143,81
Helmet,40,30,20,28,3280_jpg.rf.59e1f172e578f3a6c386f312db1ee13d.jpg,300,300,60,58
Helmet,15,18,23,27,3280_jpg.rf.59e1f172e578f3a6c386f312db1ee13d.jpg,300,300,38,45
Mask,77,75,15,18,3283_jpg.rf.2d8ba01acc80cf7475597bb631452177.jpg,300,300,92,93
Helmet,209,54,33,26,3283_jpg.rf.2d8ba01acc80cf7475597bb631452177.jpg,300,300,242,80
Helmet,61,45,31,26,3283_jpg.rf.2d8ba01acc80cf7475597bb631452177.jpg,300,300,92,71
Helmet,170,20,20,33,3289_jpg.rf.215b8afbbe9b1cdd570fd01b7aea03a6.jpg,300,300,190,53
Helmet,224,55,23,32,3289_jpg.rf.215b8afbbe9b1cdd570fd01b7aea03a6.jpg,300,300,247,87
None,261,101,20,71,3289_jpg.rf.215b8afbbe9b1cdd570fd01b7aea03a6.jpg,300,300,281,172
None,194,78,15,64,3289_jpg.rf.215b8afbbe9b1cdd570fd01b7aea03a6.jpg,300,300,209,142
None,217,160,13,56,3289_jpg.rf.215b8afbbe9b1cdd570fd01b7aea03a6.jpg,300,300,230,216
None,126,187,16,54,3289_jpg.rf.215b8afbbe9b1cdd570fd01b7aea03a6.jpg,300,300,142,241
None,167,103,18,82,3289_jpg.rf.215b8afbbe9b1cdd570fd01b7aea03a6.jpg,300,300,185,185
None,152,70,13,51,3289_jpg.rf.215b8afbbe9b1cdd570fd01b7aea03a6.jpg,300,300,165,121
None,130,99,16,64,3289_jpg.rf.215b8afbbe9b1cdd570fd01b7aea03a6.jpg,300,300,146,163
None,106,42,16,60,3289_jpg.rf.215b8afbbe9b1cdd570fd01b7aea03a6.jpg,300,300,122,102
None,56,71,19,61,3289_jpg.rf.215b8afbbe9b1cdd570fd01b7aea03a6.jpg,300,300,75,132
None,81,143,17,63,3289_jpg.rf.215b8afbbe9b1cdd570fd01b7aea03a6.jpg,300,300,98,206
None,34,142,21,64,3289_jpg.rf.215b8afbbe9b1cdd570fd01b7aea03a6.jpg,300,300,55,206
None,15,95,18,58,3289_jpg.rf.215b8afbbe9b1cdd570fd01b7aea03a6.jpg,300,300,33,153
None,32,59,18,50,3289_jpg.rf.215b8afbbe9b1cdd570fd01b7aea03a6.jpg,300,300,50,109
Helmet,68,73,18,28,3292_jpg.rf.4eecdc630f4304a06301f91b368b537e.jpg,300,300,86,101
Helmet,165,68,22,21,3292_jpg.rf.4eecdc630f4304a06301f91b368b537e.jpg,300,300,187,89
Helmet,229,86,16,25,3292_jpg.rf.4eecdc630f4304a06301f91b368b537e.jpg,300,300,245,111
Mask,231,110,14,20,3292_jpg.rf.4eecdc630f4304a06301f91b368b537e.jpg,300,300,245,130
Helmet,271,71,13,15,3293_jpg.rf.5a93f5ee3e52aadf86e4893379bc44f8.jpg,300,300,284,86
Helmet,213,6,34,36,3293_jpg.rf.5a93f5ee3e52aadf86e4893379bc44f8.jpg,300,300,247,42
Helmet,201,54,16,16,3293_jpg.rf.5a93f5ee3e52aadf86e4893379bc44f8.jpg,300,300,217,70
Helmet,182,43,21,26,3293_jpg.rf.5a93f5ee3e52aadf86e4893379bc44f8.jpg,300,300,203,69
Helmet,144,31,47,48,3293_jpg.rf.5a93f5ee3e52aadf86e4893379bc44f8.jpg,300,300,191,79
Helmet,99,0,46,48,3293_jpg.rf.5a93f5ee3e52aadf86e4893379bc44f8.jpg,300,300,145,48
Helmet,259,117,12,16,3293_jpg.rf.5a93f5ee3e52aadf86e4893379bc44f8.jpg,300,300,271,133
Helmet,279,109,12,15,3293_jpg.rf.5a93f5ee3e52aadf86e4893379bc44f8.jpg,300,300,291,124
Helmet,23,41,27,24,3299_jpg.rf.11a75d7ee6167160bce8a11dc1f9895c.jpg,300,300,50,65
Helmet,238,54,31,36,3299_jpg.rf.11a75d7ee6167160bce8a11dc1f9895c.jpg,300,300,269,90
Helmet,153,103,33,24,3299_jpg.rf.11a75d7ee6167160bce8a11dc1f9895c.jpg,300,300,186,127
Helmet,286,174,11,36,3299_jpg.rf.11a75d7ee6167160bce8a11dc1f9895c.jpg,300,300,297,210
Helmet,140,54,11,16,3301_jpg.rf.2f658cd9577396189d679f09f140e542.jpg,300,300,151,70
Helmet,242,170,10,13,3301_jpg.rf.2f658cd9577396189d679f09f140e542.jpg,300,300,252,183
Helmet,211,160,9,15,3301_jpg.rf.2f658cd9577396189d679f09f140e542.jpg,300,300,220,175
Helmet,180,187,5,8,3301_jpg.rf.2f658cd9577396189d679f09f140e542.jpg,300,300,185,195
Helmet,172,186,7,14,3301_jpg.rf.2f658cd9577396189d679f09f140e542.jpg,300,300,179,200
Helmet,166,191,7,12,3301_jpg.rf.2f658cd9577396189d679f09f140e542.jpg,300,300,173,203
Helmet,66,155,9,17,3301_jpg.rf.2f658cd9577396189d679f09f140e542.jpg,300,300,75,172
Helmet,158,223,11,15,3301_jpg.rf.2f658cd9577396189d679f09f140e542.jpg,300,300,169,238
Helmet,141,222,10,15,3301_jpg.rf.2f658cd9577396189d679f09f140e542.jpg,300,300,151,237
Helmet,33,2,43,59,3303_jpg.rf.bb81b9879f2a575d2c10d8b94c02e393.jpg,300,300,76,61
None,157,15,39,92,3303_jpg.rf.bb81b9879f2a575d2c10d8b94c02e393.jpg,300,300,196,107
Helmet,13,17,263,114,3304_jpg.rf.02cc6321066425d7e8064ffa743a1cfd.jpg,300,300,276,131
Helmet,131,92,13,19,3306_jpg.rf.a29da595c6772ec0a0d7f53c0ab5fbc9.jpg,300,300,144,111
Helmet,142,25,15,25,3306_jpg.rf.a29da595c6772ec0a0d7f53c0ab5fbc9.jpg,300,300,157,50
Helmet,122,269,11,19,3306_jpg.rf.a29da595c6772ec0a0d7f53c0ab5fbc9.jpg,300,300,133,288
Helmet,171,139,13,18,3306_jpg.rf.a29da595c6772ec0a0d7f53c0ab5fbc9.jpg,300,300,184,157
Helmet,255,114,11,23,3306_jpg.rf.a29da595c6772ec0a0d7f53c0ab5fbc9.jpg,300,300,266,137
None,201,13,20,22,3307_jpg.rf.bf4b3eb2302386d5461e244368d395a0.jpg,300,300,221,35
None,144,145,40,41,3307_jpg.rf.bf4b3eb2302386d5461e244368d395a0.jpg,300,300,184,186
None,42,150,43,45,3307_jpg.rf.bf4b3eb2302386d5461e244368d395a0.jpg,300,300,85,195
Helmet,145,28,68,41,3310_jpg.rf.588afa485a13b6f6dc96b2c449194447.jpg,300,300,213,69
Helmet,155,0,26,18,3310_jpg.rf.588afa485a13b6f6dc96b2c449194447.jpg,300,300,181,18
Helmet,130,49,20,21,3313_jpg.rf.fb50acf987413aa2ad000cbf27fe6df2.jpg,300,300,150,70
Helmet,160,53,33,34,3313_jpg.rf.fb50acf987413aa2ad000cbf27fe6df2.jpg,300,300,193,87
Helmet,88,54,34,30,3313_jpg.rf.fb50acf987413aa2ad000cbf27fe6df2.jpg,300,300,122,84
Mask,0,33,17,21,3316_jpg.rf.ff8f5d589574516e8865dbd150ee3a44.jpg,300,300,17,54
Helmet,0,0,19,25,3316_jpg.rf.ff8f5d589574516e8865dbd150ee3a44.jpg,300,300,19,25
Helmet,141,124,30,33,3316_jpg.rf.ff8f5d589574516e8865dbd150ee3a44.jpg,300,300,171,157
Mask,151,161,14,16,3316_jpg.rf.ff8f5d589574516e8865dbd150ee3a44.jpg,300,300,165,177
Helmet,250,87,9,11,3316_jpg.rf.ff8f5d589574516e8865dbd150ee3a44.jpg,300,300,259,98
Mask,252,98,5,6,3316_jpg.rf.ff8f5d589574516e8865dbd150ee3a44.jpg,300,300,257,104
Helmet,241,84,6,7,3316_jpg.rf.ff8f5d589574516e8865dbd150ee3a44.jpg,300,300,247,91
Mask,243,92,4,5,3316_jpg.rf.ff8f5d589574516e8865dbd150ee3a44.jpg,300,300,247,97
Helmet,275,91,14,14,3316_jpg.rf.ff8f5d589574516e8865dbd150ee3a44.jpg,300,300,289,105
Helmet,274,103,16,12,3316_jpg.rf.ff8f5d589574516e8865dbd150ee3a44.jpg,300,300,290,115
Helmet,107,72,11,19,3323_jpg.rf.ba0d05b10c700135e487614bb5a15792.jpg,300,300,118,91
Helmet,4,12,7,12,3325_jpg.rf.92bb7b13559d12d4b82c5cb3cc17f2f7.jpg,300,300,11,24
Helmet,8,26,12,11,3325_jpg.rf.92bb7b13559d12d4b82c5cb3cc17f2f7.jpg,300,300,20,37
Helmet,21,19,10,11,3325_jpg.rf.92bb7b13559d12d4b82c5cb3cc17f2f7.jpg,300,300,31,30
Helmet,26,31,12,12,3325_jpg.rf.92bb7b13559d12d4b82c5cb3cc17f2f7.jpg,300,300,38,43
Helmet,40,23,10,10,3325_jpg.rf.92bb7b13559d12d4b82c5cb3cc17f2f7.jpg,300,300,50,33
Helmet,49,21,10,11,3325_jpg.rf.92bb7b13559d12d4b82c5cb3cc17f2f7.jpg,300,300,59,32
Helmet,61,28,10,13,3325_jpg.rf.92bb7b13559d12d4b82c5cb3cc17f2f7.jpg,300,300,71,41
Helmet,78,15,11,12,3325_jpg.rf.92bb7b13559d12d4b82c5cb3cc17f2f7.jpg,300,300,89,27
Helmet,82,32,13,13,3325_jpg.rf.92bb7b13559d12d4b82c5cb3cc17f2f7.jpg,300,300,95,45
Helmet,101,15,11,15,3325_jpg.rf.92bb7b13559d12d4b82c5cb3cc17f2f7.jpg,300,300,112,30
Helmet,88,8,8,12,3325_jpg.rf.92bb7b13559d12d4b82c5cb3cc17f2f7.jpg,300,300,96,20
Helmet,115,5,10,13,3325_jpg.rf.92bb7b13559d12d4b82c5cb3cc17f2f7.jpg,300,300,125,18
Helmet,118,15,12,12,3325_jpg.rf.92bb7b13559d12d4b82c5cb3cc17f2f7.jpg,300,300,130,27
Helmet,144,30,10,10,3325_jpg.rf.92bb7b13559d12d4b82c5cb3cc17f2f7.jpg,300,300,154,40
Helmet,154,21,9,13,3325_jpg.rf.92bb7b13559d12d4b82c5cb3cc17f2f7.jpg,300,300,163,34
Helmet,188,24,12,10,3325_jpg.rf.92bb7b13559d12d4b82c5cb3cc17f2f7.jpg,300,300,200,34
Helmet,206,28,11,11,3325_jpg.rf.92bb7b13559d12d4b82c5cb3cc17f2f7.jpg,300,300,217,39
Helmet,226,31,10,10,3325_jpg.rf.92bb7b13559d12d4b82c5cb3cc17f2f7.jpg,300,300,236,41
Helmet,247,23,10,7,3325_jpg.rf.92bb7b13559d12d4b82c5cb3cc17f2f7.jpg,300,300,257,30
Helmet,242,31,13,11,3325_jpg.rf.92bb7b13559d12d4b82c5cb3cc17f2f7.jpg,300,300,255,42
Helmet,265,19,9,7,3325_jpg.rf.92bb7b13559d12d4b82c5cb3cc17f2f7.jpg,300,300,274,26
Helmet,266,27,12,9,3325_jpg.rf.92bb7b13559d12d4b82c5cb3cc17f2f7.jpg,300,300,278,36
Helmet,282,25,8,13,3325_jpg.rf.92bb7b13559d12d4b82c5cb3cc17f2f7.jpg,300,300,290,38
Helmet,292,26,6,9,3325_jpg.rf.92bb7b13559d12d4b82c5cb3cc17f2f7.jpg,300,300,298,35
Helmet,292,37,8,9,3325_jpg.rf.92bb7b13559d12d4b82c5cb3cc17f2f7.jpg,300,300,300,46
Helmet,291,49,9,9,3325_jpg.rf.92bb7b13559d12d4b82c5cb3cc17f2f7.jpg,300,300,300,58
Helmet,288,63,12,13,3325_jpg.rf.92bb7b13559d12d4b82c5cb3cc17f2f7.jpg,300,300,300,76
Helmet,266,35,13,8,3325_jpg.rf.92bb7b13559d12d4b82c5cb3cc17f2f7.jpg,300,300,279,43
Helmet,283,38,4,10,3325_jpg.rf.92bb7b13559d12d4b82c5cb3cc17f2f7.jpg,300,300,287,48
Helmet,277,49,11,12,3325_jpg.rf.92bb7b13559d12d4b82c5cb3cc17f2f7.jpg,300,300,288,61
Helmet,267,53,15,17,3325_jpg.rf.92bb7b13559d12d4b82c5cb3cc17f2f7.jpg,300,300,282,70
Helmet,275,72,14,16,3325_jpg.rf.92bb7b13559d12d4b82c5cb3cc17f2f7.jpg,300,300,289,88
Helmet,253,58,13,20,3325_jpg.rf.92bb7b13559d12d4b82c5cb3cc17f2f7.jpg,300,300,266,78
Helmet,256,47,11,9,3325_jpg.rf.92bb7b13559d12d4b82c5cb3cc17f2f7.jpg,300,300,267,56
Helmet,249,44,9,10,3325_jpg.rf.92bb7b13559d12d4b82c5cb3cc17f2f7.jpg,300,300,258,54
Helmet,242,44,8,7,3325_jpg.rf.92bb7b13559d12d4b82c5cb3cc17f2f7.jpg,300,300,250,51
Helmet,238,51,12,13,3325_jpg.rf.92bb7b13559d12d4b82c5cb3cc17f2f7.jpg,300,300,250,64
Helmet,230,43,11,12,3325_jpg.rf.92bb7b13559d12d4b82c5cb3cc17f2f7.jpg,300,300,241,55
Helmet,224,47,6,11,3325_jpg.rf.92bb7b13559d12d4b82c5cb3cc17f2f7.jpg,300,300,230,58
Helmet,211,44,12,15,3325_jpg.rf.92bb7b13559d12d4b82c5cb3cc17f2f7.jpg,300,300,223,59
Helmet,202,40,12,14,3325_jpg.rf.92bb7b13559d12d4b82c5cb3cc17f2f7.jpg,300,300,214,54
Helmet,183,24,6,14,3325_jpg.rf.92bb7b13559d12d4b82c5cb3cc17f2f7.jpg,300,300,189,38
Helmet,177,24,8,9,3325_jpg.rf.92bb7b13559d12d4b82c5cb3cc17f2f7.jpg,300,300,185,33
Helmet,173,33,13,12,3325_jpg.rf.92bb7b13559d12d4b82c5cb3cc17f2f7.jpg,300,300,186,45
Helmet,145,46,12,15,3325_jpg.rf.92bb7b13559d12d4b82c5cb3cc17f2f7.jpg,300,300,157,61
Helmet,167,55,13,15,3325_jpg.rf.92bb7b13559d12d4b82c5cb3cc17f2f7.jpg,300,300,180,70
Helmet,181,76,16,16,3325_jpg.rf.92bb7b13559d12d4b82c5cb3cc17f2f7.jpg,300,300,197,92
Helmet,217,57,11,23,3325_jpg.rf.92bb7b13559d12d4b82c5cb3cc17f2f7.jpg,300,300,228,80
Helmet,224,71,14,17,3325_jpg.rf.92bb7b13559d12d4b82c5cb3cc17f2f7.jpg,300,300,238,88
Helmet,233,86,16,26,3325_jpg.rf.92bb7b13559d12d4b82c5cb3cc17f2f7.jpg,300,300,249,112
Helmet,295,94,5,13,3325_jpg.rf.92bb7b13559d12d4b82c5cb3cc17f2f7.jpg,300,300,300,107
Helmet,145,22,9,11,3325_jpg.rf.92bb7b13559d12d4b82c5cb3cc17f2f7.jpg,300,300,154,33
Helmet,132,22,10,14,3325_jpg.rf.92bb7b13559d12d4b82c5cb3cc17f2f7.jpg,300,300,142,36
Helmet,151,62,14,13,3325_jpg.rf.92bb7b13559d12d4b82c5cb3cc17f2f7.jpg,300,300,165,75
Helmet,169,81,15,16,3325_jpg.rf.92bb7b13559d12d4b82c5cb3cc17f2f7.jpg,300,300,184,97
Helmet,187,91,16,14,3325_jpg.rf.92bb7b13559d12d4b82c5cb3cc17f2f7.jpg,300,300,203,105
Helmet,181,98,17,23,3325_jpg.rf.92bb7b13559d12d4b82c5cb3cc17f2f7.jpg,300,300,198,121
Helmet,149,76,17,27,3325_jpg.rf.92bb7b13559d12d4b82c5cb3cc17f2f7.jpg,300,300,166,103
Helmet,135,78,13,21,3325_jpg.rf.92bb7b13559d12d4b82c5cb3cc17f2f7.jpg,300,300,148,99
Helmet,135,53,8,14,3325_jpg.rf.92bb7b13559d12d4b82c5cb3cc17f2f7.jpg,300,300,143,67
Helmet,122,54,15,17,3325_jpg.rf.92bb7b13559d12d4b82c5cb3cc17f2f7.jpg,300,300,137,71
Helmet,119,69,15,15,3325_jpg.rf.92bb7b13559d12d4b82c5cb3cc17f2f7.jpg,300,300,134,84
Helmet,114,35,12,13,3325_jpg.rf.92bb7b13559d12d4b82c5cb3cc17f2f7.jpg,300,300,126,48
Helmet,109,29,4,7,3325_jpg.rf.92bb7b13559d12d4b82c5cb3cc17f2f7.jpg,300,300,113,36
Helmet,109,31,11,10,3325_jpg.rf.92bb7b13559d12d4b82c5cb3cc17f2f7.jpg,300,300,120,41
Helmet,102,48,10,8,3325_jpg.rf.92bb7b13559d12d4b82c5cb3cc17f2f7.jpg,300,300,112,56
Helmet,97,39,7,14,3325_jpg.rf.92bb7b13559d12d4b82c5cb3cc17f2f7.jpg,300,300,104,53
Helmet,64,44,10,13,3325_jpg.rf.92bb7b13559d12d4b82c5cb3cc17f2f7.jpg,300,300,74,57
Helmet,47,40,10,13,3325_jpg.rf.92bb7b13559d12d4b82c5cb3cc17f2f7.jpg,300,300,57,53
Helmet,40,46,11,15,3325_jpg.rf.92bb7b13559d12d4b82c5cb3cc17f2f7.jpg,300,300,51,61
Helmet,59,51,12,12,3325_jpg.rf.92bb7b13559d12d4b82c5cb3cc17f2f7.jpg,300,300,71,63
Helmet,84,47,8,9,3325_jpg.rf.92bb7b13559d12d4b82c5cb3cc17f2f7.jpg,300,300,92,56
Helmet,76,49,13,14,3325_jpg.rf.92bb7b13559d12d4b82c5cb3cc17f2f7.jpg,300,300,89,63
Helmet,101,53,10,14,3325_jpg.rf.92bb7b13559d12d4b82c5cb3cc17f2f7.jpg,300,300,111,67
Helmet,89,50,13,18,3325_jpg.rf.92bb7b13559d12d4b82c5cb3cc17f2f7.jpg,300,300,102,68
Helmet,80,65,16,20,3325_jpg.rf.92bb7b13559d12d4b82c5cb3cc17f2f7.jpg,300,300,96,85
Helmet,89,85,16,22,3325_jpg.rf.92bb7b13559d12d4b82c5cb3cc17f2f7.jpg,300,300,105,107
Helmet,128,98,16,18,3325_jpg.rf.92bb7b13559d12d4b82c5cb3cc17f2f7.jpg,300,300,144,116
Helmet,126,108,20,22,3325_jpg.rf.92bb7b13559d12d4b82c5cb3cc17f2f7.jpg,300,300,146,130
Helmet,139,115,24,32,3325_jpg.rf.92bb7b13559d12d4b82c5cb3cc17f2f7.jpg,300,300,163,147
Helmet,95,103,19,23,3325_jpg.rf.92bb7b13559d12d4b82c5cb3cc17f2f7.jpg,300,300,114,126
Helmet,63,83,15,15,3325_jpg.rf.92bb7b13559d12d4b82c5cb3cc17f2f7.jpg,300,300,78,98
Helmet,57,100,19,28,3325_jpg.rf.92bb7b13559d12d4b82c5cb3cc17f2f7.jpg,300,300,76,128
Helmet,44,97,18,21,3325_jpg.rf.92bb7b13559d12d4b82c5cb3cc17f2f7.jpg,300,300,62,118
Helmet,30,92,10,21,3325_jpg.rf.92bb7b13559d12d4b82c5cb3cc17f2f7.jpg,300,300,40,113
Helmet,15,89,17,21,3325_jpg.rf.92bb7b13559d12d4b82c5cb3cc17f2f7.jpg,300,300,32,110
Helmet,16,64,14,20,3325_jpg.rf.92bb7b13559d12d4b82c5cb3cc17f2f7.jpg,300,300,30,84
Helmet,8,73,16,19,3325_jpg.rf.92bb7b13559d12d4b82c5cb3cc17f2f7.jpg,300,300,24,92
Helmet,40,115,18,31,3325_jpg.rf.92bb7b13559d12d4b82c5cb3cc17f2f7.jpg,300,300,58,146
Helmet,85,136,27,33,3325_jpg.rf.92bb7b13559d12d4b82c5cb3cc17f2f7.jpg,300,300,112,169
Helmet,12,116,26,33,3325_jpg.rf.92bb7b13559d12d4b82c5cb3cc17f2f7.jpg,300,300,38,149
Helmet,17,35,8,11,3325_jpg.rf.92bb7b13559d12d4b82c5cb3cc17f2f7.jpg,300,300,25,46
Helmet,29,45,11,20,3325_jpg.rf.92bb7b13559d12d4b82c5cb3cc17f2f7.jpg,300,300,40,65
Helmet,21,46,9,10,3325_jpg.rf.92bb7b13559d12d4b82c5cb3cc17f2f7.jpg,300,300,30,56
Helmet,13,51,14,13,3325_jpg.rf.92bb7b13559d12d4b82c5cb3cc17f2f7.jpg,300,300,27,64
Helmet,7,37,11,12,3325_jpg.rf.92bb7b13559d12d4b82c5cb3cc17f2f7.jpg,300,300,18,49
Helmet,8,52,6,17,3325_jpg.rf.92bb7b13559d12d4b82c5cb3cc17f2f7.jpg,300,300,14,69
Helmet,0,49,9,18,3325_jpg.rf.92bb7b13559d12d4b82c5cb3cc17f2f7.jpg,300,300,9,67
Helmet,1,68,10,19,3325_jpg.rf.92bb7b13559d12d4b82c5cb3cc17f2f7.jpg,300,300,11,87
Helmet,13,182,23,39,3325_jpg.rf.92bb7b13559d12d4b82c5cb3cc17f2f7.jpg,300,300,36,221
Helmet,0,181,6,29,3325_jpg.rf.92bb7b13559d12d4b82c5cb3cc17f2f7.jpg,300,300,6,210
Helmet,0,217,20,44,3325_jpg.rf.92bb7b13559d12d4b82c5cb3cc17f2f7.jpg,300,300,20,261
Helmet,35,231,40,36,3325_jpg.rf.92bb7b13559d12d4b82c5cb3cc17f2f7.jpg,300,300,75,267
Helmet,53,209,28,43,3325_jpg.rf.92bb7b13559d12d4b82c5cb3cc17f2f7.jpg,300,300,81,252
Helmet,48,197,30,29,3325_jpg.rf.92bb7b13559d12d4b82c5cb3cc17f2f7.jpg,300,300,78,226
Helmet,79,187,28,39,3325_jpg.rf.92bb7b13559d12d4b82c5cb3cc17f2f7.jpg,300,300,107,226
Helmet,72,161,28,34,3325_jpg.rf.92bb7b13559d12d4b82c5cb3cc17f2f7.jpg,300,300,100,195
Helmet,124,206,38,56,3325_jpg.rf.92bb7b13559d12d4b82c5cb3cc17f2f7.jpg,300,300,162,262
Helmet,172,200,32,34,3325_jpg.rf.92bb7b13559d12d4b82c5cb3cc17f2f7.jpg,300,300,204,234
Helmet,176,167,22,33,3325_jpg.rf.92bb7b13559d12d4b82c5cb3cc17f2f7.jpg,300,300,198,200
Helmet,193,113,25,19,3325_jpg.rf.92bb7b13559d12d4b82c5cb3cc17f2f7.jpg,300,300,218,132
Helmet,195,125,25,23,3325_jpg.rf.92bb7b13559d12d4b82c5cb3cc17f2f7.jpg,300,300,220,148
Helmet,210,146,25,24,3325_jpg.rf.92bb7b13559d12d4b82c5cb3cc17f2f7.jpg,300,300,235,170
Helmet,187,208,30,53,3325_jpg.rf.92bb7b13559d12d4b82c5cb3cc17f2f7.jpg,300,300,217,261
Helmet,246,195,35,48,3325_jpg.rf.92bb7b13559d12d4b82c5cb3cc17f2f7.jpg,300,300,281,243
Helmet,280,200,20,42,3325_jpg.rf.92bb7b13559d12d4b82c5cb3cc17f2f7.jpg,300,300,300,242
Helmet,140,86,11,6,3326_jpg.rf.190db4d5c01f8b1f9a106e3df069b38d.jpg,300,300,151,92
Helmet,180,16,33,44,3326_jpg.rf.190db4d5c01f8b1f9a106e3df069b38d.jpg,300,300,213,60
Helmet,101,93,12,13,3326_jpg.rf.190db4d5c01f8b1f9a106e3df069b38d.jpg,300,300,113,106
Helmet,75,134,16,11,3328_jpg.rf.276cee8c89491af05cee0299d16fb62b.jpg,300,300,91,145
Helmet,168,77,16,25,3330_jpg.rf.6aef983458d1800b87e01587e2e9e4df.jpg,300,300,184,102
Helmet,142,140,16,22,3330_jpg.rf.6aef983458d1800b87e01587e2e9e4df.jpg,300,300,158,162
Helmet,230,28,26,25,3337_jpg.rf.7afb2eb19c94685889ee6caa7b4ea7ee.jpg,300,300,256,53
Helmet,180,68,20,28,3337_jpg.rf.7afb2eb19c94685889ee6caa7b4ea7ee.jpg,300,300,200,96
Helmet,76,54,23,25,3337_jpg.rf.7afb2eb19c94685889ee6caa7b4ea7ee.jpg,300,300,99,79
Helmet,46,61,23,20,3337_jpg.rf.7afb2eb19c94685889ee6caa7b4ea7ee.jpg,300,300,69,81
Helmet,26,26,6,8,3344_jpg.rf.833cee1849f18a415ef1285b7fb88386.jpg,300,300,32,34
Helmet,64,45,5,12,3344_jpg.rf.833cee1849f18a415ef1285b7fb88386.jpg,300,300,69,57
Helmet,49,84,7,7,3344_jpg.rf.833cee1849f18a415ef1285b7fb88386.jpg,300,300,56,91
Helmet,83,71,5,10,3344_jpg.rf.833cee1849f18a415ef1285b7fb88386.jpg,300,300,88,81
Helmet,23,209,5,13,3344_jpg.rf.833cee1849f18a415ef1285b7fb88386.jpg,300,300,28,222
Mask,52,143,7,8,3349_jpg.rf.e6d95db268867462970be98815b56e0c.jpg,300,300,59,151
Mask,257,150,7,9,3349_jpg.rf.e6d95db268867462970be98815b56e0c.jpg,300,300,264,159
Mask,135,89,11,9,3349_jpg.rf.e6d95db268867462970be98815b56e0c.jpg,300,300,146,98
Helmet,166,175,8,10,3349_jpg.rf.e6d95db268867462970be98815b56e0c.jpg,300,300,174,185
Helmet,259,140,8,11,3349_jpg.rf.e6d95db268867462970be98815b56e0c.jpg,300,300,267,151
Helmet,132,74,14,20,3349_jpg.rf.e6d95db268867462970be98815b56e0c.jpg,300,300,146,94
Helmet,46,132,13,13,3349_jpg.rf.e6d95db268867462970be98815b56e0c.jpg,300,300,59,145
Helmet,53,73,34,46,3352_jpg.rf.994d7d249ccbe01a9167167e89e45576.jpg,300,300,87,119
Helmet,97,101,35,40,3352_jpg.rf.994d7d249ccbe01a9167167e89e45576.jpg,300,300,132,141
Helmet,162,60,45,50,3352_jpg.rf.994d7d249ccbe01a9167167e89e45576.jpg,300,300,207,110
Helmet,218,75,48,51,3352_jpg.rf.994d7d249ccbe01a9167167e89e45576.jpg,300,300,266,126
Helmet,52,36,23,36,3353_jpg.rf.ad9dc35276d9db1fd12e12a08fdcf3b3.jpg,300,300,75,72
Helmet,138,109,8,8,3356_jpg.rf.7f214a7e8948451a5cfa338a43ca3169.jpg,300,300,146,117
Helmet,181,125,10,15,3356_jpg.rf.7f214a7e8948451a5cfa338a43ca3169.jpg,300,300,191,140
Helmet,161,120,9,8,3356_jpg.rf.7f214a7e8948451a5cfa338a43ca3169.jpg,300,300,170,128
Mask,147,121,7,5,3356_jpg.rf.7f214a7e8948451a5cfa338a43ca3169.jpg,300,300,154,126
Helmet,147,115,7,7,3356_jpg.rf.7f214a7e8948451a5cfa338a43ca3169.jpg,300,300,154,122
Helmet,264,147,12,13,3356_jpg.rf.7f214a7e8948451a5cfa338a43ca3169.jpg,300,300,276,160
Helmet,248,121,11,12,3356_jpg.rf.7f214a7e8948451a5cfa338a43ca3169.jpg,300,300,259,133
Helmet,143,145,10,10,3356_jpg.rf.7f214a7e8948451a5cfa338a43ca3169.jpg,300,300,153,155
Helmet,21,149,7,8,3356_jpg.rf.7f214a7e8948451a5cfa338a43ca3169.jpg,300,300,28,157
Helmet,54,83,5,6,3356_jpg.rf.7f214a7e8948451a5cfa338a43ca3169.jpg,300,300,59,89
Helmet,65,90,7,7,3356_jpg.rf.7f214a7e8948451a5cfa338a43ca3169.jpg,300,300,72,97
Helmet,112,229,12,18,3356_jpg.rf.7f214a7e8948451a5cfa338a43ca3169.jpg,300,300,124,247
Helmet,206,253,16,21,3356_jpg.rf.7f214a7e8948451a5cfa338a43ca3169.jpg,300,300,222,274
Helmet,78,232,13,15,3356_jpg.rf.7f214a7e8948451a5cfa338a43ca3169.jpg,300,300,91,247
Helmet,49,223,10,17,3356_jpg.rf.7f214a7e8948451a5cfa338a43ca3169.jpg,300,300,59,240
Helmet,221,185,9,10,3356_jpg.rf.7f214a7e8948451a5cfa338a43ca3169.jpg,300,300,230,195
Helmet,198,132,11,10,3356_jpg.rf.7f214a7e8948451a5cfa338a43ca3169.jpg,300,300,209,142
Helmet,18,37,69,56,3357_jpg.rf.cf13caa84ad039793599ffdcabdc76aa.jpg,300,300,87,93
Helmet,207,40,63,58,3357_jpg.rf.cf13caa84ad039793599ffdcabdc76aa.jpg,300,300,270,98
Helmet,151,67,31,29,3360_jpg.rf.944796e1bc56ac814d64c53f6af2193c.jpg,300,300,182,96
Helmet,30,90,27,23,3360_jpg.rf.944796e1bc56ac814d64c53f6af2193c.jpg,300,300,57,113
Helmet,130,4,54,84,3361_jpg.rf.02504b7fc9de077a633c33475d9170a5.jpg,300,300,184,88
Helmet,212,0,50,68,3361_jpg.rf.02504b7fc9de077a633c33475d9170a5.jpg,300,300,262,68
Helmet,264,169,5,6,3363_jpg.rf.a98a923f0f48c9dcfad5bcf69c812633.jpg,300,300,269,175
Helmet,276,167,13,12,3363_jpg.rf.a98a923f0f48c9dcfad5bcf69c812633.jpg,300,300,289,179
Helmet,251,205,8,14,3363_jpg.rf.a98a923f0f48c9dcfad5bcf69c812633.jpg,300,300,259,219
Helmet,237,209,9,13,3363_jpg.rf.a98a923f0f48c9dcfad5bcf69c812633.jpg,300,300,246,222
Helmet,155,196,5,5,3363_jpg.rf.a98a923f0f48c9dcfad5bcf69c812633.jpg,300,300,160,201
Helmet,93,178,9,16,3363_jpg.rf.a98a923f0f48c9dcfad5bcf69c812633.jpg,300,300,102,194
Helmet,99,237,9,12,3363_jpg.rf.a98a923f0f48c9dcfad5bcf69c812633.jpg,300,300,108,249
Helmet,78,227,7,7,3363_jpg.rf.a98a923f0f48c9dcfad5bcf69c812633.jpg,300,300,85,234
Helmet,70,239,8,9,3363_jpg.rf.a98a923f0f48c9dcfad5bcf69c812633.jpg,300,300,78,248
Helmet,49,211,12,23,3363_jpg.rf.a98a923f0f48c9dcfad5bcf69c812633.jpg,300,300,61,234
Helmet,31,155,5,7,3363_jpg.rf.a98a923f0f48c9dcfad5bcf69c812633.jpg,300,300,36,162
Helmet,4,174,8,9,3363_jpg.rf.a98a923f0f48c9dcfad5bcf69c812633.jpg,300,300,12,183
Helmet,51,153,5,5,3363_jpg.rf.a98a923f0f48c9dcfad5bcf69c812633.jpg,300,300,56,158
Helmet,239,183,4,5,3363_jpg.rf.a98a923f0f48c9dcfad5bcf69c812633.jpg,300,300,243,188
Helmet,268,183,6,8,3363_jpg.rf.a98a923f0f48c9dcfad5bcf69c812633.jpg,300,300,274,191
Helmet,227,183,6,4,3363_jpg.rf.a98a923f0f48c9dcfad5bcf69c812633.jpg,300,300,233,187
Helmet,84,180,7,8,3363_jpg.rf.a98a923f0f48c9dcfad5bcf69c812633.jpg,300,300,91,188
Helmet,173,17,58,58,3370_jpg.rf.8f52bbd093be5e51b0431b38996c4978.jpg,300,300,231,75
Helmet,52,168,12,14,3370_jpg.rf.8f52bbd093be5e51b0431b38996c4978.jpg,300,300,64,182
Helmet,60,249,12,14,3370_jpg.rf.8f52bbd093be5e51b0431b38996c4978.jpg,300,300,72,263
Helmet,5,240,13,18,3370_jpg.rf.8f52bbd093be5e51b0431b38996c4978.jpg,300,300,18,258
None,37,174,7,13,3374_jpg.rf.6ae784b0b0e041409edcfa2ecaf58e0c.jpg,300,300,44,187
None,99,151,9,20,3374_jpg.rf.6ae784b0b0e041409edcfa2ecaf58e0c.jpg,300,300,108,171
None,76,180,7,10,3374_jpg.rf.6ae784b0b0e041409edcfa2ecaf58e0c.jpg,300,300,83,190
None,13,170,7,11,3374_jpg.rf.6ae784b0b0e041409edcfa2ecaf58e0c.jpg,300,300,20,181
Mask,243,126,9,5,3378_jpg.rf.d618c2a15b3fc727f090166f1a075e5e.jpg,300,300,252,131
Mask,190,132,7,7,3378_jpg.rf.d618c2a15b3fc727f090166f1a075e5e.jpg,300,300,197,139
Mask,129,119,8,10,3378_jpg.rf.d618c2a15b3fc727f090166f1a075e5e.jpg,300,300,137,129
Mask,47,125,12,12,3378_jpg.rf.d618c2a15b3fc727f090166f1a075e5e.jpg,300,300,59,137
Helmet,43,111,21,13,3378_jpg.rf.d618c2a15b3fc727f090166f1a075e5e.jpg,300,300,64,124
Helmet,126,107,16,12,3378_jpg.rf.d618c2a15b3fc727f090166f1a075e5e.jpg,300,300,142,119
Helmet,188,120,12,13,3378_jpg.rf.d618c2a15b3fc727f090166f1a075e5e.jpg,300,300,200,133
Helmet,241,114,13,12,3378_jpg.rf.d618c2a15b3fc727f090166f1a075e5e.jpg,300,300,254,126
None,37,30,40,108,3379_jpg.rf.64584298bede91f645880da0729e7783.jpg,300,300,77,138
Helmet,56,196,8,8,3380_jpg.rf.5adbf39ec2d58d88a0fe32ae8fa06682.jpg,300,300,64,204
Helmet,102,206,6,5,3380_jpg.rf.5adbf39ec2d58d88a0fe32ae8fa06682.jpg,300,300,108,211
Helmet,190,140,13,12,3380_jpg.rf.5adbf39ec2d58d88a0fe32ae8fa06682.jpg,300,300,203,152
Helmet,241,153,8,8,3380_jpg.rf.5adbf39ec2d58d88a0fe32ae8fa06682.jpg,300,300,249,161
None,118,89,13,29,3387_jpg.rf.2b2b3ce4246eda245709e4c0eb8fb3bd.jpg,300,300,131,118
None,217,125,12,23,3388_jpg.rf.f7fc2e963c0330aea5d77cfbfe8a5e36.jpg,300,300,229,148
None,270,142,15,20,3388_jpg.rf.f7fc2e963c0330aea5d77cfbfe8a5e36.jpg,300,300,285,162
Helmet,129,97,21,20,3390_jpg.rf.1a6d7855a3cbd06625b0474d5ff956f4.jpg,300,300,150,117
Helmet,216,37,37,23,3390_jpg.rf.1a6d7855a3cbd06625b0474d5ff956f4.jpg,300,300,253,60
Helmet,265,71,17,16,3390_jpg.rf.1a6d7855a3cbd06625b0474d5ff956f4.jpg,300,300,282,87
Helmet,193,91,15,19,3390_jpg.rf.1a6d7855a3cbd06625b0474d5ff956f4.jpg,300,300,208,110
Helmet,164,103,12,15,3390_jpg.rf.1a6d7855a3cbd06625b0474d5ff956f4.jpg,300,300,176,118
Helmet,119,107,13,15,3390_jpg.rf.1a6d7855a3cbd06625b0474d5ff956f4.jpg,300,300,132,122
Helmet,101,80,16,20,3390_jpg.rf.1a6d7855a3cbd06625b0474d5ff956f4.jpg,300,300,117,100
Helmet,61,63,28,24,3390_jpg.rf.1a6d7855a3cbd06625b0474d5ff956f4.jpg,300,300,89,87
Helmet,13,31,33,23,3390_jpg.rf.1a6d7855a3cbd06625b0474d5ff956f4.jpg,300,300,46,54
Helmet,1,43,14,21,3390_jpg.rf.1a6d7855a3cbd06625b0474d5ff956f4.jpg,300,300,15,64
Mask,111,102,12,10,3393_jpg.rf.a67e0f76fd86cef77f22f8f631f0e7b9.jpg,300,300,123,112
Mask,178,102,5,6,3393_jpg.rf.a67e0f76fd86cef77f22f8f631f0e7b9.jpg,300,300,183,108
Mask,152,94,9,13,3393_jpg.rf.a67e0f76fd86cef77f22f8f631f0e7b9.jpg,300,300,161,107
None,72,65,12,31,3393_jpg.rf.a67e0f76fd86cef77f22f8f631f0e7b9.jpg,300,300,84,96
Helmet,61,85,12,16,3393_jpg.rf.a67e0f76fd86cef77f22f8f631f0e7b9.jpg,300,300,73,101
Helmet,99,78,9,18,3393_jpg.rf.a67e0f76fd86cef77f22f8f631f0e7b9.jpg,300,300,108,96
Helmet,111,85,12,16,3393_jpg.rf.a67e0f76fd86cef77f22f8f631f0e7b9.jpg,300,300,123,101
Helmet,142,79,16,21,3393_jpg.rf.a67e0f76fd86cef77f22f8f631f0e7b9.jpg,300,300,158,100
Helmet,167,87,14,22,3393_jpg.rf.a67e0f76fd86cef77f22f8f631f0e7b9.jpg,300,300,181,109
Helmet,187,76,16,22,3393_jpg.rf.a67e0f76fd86cef77f22f8f631f0e7b9.jpg,300,300,203,98
Helmet,234,70,23,19,3393_jpg.rf.a67e0f76fd86cef77f22f8f631f0e7b9.jpg,300,300,257,89
Helmet,81,151,12,9,3395_jpg.rf.e11933d37f9794f23b4f2d93c2bff781.jpg,300,300,93,160
Helmet,164,176,9,13,3395_jpg.rf.e11933d37f9794f23b4f2d93c2bff781.jpg,300,300,173,189
Helmet,235,161,10,10,3395_jpg.rf.e11933d37f9794f23b4f2d93c2bff781.jpg,300,300,245,171
Helmet,214,130,10,7,3395_jpg.rf.e11933d37f9794f23b4f2d93c2bff781.jpg,300,300,224,137
Helmet,163,147,9,10,3396_jpg.rf.2699f676844e0d5f7e721a1ca491cb65.jpg,300,300,172,157
Helmet,176,134,8,11,3396_jpg.rf.2699f676844e0d5f7e721a1ca491cb65.jpg,300,300,184,145
Helmet,188,130,8,14,3396_jpg.rf.2699f676844e0d5f7e721a1ca491cb65.jpg,300,300,196,144
Helmet,204,114,12,15,3396_jpg.rf.2699f676844e0d5f7e721a1ca491cb65.jpg,300,300,216,129
Helmet,141,117,13,12,3396_jpg.rf.2699f676844e0d5f7e721a1ca491cb65.jpg,300,300,154,129
Helmet,136,124,8,10,3396_jpg.rf.2699f676844e0d5f7e721a1ca491cb65.jpg,300,300,144,134
Helmet,99,113,13,13,3396_jpg.rf.2699f676844e0d5f7e721a1ca491cb65.jpg,300,300,112,126
Helmet,84,135,14,13,3396_jpg.rf.2699f676844e0d5f7e721a1ca491cb65.jpg,300,300,98,148
Helmet,123,147,7,8,3396_jpg.rf.2699f676844e0d5f7e721a1ca491cb65.jpg,300,300,130,155
Helmet,69,74,38,27,3400_jpg.rf.583cb392b03dd5ce8e3fab0ece5b2ad0.jpg,300,300,107,101
Helmet,147,94,28,43,3400_jpg.rf.583cb392b03dd5ce8e3fab0ece5b2ad0.jpg,300,300,175,137
Helmet,183,73,36,43,3400_jpg.rf.583cb392b03dd5ce8e3fab0ece5b2ad0.jpg,300,300,219,116
None,211,171,33,33,3411_jpg.rf.aad040c29c0dcec87ab097d4ed727ed3.jpg,300,300,244,204
Helmet,207,51,7,8,3413_jpg.rf.217e67abc1136e8ccbe54f61a89c2d9b.jpg,300,300,214,59
Helmet,255,53,7,8,3413_jpg.rf.217e67abc1136e8ccbe54f61a89c2d9b.jpg,300,300,262,61
Helmet,206,134,28,23,3413_jpg.rf.217e67abc1136e8ccbe54f61a89c2d9b.jpg,300,300,234,157
Mask,156,135,5,5,3413_jpg.rf.217e67abc1136e8ccbe54f61a89c2d9b.jpg,300,300,161,140
Helmet,112,121,7,6,3413_jpg.rf.217e67abc1136e8ccbe54f61a89c2d9b.jpg,300,300,119,127
Helmet,90,133,10,13,3413_jpg.rf.217e67abc1136e8ccbe54f61a89c2d9b.jpg,300,300,100,146
Mask,94,145,8,9,3413_jpg.rf.217e67abc1136e8ccbe54f61a89c2d9b.jpg,300,300,102,154
Helmet,58,122,7,7,3413_jpg.rf.217e67abc1136e8ccbe54f61a89c2d9b.jpg,300,300,65,129
Helmet,31,101,26,18,3413_jpg.rf.217e67abc1136e8ccbe54f61a89c2d9b.jpg,300,300,57,119
None,120,93,6,14,3417_jpg.rf.3f2f4f446b6225be1c85f15a833c8e96.jpg,300,300,126,107
Helmet,193,83,14,16,3417_jpg.rf.3f2f4f446b6225be1c85f15a833c8e96.jpg,300,300,207,99
Helmet,139,91,11,13,3417_jpg.rf.3f2f4f446b6225be1c85f15a833c8e96.jpg,300,300,150,104
Helmet,31,52,10,15,3423_jpg.rf.5e722767cea6b9fd8f985b5830d622ce.jpg,300,300,41,67
Helmet,14,42,20,20,3423_jpg.rf.5e722767cea6b9fd8f985b5830d622ce.jpg,300,300,34,62
Helmet,53,47,16,24,3423_jpg.rf.5e722767cea6b9fd8f985b5830d622ce.jpg,300,300,69,71
Helmet,66,43,7,18,3423_jpg.rf.5e722767cea6b9fd8f985b5830d622ce.jpg,300,300,73,61
Helmet,70,40,20,25,3423_jpg.rf.5e722767cea6b9fd8f985b5830d622ce.jpg,300,300,90,65
Helmet,83,32,13,22,3423_jpg.rf.5e722767cea6b9fd8f985b5830d622ce.jpg,300,300,96,54
Helmet,101,44,13,15,3423_jpg.rf.5e722767cea6b9fd8f985b5830d622ce.jpg,300,300,114,59
Helmet,104,55,17,19,3423_jpg.rf.5e722767cea6b9fd8f985b5830d622ce.jpg,300,300,121,74
Helmet,115,53,13,18,3423_jpg.rf.5e722767cea6b9fd8f985b5830d622ce.jpg,300,300,128,71
Helmet,122,37,16,16,3423_jpg.rf.5e722767cea6b9fd8f985b5830d622ce.jpg,300,300,138,53
Helmet,138,47,18,16,3423_jpg.rf.5e722767cea6b9fd8f985b5830d622ce.jpg,300,300,156,63
Helmet,145,63,12,13,3423_jpg.rf.5e722767cea6b9fd8f985b5830d622ce.jpg,300,300,157,76
Helmet,155,62,26,24,3423_jpg.rf.5e722767cea6b9fd8f985b5830d622ce.jpg,300,300,181,86
Helmet,163,48,21,26,3423_jpg.rf.5e722767cea6b9fd8f985b5830d622ce.jpg,300,300,184,74
Helmet,186,49,12,16,3423_jpg.rf.5e722767cea6b9fd8f985b5830d622ce.jpg,300,300,198,65
None,187,56,18,35,3423_jpg.rf.5e722767cea6b9fd8f985b5830d622ce.jpg,300,300,205,91
None,204,45,14,32,3423_jpg.rf.5e722767cea6b9fd8f985b5830d622ce.jpg,300,300,218,77
Helmet,222,54,22,23,3423_jpg.rf.5e722767cea6b9fd8f985b5830d622ce.jpg,300,300,244,77
Helmet,245,54,11,25,3423_jpg.rf.5e722767cea6b9fd8f985b5830d622ce.jpg,300,300,256,79
Helmet,250,48,10,20,3423_jpg.rf.5e722767cea6b9fd8f985b5830d622ce.jpg,300,300,260,68
Helmet,293,63,7,10,3423_jpg.rf.5e722767cea6b9fd8f985b5830d622ce.jpg,300,300,300,73
Helmet,31,127,10,9,3445_jpg.rf.86b39cf5fa5dda8de09e94dad1f5c34b.jpg,300,300,41,136
Mask,29,137,5,8,3445_jpg.rf.86b39cf5fa5dda8de09e94dad1f5c34b.jpg,300,300,34,145
Mask,274,100,5,5,3445_jpg.rf.86b39cf5fa5dda8de09e94dad1f5c34b.jpg,300,300,279,105
Helmet,274,93,7,8,3445_jpg.rf.86b39cf5fa5dda8de09e94dad1f5c34b.jpg,300,300,281,101
Helmet,278,119,12,18,3445_jpg.rf.86b39cf5fa5dda8de09e94dad1f5c34b.jpg,300,300,290,137
Helmet,218,111,7,8,3445_jpg.rf.86b39cf5fa5dda8de09e94dad1f5c34b.jpg,300,300,225,119
Helmet,210,118,8,10,3445_jpg.rf.86b39cf5fa5dda8de09e94dad1f5c34b.jpg,300,300,218,128
Mask,208,139,8,8,3445_jpg.rf.86b39cf5fa5dda8de09e94dad1f5c34b.jpg,300,300,216,147
Helmet,208,129,8,6,3445_jpg.rf.86b39cf5fa5dda8de09e94dad1f5c34b.jpg,300,300,216,135
Helmet,199,120,12,12,3445_jpg.rf.86b39cf5fa5dda8de09e94dad1f5c34b.jpg,300,300,211,132
Helmet,190,112,6,11,3445_jpg.rf.86b39cf5fa5dda8de09e94dad1f5c34b.jpg,300,300,196,123
Helmet,211,106,10,12,3445_jpg.rf.86b39cf5fa5dda8de09e94dad1f5c34b.jpg,300,300,221,118
Helmet,176,127,9,11,3445_jpg.rf.86b39cf5fa5dda8de09e94dad1f5c34b.jpg,300,300,185,138
Helmet,163,139,13,17,3445_jpg.rf.86b39cf5fa5dda8de09e94dad1f5c34b.jpg,300,300,176,156
Helmet,160,119,10,15,3445_jpg.rf.86b39cf5fa5dda8de09e94dad1f5c34b.jpg,300,300,170,134
Helmet,121,128,15,15,3445_jpg.rf.86b39cf5fa5dda8de09e94dad1f5c34b.jpg,300,300,136,143
Helmet,102,131,15,18,3445_jpg.rf.86b39cf5fa5dda8de09e94dad1f5c34b.jpg,300,300,117,149
Helmet,83,134,12,14,3445_jpg.rf.86b39cf5fa5dda8de09e94dad1f5c34b.jpg,300,300,95,148
Helmet,59,132,15,12,3445_jpg.rf.86b39cf5fa5dda8de09e94dad1f5c34b.jpg,300,300,74,144
Helmet,21,122,13,17,3445_jpg.rf.86b39cf5fa5dda8de09e94dad1f5c34b.jpg,300,300,34,139
Helmet,7,139,12,17,3445_jpg.rf.86b39cf5fa5dda8de09e94dad1f5c34b.jpg,300,300,19,156
Helmet,36,53,10,17,3449_jpg.rf.ece5770a83bbeb5e93f912659bb752e4.jpg,300,300,46,70
Helmet,2,89,16,23,3449_jpg.rf.ece5770a83bbeb5e93f912659bb752e4.jpg,300,300,18,112
Helmet,121,115,17,26,3449_jpg.rf.ece5770a83bbeb5e93f912659bb752e4.jpg,300,300,138,141
Helmet,248,181,17,31,3449_jpg.rf.ece5770a83bbeb5e93f912659bb752e4.jpg,300,300,265,212
Helmet,282,275,18,21,3449_jpg.rf.ece5770a83bbeb5e93f912659bb752e4.jpg,300,300,300,296
Helmet,193,41,13,13,3449_jpg.rf.ece5770a83bbeb5e93f912659bb752e4.jpg,300,300,206,54
Helmet,160,140,16,28,3451_jpg.rf.170c058359494953907409a5bc9e7b46.jpg,300,300,176,168
Helmet,211,178,17,27,3451_jpg.rf.170c058359494953907409a5bc9e7b46.jpg,300,300,228,205
Helmet,182,0,25,13,3452_jpg.rf.2a0e211c3509953952fba6d2d7785fd5.jpg,300,300,207,13
Helmet,191,43,30,74,3452_jpg.rf.2a0e211c3509953952fba6d2d7785fd5.jpg,300,300,221,117
Helmet,114,46,25,60,3452_jpg.rf.2a0e211c3509953952fba6d2d7785fd5.jpg,300,300,139,106
Helmet,119,109,21,38,3452_jpg.rf.2a0e211c3509953952fba6d2d7785fd5.jpg,300,300,140,147
None,103,69,25,35,3456_jpg.rf.7cc194585c954bd5440b689dac86a648.jpg,300,300,128,104
None,182,69,30,43,3456_jpg.rf.7cc194585c954bd5440b689dac86a648.jpg,300,300,212,112
Helmet,0,0,25,8,3457_jpg.rf.6bbb27267f498acac13f0fa7e8c76c02.jpg,300,300,25,8
Helmet,21,0,24,21,3457_jpg.rf.6bbb27267f498acac13f0fa7e8c76c02.jpg,300,300,45,21
Helmet,22,10,27,29,3457_jpg.rf.6bbb27267f498acac13f0fa7e8c76c02.jpg,300,300,49,39
Helmet,117,0,23,12,3457_jpg.rf.6bbb27267f498acac13f0fa7e8c76c02.jpg,300,300,140,12
Helmet,175,0,22,22,3457_jpg.rf.6bbb27267f498acac13f0fa7e8c76c02.jpg,300,300,197,22
Helmet,193,5,16,29,3457_jpg.rf.6bbb27267f498acac13f0fa7e8c76c02.jpg,300,300,209,34
Helmet,210,8,23,26,3457_jpg.rf.6bbb27267f498acac13f0fa7e8c76c02.jpg,300,300,233,34
Helmet,243,0,16,18,3457_jpg.rf.6bbb27267f498acac13f0fa7e8c76c02.jpg,300,300,259,18
Helmet,246,15,26,35,3457_jpg.rf.6bbb27267f498acac13f0fa7e8c76c02.jpg,300,300,272,50
Helmet,258,0,24,28,3457_jpg.rf.6bbb27267f498acac13f0fa7e8c76c02.jpg,300,300,282,28
Helmet,285,8,15,30,3457_jpg.rf.6bbb27267f498acac13f0fa7e8c76c02.jpg,300,300,300,38
Helmet,289,58,11,31,3457_jpg.rf.6bbb27267f498acac13f0fa7e8c76c02.jpg,300,300,300,89
Helmet,259,59,25,31,3457_jpg.rf.6bbb27267f498acac13f0fa7e8c76c02.jpg,300,300,284,90
Helmet,279,134,21,35,3457_jpg.rf.6bbb27267f498acac13f0fa7e8c76c02.jpg,300,300,300,169
Helmet,223,67,21,33,3457_jpg.rf.6bbb27267f498acac13f0fa7e8c76c02.jpg,300,300,244,100
Helmet,210,72,24,33,3457_jpg.rf.6bbb27267f498acac13f0fa7e8c76c02.jpg,300,300,234,105
Helmet,154,34,26,25,3457_jpg.rf.6bbb27267f498acac13f0fa7e8c76c02.jpg,300,300,180,59
Helmet,127,20,21,29,3457_jpg.rf.6bbb27267f498acac13f0fa7e8c76c02.jpg,300,300,148,49
Helmet,89,35,23,27,3457_jpg.rf.6bbb27267f498acac13f0fa7e8c76c02.jpg,300,300,112,62
Helmet,62,44,23,29,3457_jpg.rf.6bbb27267f498acac13f0fa7e8c76c02.jpg,300,300,85,73
Helmet,41,68,18,29,3457_jpg.rf.6bbb27267f498acac13f0fa7e8c76c02.jpg,300,300,59,97
Helmet,23,70,22,29,3457_jpg.rf.6bbb27267f498acac13f0fa7e8c76c02.jpg,300,300,45,99
Helmet,0,105,6,36,3457_jpg.rf.6bbb27267f498acac13f0fa7e8c76c02.jpg,300,300,6,141
Helmet,0,137,5,23,3457_jpg.rf.6bbb27267f498acac13f0fa7e8c76c02.jpg,300,300,5,160
Helmet,12,97,20,43,3457_jpg.rf.6bbb27267f498acac13f0fa7e8c76c02.jpg,300,300,32,140
Helmet,28,118,30,33,3457_jpg.rf.6bbb27267f498acac13f0fa7e8c76c02.jpg,300,300,58,151
Helmet,49,112,26,29,3457_jpg.rf.6bbb27267f498acac13f0fa7e8c76c02.jpg,300,300,75,141
Helmet,70,80,28,35,3457_jpg.rf.6bbb27267f498acac13f0fa7e8c76c02.jpg,300,300,98,115
Helmet,87,59,29,28,3457_jpg.rf.6bbb27267f498acac13f0fa7e8c76c02.jpg,300,300,116,87
Helmet,116,58,32,37,3457_jpg.rf.6bbb27267f498acac13f0fa7e8c76c02.jpg,300,300,148,95
Helmet,148,78,28,41,3457_jpg.rf.6bbb27267f498acac13f0fa7e8c76c02.jpg,300,300,176,119
Helmet,153,66,25,26,3457_jpg.rf.6bbb27267f498acac13f0fa7e8c76c02.jpg,300,300,178,92
Helmet,183,63,22,33,3457_jpg.rf.6bbb27267f498acac13f0fa7e8c76c02.jpg,300,300,205,96
Helmet,227,137,26,38,3457_jpg.rf.6bbb27267f498acac13f0fa7e8c76c02.jpg,300,300,253,175
Helmet,135,112,34,37,3457_jpg.rf.6bbb27267f498acac13f0fa7e8c76c02.jpg,300,300,169,149
Helmet,162,149,28,37,3457_jpg.rf.6bbb27267f498acac13f0fa7e8c76c02.jpg,300,300,190,186
Helmet,190,173,27,44,3457_jpg.rf.6bbb27267f498acac13f0fa7e8c76c02.jpg,300,300,217,217
Helmet,93,106,27,33,3457_jpg.rf.6bbb27267f498acac13f0fa7e8c76c02.jpg,300,300,120,139
Helmet,117,117,15,22,3457_jpg.rf.6bbb27267f498acac13f0fa7e8c76c02.jpg,300,300,132,139
Helmet,109,134,27,36,3457_jpg.rf.6bbb27267f498acac13f0fa7e8c76c02.jpg,300,300,136,170
Helmet,59,137,30,39,3457_jpg.rf.6bbb27267f498acac13f0fa7e8c76c02.jpg,300,300,89,176
Helmet,36,178,32,38,3457_jpg.rf.6bbb27267f498acac13f0fa7e8c76c02.jpg,300,300,68,216
Helmet,0,175,26,40,3457_jpg.rf.6bbb27267f498acac13f0fa7e8c76c02.jpg,300,300,26,215
Helmet,93,186,36,45,3457_jpg.rf.6bbb27267f498acac13f0fa7e8c76c02.jpg,300,300,129,231
Helmet,113,217,35,38,3457_jpg.rf.6bbb27267f498acac13f0fa7e8c76c02.jpg,300,300,148,255
Helmet,280,267,20,33,3457_jpg.rf.6bbb27267f498acac13f0fa7e8c76c02.jpg,300,300,300,300
Helmet,261,81,15,17,3459_jpg.rf.52b3da2863dfdef715f95cf98b3751a1.jpg,300,300,276,98
Helmet,150,51,24,29,3459_jpg.rf.52b3da2863dfdef715f95cf98b3751a1.jpg,300,300,174,80
Helmet,5,140,8,10,3460_jpg.rf.abd835e024c1fe9961646483ced6f05a.jpg,300,300,13,150
Helmet,264,108,8,7,3460_jpg.rf.abd835e024c1fe9961646483ced6f05a.jpg,300,300,272,115
Helmet,275,90,7,7,3460_jpg.rf.abd835e024c1fe9961646483ced6f05a.jpg,300,300,282,97
Helmet,132,59,7,8,3460_jpg.rf.abd835e024c1fe9961646483ced6f05a.jpg,300,300,139,67
Helmet,78,70,9,11,3460_jpg.rf.abd835e024c1fe9961646483ced6f05a.jpg,300,300,87,81
Helmet,58,113,9,10,3460_jpg.rf.abd835e024c1fe9961646483ced6f05a.jpg,300,300,67,123
Helmet,33,118,10,5,3460_jpg.rf.abd835e024c1fe9961646483ced6f05a.jpg,300,300,43,123
Mask,35,125,4,5,3460_jpg.rf.abd835e024c1fe9961646483ced6f05a.jpg,300,300,39,130
Helmet,157,105,13,12,3460_jpg.rf.abd835e024c1fe9961646483ced6f05a.jpg,300,300,170,117
Helmet,123,126,8,10,3460_jpg.rf.abd835e024c1fe9961646483ced6f05a.jpg,300,300,131,136
Helmet,111,126,8,8,3460_jpg.rf.abd835e024c1fe9961646483ced6f05a.jpg,300,300,119,134
Mask,111,137,9,6,3460_jpg.rf.abd835e024c1fe9961646483ced6f05a.jpg,300,300,120,143
Helmet,95,122,10,12,3460_jpg.rf.abd835e024c1fe9961646483ced6f05a.jpg,300,300,105,134
Helmet,90,131,6,8,3460_jpg.rf.abd835e024c1fe9961646483ced6f05a.jpg,300,300,96,139
Helmet,82,129,8,11,3460_jpg.rf.abd835e024c1fe9961646483ced6f05a.jpg,300,300,90,140
Helmet,67,142,9,10,3460_jpg.rf.abd835e024c1fe9961646483ced6f05a.jpg,300,300,76,152
Helmet,8,209,9,10,3460_jpg.rf.abd835e024c1fe9961646483ced6f05a.jpg,300,300,17,219
Helmet,11,293,12,7,3460_jpg.rf.abd835e024c1fe9961646483ced6f05a.jpg,300,300,23,300
Helmet,124,30,13,16,3462_jpg.rf.849b278ee42f9de154737fb77fe09251.jpg,300,300,137,46
Helmet,134,15,15,21,3462_jpg.rf.849b278ee42f9de154737fb77fe09251.jpg,300,300,149,36
Helmet,146,31,17,18,3462_jpg.rf.849b278ee42f9de154737fb77fe09251.jpg,300,300,163,49
Helmet,160,32,26,25,3462_jpg.rf.849b278ee42f9de154737fb77fe09251.jpg,300,300,186,57
Helmet,192,26,26,31,3462_jpg.rf.849b278ee42f9de154737fb77fe09251.jpg,300,300,218,57
Helmet,216,28,25,26,3462_jpg.rf.849b278ee42f9de154737fb77fe09251.jpg,300,300,241,54
Helmet,104,28,14,17,3462_jpg.rf.849b278ee42f9de154737fb77fe09251.jpg,300,300,118,45
Helmet,66,16,14,19,3462_jpg.rf.849b278ee42f9de154737fb77fe09251.jpg,300,300,80,35
Helmet,43,13,23,24,3462_jpg.rf.849b278ee42f9de154737fb77fe09251.jpg,300,300,66,37
None,87,38,7,10,3462_jpg.rf.849b278ee42f9de154737fb77fe09251.jpg,300,300,94,48
None,251,120,15,23,3465_jpg.rf.95f28793aa1a3ad9b3875c131063bbf8.jpg,300,300,266,143
None,266,114,11,16,3465_jpg.rf.95f28793aa1a3ad9b3875c131063bbf8.jpg,300,300,277,130
None,264,132,13,19,3465_jpg.rf.95f28793aa1a3ad9b3875c131063bbf8.jpg,300,300,277,151
None,227,115,9,19,3465_jpg.rf.95f28793aa1a3ad9b3875c131063bbf8.jpg,300,300,236,134
None,179,112,14,22,3465_jpg.rf.95f28793aa1a3ad9b3875c131063bbf8.jpg,300,300,193,134
None,140,114,17,25,3465_jpg.rf.95f28793aa1a3ad9b3875c131063bbf8.jpg,300,300,157,139
None,120,121,15,23,3465_jpg.rf.95f28793aa1a3ad9b3875c131063bbf8.jpg,300,300,135,144
None,73,114,12,19,3465_jpg.rf.95f28793aa1a3ad9b3875c131063bbf8.jpg,300,300,85,133
None,68,124,8,12,3465_jpg.rf.95f28793aa1a3ad9b3875c131063bbf8.jpg,300,300,76,136
None,36,111,13,22,3465_jpg.rf.95f28793aa1a3ad9b3875c131063bbf8.jpg,300,300,49,133
Helmet,10,73,11,17,3465_jpg.rf.95f28793aa1a3ad9b3875c131063bbf8.jpg,300,300,21,90
Helmet,140,28,52,57,3474_jpg.rf.859a954cc12327362dde22e03dbf22f0.jpg,300,300,192,85
Helmet,123,110,21,25,3474_jpg.rf.859a954cc12327362dde22e03dbf22f0.jpg,300,300,144,135
Helmet,52,102,26,31,3474_jpg.rf.859a954cc12327362dde22e03dbf22f0.jpg,300,300,78,133
None,132,154,13,17,3476_jpg.rf.c50e65a41d89b329b89751927e39b72e.jpg,300,300,145,171
None,93,153,10,16,3476_jpg.rf.c50e65a41d89b329b89751927e39b72e.jpg,300,300,103,169
None,51,158,10,16,3476_jpg.rf.c50e65a41d89b329b89751927e39b72e.jpg,300,300,61,174
Helmet,90,168,11,21,3477_jpg.rf.67a20892fc1e427795c88e1f3ecb71cd.jpg,300,300,101,189
Helmet,66,110,13,15,3477_jpg.rf.67a20892fc1e427795c88e1f3ecb71cd.jpg,300,300,79,125
Helmet,32,111,15,16,3477_jpg.rf.67a20892fc1e427795c88e1f3ecb71cd.jpg,300,300,47,127
Helmet,182,0,33,13,3478_jpg.rf.ebdf621de3377900ab42c69317d4ba4a.jpg,300,300,215,13
Helmet,189,45,33,69,3478_jpg.rf.ebdf621de3377900ab42c69317d4ba4a.jpg,300,300,222,114
Helmet,112,47,25,62,3478_jpg.rf.ebdf621de3377900ab42c69317d4ba4a.jpg,300,300,137,109
Helmet,119,108,21,31,3478_jpg.rf.ebdf621de3377900ab42c69317d4ba4a.jpg,300,300,140,139
Helmet,168,155,8,18,3481_jpg.rf.0311234612dff42bfd4e5e5fa1e5d1ba.jpg,300,300,176,173
Helmet,246,125,10,17,3481_jpg.rf.0311234612dff42bfd4e5e5fa1e5d1ba.jpg,300,300,256,142
Helmet,209,115,14,13,3481_jpg.rf.0311234612dff42bfd4e5e5fa1e5d1ba.jpg,300,300,223,128
Helmet,163,139,12,12,3481_jpg.rf.0311234612dff42bfd4e5e5fa1e5d1ba.jpg,300,300,175,151
Helmet,91,141,14,13,3481_jpg.rf.0311234612dff42bfd4e5e5fa1e5d1ba.jpg,300,300,105,154
Helmet,75,164,10,13,3481_jpg.rf.0311234612dff42bfd4e5e5fa1e5d1ba.jpg,300,300,85,177
None,155,91,17,29,3484_jpg.rf.2d61791fd861825460350217d73b8198.jpg,300,300,172,120
None,195,86,16,30,3484_jpg.rf.2d61791fd861825460350217d73b8198.jpg,300,300,211,116
None,56,123,17,29,3484_jpg.rf.2d61791fd861825460350217d73b8198.jpg,300,300,73,152
Helmet,189,82,35,22,3489_jpg.rf.4d87cbfe846d52beeba920f12b602582.jpg,300,300,224,104
Helmet,41,88,26,41,3489_jpg.rf.4d87cbfe846d52beeba920f12b602582.jpg,300,300,67,129
Helmet,103,69,10,25,3489_jpg.rf.4d87cbfe846d52beeba920f12b602582.jpg,300,300,113,94
Helmet,208,0,92,47,3492_jpg.rf.3fe9a215bc8ea9a5a20b9bcd22548fed.jpg,300,300,300,47
Helmet,188,47,35,28,3492_jpg.rf.3fe9a215bc8ea9a5a20b9bcd22548fed.jpg,300,300,223,75
Helmet,171,51,22,29,3492_jpg.rf.3fe9a215bc8ea9a5a20b9bcd22548fed.jpg,300,300,193,80
Helmet,118,65,25,28,3492_jpg.rf.3fe9a215bc8ea9a5a20b9bcd22548fed.jpg,300,300,143,93
Helmet,67,82,31,32,3492_jpg.rf.3fe9a215bc8ea9a5a20b9bcd22548fed.jpg,300,300,98,114
Helmet,27,104,33,33,3492_jpg.rf.3fe9a215bc8ea9a5a20b9bcd22548fed.jpg,300,300,60,137
Helmet,0,0,44,48,3492_jpg.rf.3fe9a215bc8ea9a5a20b9bcd22548fed.jpg,300,300,44,48
None,165,94,11,23,3500_jpg.rf.f077ae044415a570ebbb11accec0076e.jpg,300,300,176,117
None,291,13,9,31,3500_jpg.rf.f077ae044415a570ebbb11accec0076e.jpg,300,300,300,44
None,51,55,8,11,3500_jpg.rf.f077ae044415a570ebbb11accec0076e.jpg,300,300,59,66
Helmet,156,45,9,11,3500_jpg.rf.f077ae044415a570ebbb11accec0076e.jpg,300,300,165,56
Helmet,171,48,6,11,3500_jpg.rf.f077ae044415a570ebbb11accec0076e.jpg,300,300,177,59
Helmet,129,24,18,31,3502_jpg.rf.3b01eed9ca8e67c445e1a30c5a3d2f70.jpg,300,300,147,55
Helmet,104,43,20,30,3502_jpg.rf.3b01eed9ca8e67c445e1a30c5a3d2f70.jpg,300,300,124,73
Helmet,94,36,13,23,3502_jpg.rf.3b01eed9ca8e67c445e1a30c5a3d2f70.jpg,300,300,107,59
Helmet,68,43,22,34,3502_jpg.rf.3b01eed9ca8e67c445e1a30c5a3d2f70.jpg,300,300,90,77
Helmet,54,54,18,61,3502_jpg.rf.3b01eed9ca8e67c445e1a30c5a3d2f70.jpg,300,300,72,115
Helmet,66,81,35,53,3502_jpg.rf.3b01eed9ca8e67c445e1a30c5a3d2f70.jpg,300,300,101,134
Helmet,103,66,49,85,3502_jpg.rf.3b01eed9ca8e67c445e1a30c5a3d2f70.jpg,300,300,152,151
Helmet,163,21,85,179,3502_jpg.rf.3b01eed9ca8e67c445e1a30c5a3d2f70.jpg,300,300,248,200
Mask,134,39,17,25,3506_jpg.rf.5bf8a7c55063e74eb97a2e7cbf58d280.jpg,300,300,151,64
Mask,215,67,15,18,3506_jpg.rf.5bf8a7c55063e74eb97a2e7cbf58d280.jpg,300,300,230,85
Mask,202,196,14,19,3506_jpg.rf.5bf8a7c55063e74eb97a2e7cbf58d280.jpg,300,300,216,215
Mask,82,53,13,21,3506_jpg.rf.5bf8a7c55063e74eb97a2e7cbf58d280.jpg,300,300,95,74
Helmet,79,23,23,25,3506_jpg.rf.5bf8a7c55063e74eb97a2e7cbf58d280.jpg,300,300,102,48
Helmet,208,31,26,39,3506_jpg.rf.5bf8a7c55063e74eb97a2e7cbf58d280.jpg,300,300,234,70
Helmet,135,10,23,37,3506_jpg.rf.5bf8a7c55063e74eb97a2e7cbf58d280.jpg,300,300,158,47
Helmet,195,164,23,35,3506_jpg.rf.5bf8a7c55063e74eb97a2e7cbf58d280.jpg,300,300,218,199
Helmet,45,132,23,26,3506_jpg.rf.5bf8a7c55063e74eb97a2e7cbf58d280.jpg,300,300,68,158
Helmet,63,45,7,10,3508_jpg.rf.548b5a0ddd6b84642ab4309fefa92bf7.jpg,300,300,70,55
Helmet,21,212,8,10,3508_jpg.rf.548b5a0ddd6b84642ab4309fefa92bf7.jpg,300,300,29,222
Helmet,49,84,6,8,3508_jpg.rf.548b5a0ddd6b84642ab4309fefa92bf7.jpg,300,300,55,92
None,150,110,7,12,3508_jpg.rf.548b5a0ddd6b84642ab4309fefa92bf7.jpg,300,300,157,122
None,83,74,7,12,3508_jpg.rf.548b5a0ddd6b84642ab4309fefa92bf7.jpg,300,300,90,86
Helmet,80,43,26,21,3514_jpg.rf.15ad83ed79fcb09a77a33485883c0712.jpg,300,300,106,64
Helmet,125,49,19,19,3514_jpg.rf.15ad83ed79fcb09a77a33485883c0712.jpg,300,300,144,68
Helmet,115,148,9,10,3518_jpg.rf.08a488605dd886b796d69186be3cae5d.jpg,300,300,124,158
Helmet,137,154,8,10,3518_jpg.rf.08a488605dd886b796d69186be3cae5d.jpg,300,300,145,164
Helmet,184,50,57,53,3518_jpg.rf.08a488605dd886b796d69186be3cae5d.jpg,300,300,241,103
Mask,227,95,13,10,3520_jpg.rf.695edc83f31deef06f92bfbb4ea6946f.jpg,300,300,240,105
Mask,267,132,5,6,3520_jpg.rf.695edc83f31deef06f92bfbb4ea6946f.jpg,300,300,272,138
Mask,118,47,18,21,3520_jpg.rf.695edc83f31deef06f92bfbb4ea6946f.jpg,300,300,136,68
Mask,137,28,20,23,3520_jpg.rf.695edc83f31deef06f92bfbb4ea6946f.jpg,300,300,157,51
Helmet,289,124,8,7,3520_jpg.rf.695edc83f31deef06f92bfbb4ea6946f.jpg,300,300,297,131
Helmet,265,124,7,7,3520_jpg.rf.695edc83f31deef06f92bfbb4ea6946f.jpg,300,300,272,131
Helmet,227,79,13,16,3520_jpg.rf.695edc83f31deef06f92bfbb4ea6946f.jpg,300,300,240,95
Helmet,188,89,11,12,3520_jpg.rf.695edc83f31deef06f92bfbb4ea6946f.jpg,300,300,199,101
Helmet,136,2,24,28,3520_jpg.rf.695edc83f31deef06f92bfbb4ea6946f.jpg,300,300,160,30
Helmet,115,24,25,22,3520_jpg.rf.695edc83f31deef06f92bfbb4ea6946f.jpg,300,300,140,46
Helmet,75,44,22,21,3520_jpg.rf.695edc83f31deef06f92bfbb4ea6946f.jpg,300,300,97,65
Helmet,52,64,20,21,3520_jpg.rf.695edc83f31deef06f92bfbb4ea6946f.jpg,300,300,72,85
Helmet,24,21,20,15,3529_jpg.rf.71a762d2e6d527130c6399389afe75c0.jpg,300,300,44,36
Helmet,156,19,36,41,3529_jpg.rf.71a762d2e6d527130c6399389afe75c0.jpg,300,300,192,60
Helmet,89,24,29,28,3529_jpg.rf.71a762d2e6d527130c6399389afe75c0.jpg,300,300,118,52
Helmet,129,16,19,24,3529_jpg.rf.71a762d2e6d527130c6399389afe75c0.jpg,300,300,148,40
Helmet,31,51,12,18,3533_jpg.rf.dca619114969e4a91f922d2758be2f1b.jpg,300,300,43,69
Helmet,15,40,20,21,3533_jpg.rf.dca619114969e4a91f922d2758be2f1b.jpg,300,300,35,61
Helmet,65,44,10,18,3533_jpg.rf.dca619114969e4a91f922d2758be2f1b.jpg,300,300,75,62
Helmet,53,45,17,27,3533_jpg.rf.dca619114969e4a91f922d2758be2f1b.jpg,300,300,70,72
Helmet,84,31,13,25,3533_jpg.rf.dca619114969e4a91f922d2758be2f1b.jpg,300,300,97,56
Helmet,71,38,18,25,3533_jpg.rf.dca619114969e4a91f922d2758be2f1b.jpg,300,300,89,63
Helmet,101,44,14,17,3533_jpg.rf.dca619114969e4a91f922d2758be2f1b.jpg,300,300,115,61
Helmet,103,55,18,22,3533_jpg.rf.dca619114969e4a91f922d2758be2f1b.jpg,300,300,121,77
Helmet,116,53,9,18,3533_jpg.rf.dca619114969e4a91f922d2758be2f1b.jpg,300,300,125,71
Helmet,122,37,17,20,3533_jpg.rf.dca619114969e4a91f922d2758be2f1b.jpg,300,300,139,57
Helmet,140,44,17,19,3533_jpg.rf.dca619114969e4a91f922d2758be2f1b.jpg,300,300,157,63
Helmet,143,64,17,15,3533_jpg.rf.dca619114969e4a91f922d2758be2f1b.jpg,300,300,160,79
Helmet,156,62,24,28,3533_jpg.rf.dca619114969e4a91f922d2758be2f1b.jpg,300,300,180,90
Helmet,164,47,22,30,3533_jpg.rf.dca619114969e4a91f922d2758be2f1b.jpg,300,300,186,77
Helmet,183,49,20,18,3533_jpg.rf.dca619114969e4a91f922d2758be2f1b.jpg,300,300,203,67
None,187,56,17,36,3533_jpg.rf.dca619114969e4a91f922d2758be2f1b.jpg,300,300,204,92
None,203,44,13,32,3533_jpg.rf.dca619114969e4a91f922d2758be2f1b.jpg,300,300,216,76
Helmet,223,54,23,30,3533_jpg.rf.dca619114969e4a91f922d2758be2f1b.jpg,300,300,246,84
Helmet,250,50,10,15,3533_jpg.rf.dca619114969e4a91f922d2758be2f1b.jpg,300,300,260,65
Helmet,242,58,11,19,3533_jpg.rf.dca619114969e4a91f922d2758be2f1b.jpg,300,300,253,77
Helmet,292,59,8,15,3533_jpg.rf.dca619114969e4a91f922d2758be2f1b.jpg,300,300,300,74
Mask,125,59,14,18,3533_jpg.rf.dca619114969e4a91f922d2758be2f1b.jpg,300,300,139,77
Helmet,20,116,26,30,3541_jpg.rf.0a8cae4668d4d0485046ae4daf3df8ef.jpg,300,300,46,146
Helmet,180,0,69,35,3541_jpg.rf.0a8cae4668d4d0485046ae4daf3df8ef.jpg,300,300,249,35
Helmet,83,49,31,70,3542_jpg.rf.d6602ea903b982fbd9cd9971e824e671.jpg,300,300,114,119
Helmet,105,134,10,15,3544_jpg.rf.b2de70c3dccec0bbf175d3a2663d7b09.jpg,300,300,115,149
Helmet,115,137,11,12,3544_jpg.rf.b2de70c3dccec0bbf175d3a2663d7b09.jpg,300,300,126,149
Helmet,154,140,17,16,3544_jpg.rf.b2de70c3dccec0bbf175d3a2663d7b09.jpg,300,300,171,156
Helmet,293,45,7,19,3544_jpg.rf.b2de70c3dccec0bbf175d3a2663d7b09.jpg,300,300,300,64
Helmet,203,29,57,60,3545_jpg.rf.93e32b97de42054d2c452dbee713f353.jpg,300,300,260,89
Helmet,236,90,56,42,3545_jpg.rf.93e32b97de42054d2c452dbee713f353.jpg,300,300,292,132
Helmet,23,146,76,43,3545_jpg.rf.93e32b97de42054d2c452dbee713f353.jpg,300,300,99,189
Helmet,0,126,25,44,3545_jpg.rf.93e32b97de42054d2c452dbee713f353.jpg,300,300,25,170
Helmet,169,113,50,34,3545_jpg.rf.93e32b97de42054d2c452dbee713f353.jpg,300,300,219,147
Helmet,162,34,43,49,3546_jpg.rf.88d502adbafde3315efa3ea0f6e28a6d.jpg,300,300,205,83
Helmet,77,54,37,40,3546_jpg.rf.88d502adbafde3315efa3ea0f6e28a6d.jpg,300,300,114,94
Helmet,135,114,11,8,3546_jpg.rf.88d502adbafde3315efa3ea0f6e28a6d.jpg,300,300,146,122
Helmet,166,10,41,64,3547_jpg.rf.cf75f9c3b0072071aa47898b91b6f7de.jpg,300,300,207,74
Helmet,74,13,53,62,3547_jpg.rf.cf75f9c3b0072071aa47898b91b6f7de.jpg,300,300,127,75
Helmet,10,0,89,72,3547_jpg.rf.cf75f9c3b0072071aa47898b91b6f7de.jpg,300,300,99,72
Helmet,21,0,23,31,3548_jpg.rf.c5f1ae70cd833e8c7dcf0b081535fc36.jpg,300,300,44,31
Helmet,93,0,36,51,3548_jpg.rf.c5f1ae70cd833e8c7dcf0b081535fc36.jpg,300,300,129,51
None,154,89,18,33,3549_jpg.rf.40181d111e01295def20edbf382e57ff.jpg,300,300,172,122
None,195,84,20,34,3549_jpg.rf.40181d111e01295def20edbf382e57ff.jpg,300,300,215,118
None,54,123,17,28,3549_jpg.rf.40181d111e01295def20edbf382e57ff.jpg,300,300,71,151
None,132,119,9,14,3553_jpg.rf.652294dedb4cb19bb66faa621f5a9298.jpg,300,300,141,133
None,61,74,10,10,3553_jpg.rf.652294dedb4cb19bb66faa621f5a9298.jpg,300,300,71,84
Helmet,34,195,10,12,3558_jpg.rf.3375b895328fd3c20f57db45d48b5431.jpg,300,300,44,207
Helmet,6,198,11,14,3558_jpg.rf.3375b895328fd3c20f57db45d48b5431.jpg,300,300,17,212
Helmet,87,203,10,10,3558_jpg.rf.3375b895328fd3c20f57db45d48b5431.jpg,300,300,97,213
Helmet,89,127,12,13,3558_jpg.rf.3375b895328fd3c20f57db45d48b5431.jpg,300,300,101,140
Helmet,182,187,10,10,3558_jpg.rf.3375b895328fd3c20f57db45d48b5431.jpg,300,300,192,197
Helmet,162,132,10,15,3558_jpg.rf.3375b895328fd3c20f57db45d48b5431.jpg,300,300,172,147
Helmet,273,76,12,13,3558_jpg.rf.3375b895328fd3c20f57db45d48b5431.jpg,300,300,285,89
None,109,186,9,14,3558_jpg.rf.3375b895328fd3c20f57db45d48b5431.jpg,300,300,118,200
Helmet,114,204,8,13,3558_jpg.rf.3375b895328fd3c20f57db45d48b5431.jpg,300,300,122,217
None,191,83,9,16,3565_jpg.rf.1dcaa944a239635e5dee0ecd6521d3cd.jpg,300,300,200,99
None,239,105,7,10,3565_jpg.rf.1dcaa944a239635e5dee0ecd6521d3cd.jpg,300,300,246,115
None,113,209,10,12,3565_jpg.rf.1dcaa944a239635e5dee0ecd6521d3cd.jpg,300,300,123,221
Helmet,180,98,17,20,3566_jpg.rf.4cde8bced34770e6a8b821c45c0f2425.jpg,300,300,197,118
Helmet,262,147,13,14,3566_jpg.rf.4cde8bced34770e6a8b821c45c0f2425.jpg,300,300,275,161
Helmet,142,152,8,9,3567_jpg.rf.499906ffece747d03d5b089d205d6597.jpg,300,300,150,161
Mask,145,161,5,8,3567_jpg.rf.499906ffece747d03d5b089d205d6597.jpg,300,300,150,169
Helmet,265,157,11,13,3567_jpg.rf.499906ffece747d03d5b089d205d6597.jpg,300,300,276,170
Helmet,247,130,10,11,3567_jpg.rf.499906ffece747d03d5b089d205d6597.jpg,300,300,257,141
Helmet,193,141,5,9,3567_jpg.rf.499906ffece747d03d5b089d205d6597.jpg,300,300,198,150
Helmet,198,141,8,10,3567_jpg.rf.499906ffece747d03d5b089d205d6597.jpg,300,300,206,151
Helmet,201,136,8,9,3567_jpg.rf.499906ffece747d03d5b089d205d6597.jpg,300,300,209,145
Helmet,181,134,9,14,3567_jpg.rf.499906ffece747d03d5b089d205d6597.jpg,300,300,190,148
Mask,161,137,7,7,3567_jpg.rf.499906ffece747d03d5b089d205d6597.jpg,300,300,168,144
Helmet,158,129,9,7,3567_jpg.rf.499906ffece747d03d5b089d205d6597.jpg,300,300,167,136
Helmet,145,127,8,6,3567_jpg.rf.499906ffece747d03d5b089d205d6597.jpg,300,300,153,133
Helmet,64,102,6,6,3567_jpg.rf.499906ffece747d03d5b089d205d6597.jpg,300,300,70,108
Helmet,19,155,12,10,3567_jpg.rf.499906ffece747d03d5b089d205d6597.jpg,300,300,31,165
Helmet,138,118,7,11,3567_jpg.rf.499906ffece747d03d5b089d205d6597.jpg,300,300,145,129
Helmet,207,252,12,20,3567_jpg.rf.499906ffece747d03d5b089d205d6597.jpg,300,300,219,272
Helmet,114,234,12,14,3567_jpg.rf.499906ffece747d03d5b089d205d6597.jpg,300,300,126,248
Helmet,79,234,13,15,3567_jpg.rf.499906ffece747d03d5b089d205d6597.jpg,300,300,92,249
Helmet,49,227,10,15,3567_jpg.rf.499906ffece747d03d5b089d205d6597.jpg,300,300,59,242
Helmet,112,125,37,44,3569_jpg.rf.7c8477ef9216267c1f51bf35126a2d04.jpg,300,300,149,169
Helmet,163,144,39,33,3569_jpg.rf.7c8477ef9216267c1f51bf35126a2d04.jpg,300,300,202,177
None,0,81,30,59,3571_jpg.rf.c117a9db4b7c5b21a9b84d5f1d771098.jpg,300,300,30,140
Helmet,282,94,18,28,3571_jpg.rf.c117a9db4b7c5b21a9b84d5f1d771098.jpg,300,300,300,122
Helmet,101,26,55,46,3571_jpg.rf.c117a9db4b7c5b21a9b84d5f1d771098.jpg,300,300,156,72
None,159,10,32,77,3571_jpg.rf.c117a9db4b7c5b21a9b84d5f1d771098.jpg,300,300,191,87
Helmet,95,192,36,58,3573_jpg.rf.6ecd148a477cd827319fe4a7fb9b7458.jpg,300,300,131,250
Helmet,180,76,16,20,3576_jpg.rf.23fd2318f149eac0c7f69a3423e93d5b.jpg,300,300,196,96
Helmet,204,76,16,18,3576_jpg.rf.23fd2318f149eac0c7f69a3423e93d5b.jpg,300,300,220,94
Helmet,223,63,21,23,3576_jpg.rf.23fd2318f149eac0c7f69a3423e93d5b.jpg,300,300,244,86
Helmet,138,59,16,22,3576_jpg.rf.23fd2318f149eac0c7f69a3423e93d5b.jpg,300,300,154,81
Helmet,152,98,12,19,3583_jpg.rf.0aa180c253b65dd3f82d808da3ff6714.jpg,300,300,164,117
Helmet,157,83,10,15,3583_jpg.rf.0aa180c253b65dd3f82d808da3ff6714.jpg,300,300,167,98
Helmet,59,41,25,30,3583_jpg.rf.0aa180c253b65dd3f82d808da3ff6714.jpg,300,300,84,71
Helmet,129,56,15,15,3583_jpg.rf.0aa180c253b65dd3f82d808da3ff6714.jpg,300,300,144,71
Helmet,190,74,18,16,3583_jpg.rf.0aa180c253b65dd3f82d808da3ff6714.jpg,300,300,208,90
Helmet,211,62,14,12,3583_jpg.rf.0aa180c253b65dd3f82d808da3ff6714.jpg,300,300,225,74
Helmet,224,75,17,19,3583_jpg.rf.0aa180c253b65dd3f82d808da3ff6714.jpg,300,300,241,94
Helmet,251,73,15,17,3583_jpg.rf.0aa180c253b65dd3f82d808da3ff6714.jpg,300,300,266,90
Mask,127,73,11,15,3583_jpg.rf.0aa180c253b65dd3f82d808da3ff6714.jpg,300,300,138,88
Mask,67,69,16,21,3583_jpg.rf.0aa180c253b65dd3f82d808da3ff6714.jpg,300,300,83,90
Mask,219,92,12,15,3583_jpg.rf.0aa180c253b65dd3f82d808da3ff6714.jpg,300,300,231,107
Mask,189,91,13,14,3583_jpg.rf.0aa180c253b65dd3f82d808da3ff6714.jpg,300,300,202,105
Helmet,141,98,9,10,3584_jpg.rf.ded2a01f90ad7f5aa629543edf21b6f7.jpg,300,300,150,108
Helmet,99,104,15,18,3584_jpg.rf.ded2a01f90ad7f5aa629543edf21b6f7.jpg,300,300,114,122
Helmet,180,31,38,40,3584_jpg.rf.ded2a01f90ad7f5aa629543edf21b6f7.jpg,300,300,218,71
None,82,30,32,65,3585_jpg.rf.fe1ac696f6fa82fc2a7f5b59fbb027e3.jpg,300,300,114,95
Helmet,164,7,45,65,3585_jpg.rf.fe1ac696f6fa82fc2a7f5b59fbb027e3.jpg,300,300,209,72
Helmet,287,122,10,16,3591_jpg.rf.c26d1192f2caf88b18d7308e45631a5b.jpg,300,300,297,138
Helmet,219,60,14,23,3591_jpg.rf.c26d1192f2caf88b18d7308e45631a5b.jpg,300,300,233,83
Helmet,188,66,18,28,3591_jpg.rf.c26d1192f2caf88b18d7308e45631a5b.jpg,300,300,206,94
Helmet,165,69,13,26,3591_jpg.rf.c26d1192f2caf88b18d7308e45631a5b.jpg,300,300,178,95
Helmet,150,68,12,18,3591_jpg.rf.c26d1192f2caf88b18d7308e45631a5b.jpg,300,300,162,86
Helmet,117,68,14,18,3591_jpg.rf.c26d1192f2caf88b18d7308e45631a5b.jpg,300,300,131,86
Helmet,82,64,16,21,3591_jpg.rf.c26d1192f2caf88b18d7308e45631a5b.jpg,300,300,98,85
Mask,81,94,13,16,3595_jpg.rf.d953a6405748cbcdef2271b36d796ea7.jpg,300,300,94,110
Mask,251,48,13,12,3595_jpg.rf.d953a6405748cbcdef2271b36d796ea7.jpg,300,300,264,60
Mask,202,177,11,13,3595_jpg.rf.d953a6405748cbcdef2271b36d796ea7.jpg,300,300,213,190
Mask,21,94,13,13,3595_jpg.rf.d953a6405748cbcdef2271b36d796ea7.jpg,300,300,34,107
Helmet,73,72,21,23,3595_jpg.rf.d953a6405748cbcdef2271b36d796ea7.jpg,300,300,94,95
Helmet,246,19,20,26,3595_jpg.rf.d953a6405748cbcdef2271b36d796ea7.jpg,300,300,266,45
Helmet,196,152,23,24,3595_jpg.rf.d953a6405748cbcdef2271b36d796ea7.jpg,300,300,219,176
Helmet,15,67,21,27,3595_jpg.rf.d953a6405748cbcdef2271b36d796ea7.jpg,300,300,36,94
Mask,63,129,19,20,3597_jpg.rf.093913ec37b1156c861f4d12dfc2499d.jpg,300,300,82,149
Mask,121,76,21,26,3597_jpg.rf.093913ec37b1156c861f4d12dfc2499d.jpg,300,300,142,102
Helmet,112,21,45,48,3597_jpg.rf.093913ec37b1156c861f4d12dfc2499d.jpg,300,300,157,69
Helmet,51,79,35,61,3597_jpg.rf.093913ec37b1156c861f4d12dfc2499d.jpg,300,300,86,140
Helmet,182,33,9,12,3600_jpg.rf.fe767a03b7e15077d93ac90b1f0aba77.jpg,300,300,191,45
Helmet,256,26,8,14,3600_jpg.rf.fe767a03b7e15077d93ac90b1f0aba77.jpg,300,300,264,40
Mask,228,38,6,8,3600_jpg.rf.fe767a03b7e15077d93ac90b1f0aba77.jpg,300,300,234,46
Helmet,277,23,8,12,3600_jpg.rf.fe767a03b7e15077d93ac90b1f0aba77.jpg,300,300,285,35
Mask,277,37,7,7,3600_jpg.rf.fe767a03b7e15077d93ac90b1f0aba77.jpg,300,300,284,44
Helmet,175,63,16,26,3600_jpg.rf.fe767a03b7e15077d93ac90b1f0aba77.jpg,300,300,191,89
Helmet,196,30,12,19,3600_jpg.rf.fe767a03b7e15077d93ac90b1f0aba77.jpg,300,300,208,49
Helmet,137,41,15,20,3600_jpg.rf.fe767a03b7e15077d93ac90b1f0aba77.jpg,300,300,152,61
Helmet,81,47,8,9,3600_jpg.rf.fe767a03b7e15077d93ac90b1f0aba77.jpg,300,300,89,56
Helmet,72,36,14,21,3600_jpg.rf.fe767a03b7e15077d93ac90b1f0aba77.jpg,300,300,86,57
Helmet,79,54,20,28,3600_jpg.rf.fe767a03b7e15077d93ac90b1f0aba77.jpg,300,300,99,82
Helmet,55,46,15,29,3600_jpg.rf.fe767a03b7e15077d93ac90b1f0aba77.jpg,300,300,70,75
Helmet,94,30,11,17,3602_jpg.rf.a10dbff1b43984edb588467298c1ad3d.jpg,300,300,105,47
Helmet,168,135,15,16,3602_jpg.rf.a10dbff1b43984edb588467298c1ad3d.jpg,300,300,183,151
None,137,127,9,16,3602_jpg.rf.a10dbff1b43984edb588467298c1ad3d.jpg,300,300,146,143
Mask,209,96,7,15,3603_jpg.rf.c09ffd4f9d5f6a2b62ee0b851d705257.jpg,300,300,216,111
Mask,270,81,12,16,3603_jpg.rf.c09ffd4f9d5f6a2b62ee0b851d705257.jpg,300,300,282,97
Mask,75,77,43,61,3603_jpg.rf.c09ffd4f9d5f6a2b62ee0b851d705257.jpg,300,300,118,138
Helmet,71,0,59,62,3603_jpg.rf.c09ffd4f9d5f6a2b62ee0b851d705257.jpg,300,300,130,62
Helmet,266,55,18,24,3603_jpg.rf.c09ffd4f9d5f6a2b62ee0b851d705257.jpg,300,300,284,79
Helmet,199,72,20,20,3603_jpg.rf.c09ffd4f9d5f6a2b62ee0b851d705257.jpg,300,300,219,92
None,101,37,13,28,3613_jpg.rf.ce705580875cc0bc878f2a0db37827f5.jpg,300,300,114,65
None,216,20,22,59,3613_jpg.rf.ce705580875cc0bc878f2a0db37827f5.jpg,300,300,238,79
None,202,39,10,25,3613_jpg.rf.ce705580875cc0bc878f2a0db37827f5.jpg,300,300,212,64
None,186,41,13,23,3613_jpg.rf.ce705580875cc0bc878f2a0db37827f5.jpg,300,300,199,64
None,79,35,8,23,3613_jpg.rf.ce705580875cc0bc878f2a0db37827f5.jpg,300,300,87,58
None,61,38,12,24,3613_jpg.rf.ce705580875cc0bc878f2a0db37827f5.jpg,300,300,73,62
None,143,33,25,53,3613_jpg.rf.ce705580875cc0bc878f2a0db37827f5.jpg,300,300,168,86
Helmet,188,109,51,50,3616_jpg.rf.212a8cd0f5cf57f7aeb4bd5f6f196b68.jpg,300,300,239,159
Helmet,19,123,8,9,3616_jpg.rf.212a8cd0f5cf57f7aeb4bd5f6f196b68.jpg,300,300,27,132
Mask,11,89,6,7,3618_jpg.rf.2abcdb6556058f3eb1dbb88bb474167e.jpg,300,300,17,96
Mask,81,200,8,7,3618_jpg.rf.2abcdb6556058f3eb1dbb88bb474167e.jpg,300,300,89,207
None,55,64,9,12,3618_jpg.rf.2abcdb6556058f3eb1dbb88bb474167e.jpg,300,300,64,76
Helmet,277,229,8,7,3618_jpg.rf.2abcdb6556058f3eb1dbb88bb474167e.jpg,300,300,285,236
Mask,265,204,6,6,3618_jpg.rf.2abcdb6556058f3eb1dbb88bb474167e.jpg,300,300,271,210
None,215,196,7,10,3618_jpg.rf.2abcdb6556058f3eb1dbb88bb474167e.jpg,300,300,222,206
None,192,198,8,11,3618_jpg.rf.2abcdb6556058f3eb1dbb88bb474167e.jpg,300,300,200,209
None,175,196,7,12,3618_jpg.rf.2abcdb6556058f3eb1dbb88bb474167e.jpg,300,300,182,208
None,150,200,7,11,3618_jpg.rf.2abcdb6556058f3eb1dbb88bb474167e.jpg,300,300,157,211
None,51,199,10,12,3618_jpg.rf.2abcdb6556058f3eb1dbb88bb474167e.jpg,300,300,61,211
Helmet,53,40,25,23,3619_jpg.rf.c7ceacc3c02e4219a3b6a2465f8e5271.jpg,300,300,78,63
Helmet,96,55,25,20,3619_jpg.rf.c7ceacc3c02e4219a3b6a2465f8e5271.jpg,300,300,121,75
Helmet,134,56,20,16,3619_jpg.rf.c7ceacc3c02e4219a3b6a2465f8e5271.jpg,300,300,154,72
Mask,163,70,8,7,3619_jpg.rf.c7ceacc3c02e4219a3b6a2465f8e5271.jpg,300,300,171,77
Helmet,160,50,18,19,3619_jpg.rf.c7ceacc3c02e4219a3b6a2465f8e5271.jpg,300,300,178,69
Helmet,165,76,20,22,3619_jpg.rf.c7ceacc3c02e4219a3b6a2465f8e5271.jpg,300,300,185,98
Mask,142,74,11,12,3619_jpg.rf.c7ceacc3c02e4219a3b6a2465f8e5271.jpg,300,300,153,86
Mask,102,77,15,17,3619_jpg.rf.c7ceacc3c02e4219a3b6a2465f8e5271.jpg,300,300,117,94
Mask,57,73,17,22,3619_jpg.rf.c7ceacc3c02e4219a3b6a2465f8e5271.jpg,300,300,74,95
Mask,208,55,5,5,3619_jpg.rf.c7ceacc3c02e4219a3b6a2465f8e5271.jpg,300,300,213,60
Helmet,206,48,9,8,3619_jpg.rf.c7ceacc3c02e4219a3b6a2465f8e5271.jpg,300,300,215,56
Mask,219,59,6,8,3619_jpg.rf.c7ceacc3c02e4219a3b6a2465f8e5271.jpg,300,300,225,67
Mask,114,53,8,11,3619_jpg.rf.c7ceacc3c02e4219a3b6a2465f8e5271.jpg,300,300,122,64
Helmet,6,63,86,86,3622_jpg.rf.8186044dbee292c1d45ea04bff2eaaa7.jpg,300,300,92,149
Helmet,55,33,64,69,3622_jpg.rf.8186044dbee292c1d45ea04bff2eaaa7.jpg,300,300,119,102
Helmet,145,48,51,60,3622_jpg.rf.8186044dbee292c1d45ea04bff2eaaa7.jpg,300,300,196,108
Helmet,248,75,39,57,3622_jpg.rf.8186044dbee292c1d45ea04bff2eaaa7.jpg,300,300,287,132
Helmet,266,0,34,65,3622_jpg.rf.8186044dbee292c1d45ea04bff2eaaa7.jpg,300,300,300,65
None,16,53,23,44,3626_jpg.rf.59e14db37d3b5dbeeb151ec28a605c92.jpg,300,300,39,97
Helmet,125,56,25,34,3626_jpg.rf.59e14db37d3b5dbeeb151ec28a605c92.jpg,300,300,150,90
Helmet,219,61,22,35,3626_jpg.rf.59e14db37d3b5dbeeb151ec28a605c92.jpg,300,300,241,96
Helmet,30,91,28,21,3630_jpg.rf.0e717eafd19d9e36a2d832078fa00787.jpg,300,300,58,112
Helmet,151,70,31,26,3630_jpg.rf.0e717eafd19d9e36a2d832078fa00787.jpg,300,300,182,96
Mask,247,163,13,13,3634_jpg.rf.b874f3ec6776827b41ed5b98547d14b8.jpg,300,300,260,176
Mask,3,44,12,17,3634_jpg.rf.b874f3ec6776827b41ed5b98547d14b8.jpg,300,300,15,61
Helmet,242,132,25,30,3634_jpg.rf.b874f3ec6776827b41ed5b98547d14b8.jpg,300,300,267,162
Helmet,156,133,21,47,3634_jpg.rf.b874f3ec6776827b41ed5b98547d14b8.jpg,300,300,177,180
Helmet,32,135,21,26,3634_jpg.rf.b874f3ec6776827b41ed5b98547d14b8.jpg,300,300,53,161
Helmet,0,11,21,28,3634_jpg.rf.b874f3ec6776827b41ed5b98547d14b8.jpg,300,300,21,39
Mask,155,101,13,13,3640_jpg.rf.be670a1e67702d950a11038c9e091c45.jpg,300,300,168,114
Helmet,155,66,19,43,3640_jpg.rf.be670a1e67702d950a11038c9e091c45.jpg,300,300,174,109
Helmet,127,66,23,21,3642_jpg.rf.e2fc5431862e7446230b477eb0531b4f.jpg,300,300,150,87
Helmet,145,43,41,52,3642_jpg.rf.e2fc5431862e7446230b477eb0531b4f.jpg,300,300,186,95
Helmet,46,9,97,97,3646_jpg.rf.615e1cb28336c3387c2e4755438d51f0.jpg,300,300,143,106
Helmet,138,13,77,79,3646_jpg.rf.615e1cb28336c3387c2e4755438d51f0.jpg,300,300,215,92
Helmet,204,41,55,65,3646_jpg.rf.615e1cb28336c3387c2e4755438d51f0.jpg,300,300,259,106
Mask,205,119,48,65,3646_jpg.rf.615e1cb28336c3387c2e4755438d51f0.jpg,300,300,253,184
Mask,151,99,60,73,3646_jpg.rf.615e1cb28336c3387c2e4755438d51f0.jpg,300,300,211,172
Mask,76,109,62,64,3646_jpg.rf.615e1cb28336c3387c2e4755438d51f0.jpg,300,300,138,173
Helmet,29,38,47,42,3649_jpg.rf.19ae7af9843362f9d9b909ef2eee91b3.jpg,300,300,76,80
Helmet,116,82,12,14,3649_jpg.rf.19ae7af9843362f9d9b909ef2eee91b3.jpg,300,300,128,96
Helmet,181,66,18,28,3649_jpg.rf.19ae7af9843362f9d9b909ef2eee91b3.jpg,300,300,199,94
Helmet,241,91,22,19,3649_jpg.rf.19ae7af9843362f9d9b909ef2eee91b3.jpg,300,300,263,110
Helmet,211,94,11,18,3649_jpg.rf.19ae7af9843362f9d9b909ef2eee91b3.jpg,300,300,222,112
Mask,158,116,26,29,3651_jpg.rf.22fb1308633307c6d8261835a3feb3cb.jpg,300,300,184,145
Helmet,165,63,40,62,3651_jpg.rf.22fb1308633307c6d8261835a3feb3cb.jpg,300,300,205,125
Helmet,0,80,23,20,3651_jpg.rf.22fb1308633307c6d8261835a3feb3cb.jpg,300,300,23,100
Helmet,126,40,38,54,3652_jpg.rf.3b3e45fe7c1319330d8fcd96334c96e9.jpg,300,300,164,94
Helmet,195,81,35,32,3652_jpg.rf.3b3e45fe7c1319330d8fcd96334c96e9.jpg,300,300,230,113
Helmet,256,182,15,29,3652_jpg.rf.3b3e45fe7c1319330d8fcd96334c96e9.jpg,300,300,271,211
Mask,204,120,28,24,3652_jpg.rf.3b3e45fe7c1319330d8fcd96334c96e9.jpg,300,300,232,144
Helmet,53,74,22,24,3655_jpg.rf.339dad2521f8ae2a6db39b912b615a64.jpg,300,300,75,98
Helmet,164,62,19,31,3655_jpg.rf.339dad2521f8ae2a6db39b912b615a64.jpg,300,300,183,93
Helmet,241,33,25,24,3655_jpg.rf.339dad2521f8ae2a6db39b912b615a64.jpg,300,300,266,57
Helmet,18,72,73,92,3661_jpg.rf.c036d38948a5b470b53cb5babae5279b.jpg,300,300,91,164
Helmet,53,43,36,44,3662_jpg.rf.d26b92a417272ca7ef1151a5b8ceb279.jpg,300,300,89,87
Helmet,121,48,28,26,3662_jpg.rf.d26b92a417272ca7ef1151a5b8ceb279.jpg,300,300,149,74
Helmet,233,37,36,31,3662_jpg.rf.d26b92a417272ca7ef1151a5b8ceb279.jpg,300,300,269,68
None,53,158,8,15,3663_jpg.rf.46f742243010058532b9dee7728e5cf4.jpg,300,300,61,173
None,94,153,8,13,3663_jpg.rf.46f742243010058532b9dee7728e5cf4.jpg,300,300,102,166
None,134,153,12,17,3663_jpg.rf.46f742243010058532b9dee7728e5cf4.jpg,300,300,146,170
Helmet,111,33,23,23,3665_jpg.rf.8285075698c186fa31b5b5ecebeff1bc.jpg,300,300,134,56
Helmet,160,38,68,84,3668_jpg.rf.9bb187470385d11c1e5d8374359a75f7.jpg,300,300,228,122
None,180,75,10,17,3669_jpg.rf.39e537fce646ed1594e3eb4817566451.jpg,300,300,190,92
None,195,84,7,16,3669_jpg.rf.39e537fce646ed1594e3eb4817566451.jpg,300,300,202,100
None,251,89,6,14,3669_jpg.rf.39e537fce646ed1594e3eb4817566451.jpg,300,300,257,103
None,18,81,9,21,3669_jpg.rf.39e537fce646ed1594e3eb4817566451.jpg,300,300,27,102
None,3,63,10,22,3669_jpg.rf.39e537fce646ed1594e3eb4817566451.jpg,300,300,13,85
Helmet,94,62,24,33,3669_jpg.rf.39e537fce646ed1594e3eb4817566451.jpg,300,300,118,95
Helmet,213,77,21,31,3669_jpg.rf.39e537fce646ed1594e3eb4817566451.jpg,300,300,234,108
Mask,136,223,11,11,3670_jpg.rf.fce2ff7fe66892db95df80b4477435ba.jpg,300,300,147,234
Mask,20,122,8,4,3670_jpg.rf.fce2ff7fe66892db95df80b4477435ba.jpg,300,300,28,126
Mask,184,83,27,27,3670_jpg.rf.fce2ff7fe66892db95df80b4477435ba.jpg,300,300,211,110
Helmet,171,34,45,45,3670_jpg.rf.fce2ff7fe66892db95df80b4477435ba.jpg,300,300,216,79
Helmet,294,90,6,8,3670_jpg.rf.fce2ff7fe66892db95df80b4477435ba.jpg,300,300,300,98
Helmet,96,156,10,15,3670_jpg.rf.fce2ff7fe66892db95df80b4477435ba.jpg,300,300,106,171
Mask,103,171,7,6,3670_jpg.rf.fce2ff7fe66892db95df80b4477435ba.jpg,300,300,110,177
Helmet,135,197,20,27,3670_jpg.rf.fce2ff7fe66892db95df80b4477435ba.jpg,300,300,155,224
Helmet,44,1,28,33,3674_jpg.rf.7ed8c960cd01b8f007207604a3d8677f.jpg,300,300,72,34
None,200,51,15,20,3674_jpg.rf.7ed8c960cd01b8f007207604a3d8677f.jpg,300,300,215,71
None,285,142,15,43,3674_jpg.rf.7ed8c960cd01b8f007207604a3d8677f.jpg,300,300,300,185
Helmet,129,208,20,23,3676_jpg.rf.3320fd9db87376d18fcbfffda853d261.jpg,300,300,149,231
Helmet,99,187,30,44,3676_jpg.rf.3320fd9db87376d18fcbfffda853d261.jpg,300,300,129,231
Helmet,183,153,52,68,3676_jpg.rf.3320fd9db87376d18fcbfffda853d261.jpg,300,300,235,221
Helmet,165,207,15,19,3676_jpg.rf.3320fd9db87376d18fcbfffda853d261.jpg,300,300,180,226
Helmet,129,72,35,38,3679_jpg.rf.ee01645705fa4215113453d40f73a72b.jpg,300,300,164,110
Helmet,71,53,30,34,3679_jpg.rf.ee01645705fa4215113453d40f73a72b.jpg,300,300,101,87
Helmet,28,39,45,45,3679_jpg.rf.ee01645705fa4215113453d40f73a72b.jpg,300,300,73,84
Helmet,29,35,88,102,3680_jpg.rf.57590e82c1a144d982db02c44eb4b032.jpg,300,300,117,137
Helmet,77,0,223,59,3680_jpg.rf.57590e82c1a144d982db02c44eb4b032.jpg,300,300,300,59
Helmet,143,83,48,51,3681_jpg.rf.393af20f919ece14129f871431745671.jpg,300,300,191,134
Helmet,205,0,68,37,3681_jpg.rf.393af20f919ece14129f871431745671.jpg,300,300,273,37
Helmet,87,137,40,41,3681_jpg.rf.393af20f919ece14129f871431745671.jpg,300,300,127,178
Helmet,0,8,79,90,3681_jpg.rf.393af20f919ece14129f871431745671.jpg,300,300,79,98
Helmet,38,129,7,8,3683_jpg.rf.4ea47ae1de98d62481bcd6bb2cf6a946.jpg,300,300,45,137
Helmet,127,73,5,7,3683_jpg.rf.4ea47ae1de98d62481bcd6bb2cf6a946.jpg,300,300,132,80
Helmet,166,68,7,5,3683_jpg.rf.4ea47ae1de98d62481bcd6bb2cf6a946.jpg,300,300,173,73
Helmet,147,132,8,9,3683_jpg.rf.4ea47ae1de98d62481bcd6bb2cf6a946.jpg,300,300,155,141
Helmet,102,118,9,5,3683_jpg.rf.4ea47ae1de98d62481bcd6bb2cf6a946.jpg,300,300,111,123
Helmet,97,127,9,9,3683_jpg.rf.4ea47ae1de98d62481bcd6bb2cf6a946.jpg,300,300,106,136
Helmet,85,140,8,8,3683_jpg.rf.4ea47ae1de98d62481bcd6bb2cf6a946.jpg,300,300,93,148
Helmet,51,135,7,5,3683_jpg.rf.4ea47ae1de98d62481bcd6bb2cf6a946.jpg,300,300,58,140
Helmet,63,165,11,7,3683_jpg.rf.4ea47ae1de98d62481bcd6bb2cf6a946.jpg,300,300,74,172
Helmet,91,171,8,10,3683_jpg.rf.4ea47ae1de98d62481bcd6bb2cf6a946.jpg,300,300,99,181
Helmet,105,171,8,10,3683_jpg.rf.4ea47ae1de98d62481bcd6bb2cf6a946.jpg,300,300,113,181
Helmet,186,166,8,12,3683_jpg.rf.4ea47ae1de98d62481bcd6bb2cf6a946.jpg,300,300,194,178
Helmet,200,132,6,9,3683_jpg.rf.4ea47ae1de98d62481bcd6bb2cf6a946.jpg,300,300,206,141
Helmet,209,118,7,11,3683_jpg.rf.4ea47ae1de98d62481bcd6bb2cf6a946.jpg,300,300,216,129
Helmet,240,124,8,10,3683_jpg.rf.4ea47ae1de98d62481bcd6bb2cf6a946.jpg,300,300,248,134
Helmet,263,138,9,10,3683_jpg.rf.4ea47ae1de98d62481bcd6bb2cf6a946.jpg,300,300,272,148
Helmet,284,119,9,12,3683_jpg.rf.4ea47ae1de98d62481bcd6bb2cf6a946.jpg,300,300,293,131
Helmet,192,120,10,10,3683_jpg.rf.4ea47ae1de98d62481bcd6bb2cf6a946.jpg,300,300,202,130
Helmet,158,134,8,8,3683_jpg.rf.4ea47ae1de98d62481bcd6bb2cf6a946.jpg,300,300,166,142
Helmet,171,136,6,7,3683_jpg.rf.4ea47ae1de98d62481bcd6bb2cf6a946.jpg,300,300,177,143
Helmet,231,61,6,8,3683_jpg.rf.4ea47ae1de98d62481bcd6bb2cf6a946.jpg,300,300,237,69
Mask,63,84,15,16,3687_jpg.rf.17a58003f4cc316d70a148257501fa18.jpg,300,300,78,100
Mask,22,89,19,14,3687_jpg.rf.17a58003f4cc316d70a148257501fa18.jpg,300,300,41,103
Mask,89,180,19,17,3687_jpg.rf.17a58003f4cc316d70a148257501fa18.jpg,300,300,108,197
Mask,208,180,18,14,3687_jpg.rf.17a58003f4cc316d70a148257501fa18.jpg,300,300,226,194
Mask,182,157,16,15,3687_jpg.rf.17a58003f4cc316d70a148257501fa18.jpg,300,300,198,172
Mask,223,86,15,18,3687_jpg.rf.17a58003f4cc316d70a148257501fa18.jpg,300,300,238,104
Mask,259,79,18,23,3687_jpg.rf.17a58003f4cc316d70a148257501fa18.jpg,300,300,277,102
Helmet,255,58,22,20,3687_jpg.rf.17a58003f4cc316d70a148257501fa18.jpg,300,300,277,78
Helmet,216,59,28,21,3687_jpg.rf.17a58003f4cc316d70a148257501fa18.jpg,300,300,244,80
Helmet,60,66,22,20,3687_jpg.rf.17a58003f4cc316d70a148257501fa18.jpg,300,300,82,86
Helmet,20,64,17,25,3687_jpg.rf.17a58003f4cc316d70a148257501fa18.jpg,300,300,37,89
Helmet,91,153,16,21,3687_jpg.rf.17a58003f4cc316d70a148257501fa18.jpg,300,300,107,174
Helmet,144,153,21,20,3687_jpg.rf.17a58003f4cc316d70a148257501fa18.jpg,300,300,165,173
Helmet,180,137,18,18,3687_jpg.rf.17a58003f4cc316d70a148257501fa18.jpg,300,300,198,155
Helmet,205,152,23,24,3687_jpg.rf.17a58003f4cc316d70a148257501fa18.jpg,300,300,228,176
None,54,19,15,36,3690_jpg.rf.a48a8446f9addf782c5c6e0460785512.jpg,300,300,69,55
Helmet,94,15,19,24,3690_jpg.rf.a48a8446f9addf782c5c6e0460785512.jpg,300,300,113,39
Helmet,117,0,21,20,3690_jpg.rf.a48a8446f9addf782c5c6e0460785512.jpg,300,300,138,20
Helmet,166,0,18,27,3690_jpg.rf.a48a8446f9addf782c5c6e0460785512.jpg,300,300,184,27
Helmet,240,22,22,26,3690_jpg.rf.a48a8446f9addf782c5c6e0460785512.jpg,300,300,262,48
Helmet,195,11,15,21,3690_jpg.rf.a48a8446f9addf782c5c6e0460785512.jpg,300,300,210,32
Helmet,185,18,10,10,3690_jpg.rf.a48a8446f9addf782c5c6e0460785512.jpg,300,300,195,28
Mask,168,85,33,36,3697_jpg.rf.96efec2e4716a6b8d735d57763c6585f.jpg,300,300,201,121
Mask,105,130,13,35,3697_jpg.rf.96efec2e4716a6b8d735d57763c6585f.jpg,300,300,118,165
Helmet,160,17,46,59,3697_jpg.rf.96efec2e4716a6b8d735d57763c6585f.jpg,300,300,206,76
Helmet,63,67,59,54,3697_jpg.rf.96efec2e4716a6b8d735d57763c6585f.jpg,300,300,122,121
Helmet,117,151,43,59,3710_jpg.rf.99995bedb94a51f162b83131f359a786.jpg,300,300,160,210
Helmet,120,101,50,48,3712_jpg.rf.a429c22f3523ccd4bb8b2509317e5d99.jpg,300,300,170,149
Helmet,26,148,40,45,3712_jpg.rf.a429c22f3523ccd4bb8b2509317e5d99.jpg,300,300,66,193
Helmet,129,13,44,54,3713_jpg.rf.f09aa989ac50f4c86af91e793ed43ff9.jpg,300,300,173,67
None,82,211,28,51,3713_jpg.rf.f09aa989ac50f4c86af91e793ed43ff9.jpg,300,300,110,262
Mask,226,110,7,8,3715_jpg.rf.0fb6073d4cc2c1d895a5945fe6750c3b.jpg,300,300,233,118
Mask,124,109,10,10,3715_jpg.rf.0fb6073d4cc2c1d895a5945fe6750c3b.jpg,300,300,134,119
Mask,267,105,11,13,3715_jpg.rf.0fb6073d4cc2c1d895a5945fe6750c3b.jpg,300,300,278,118
Mask,99,86,14,19,3715_jpg.rf.0fb6073d4cc2c1d895a5945fe6750c3b.jpg,300,300,113,105
Mask,21,92,10,16,3715_jpg.rf.0fb6073d4cc2c1d895a5945fe6750c3b.jpg,300,300,31,108
Helmet,168,16,58,59,3716_jpg.rf.e4b763686b3390b87f98c94f9dda72c4.jpg,300,300,226,75
Helmet,252,58,18,18,3716_jpg.rf.e4b763686b3390b87f98c94f9dda72c4.jpg,300,300,270,76
Helmet,3,73,20,23,3716_jpg.rf.e4b763686b3390b87f98c94f9dda72c4.jpg,300,300,23,96
Helmet,48,143,9,26,3716_jpg.rf.e4b763686b3390b87f98c94f9dda72c4.jpg,300,300,57,169
Helmet,109,109,15,17,3716_jpg.rf.e4b763686b3390b87f98c94f9dda72c4.jpg,300,300,124,126
Helmet,87,119,15,19,3716_jpg.rf.e4b763686b3390b87f98c94f9dda72c4.jpg,300,300,102,138
Helmet,67,48,10,12,3716_jpg.rf.e4b763686b3390b87f98c94f9dda72c4.jpg,300,300,77,60
Helmet,17,43,13,32,3737_jpg.rf.fd4c7a8aa1e0263664e38a53de4e1d9f.jpg,300,300,30,75
Helmet,0,42,12,38,3737_jpg.rf.fd4c7a8aa1e0263664e38a53de4e1d9f.jpg,300,300,12,80
None,1,21,13,25,3737_jpg.rf.fd4c7a8aa1e0263664e38a53de4e1d9f.jpg,300,300,14,46
Helmet,25,42,30,34,3737_jpg.rf.fd4c7a8aa1e0263664e38a53de4e1d9f.jpg,300,300,55,76
Helmet,40,51,39,35,3737_jpg.rf.fd4c7a8aa1e0263664e38a53de4e1d9f.jpg,300,300,79,86
Helmet,80,60,38,34,3737_jpg.rf.fd4c7a8aa1e0263664e38a53de4e1d9f.jpg,300,300,118,94
Helmet,102,53,31,30,3737_jpg.rf.fd4c7a8aa1e0263664e38a53de4e1d9f.jpg,300,300,133,83
Helmet,130,35,34,20,3737_jpg.rf.fd4c7a8aa1e0263664e38a53de4e1d9f.jpg,300,300,164,55
Helmet,142,40,49,48,3737_jpg.rf.fd4c7a8aa1e0263664e38a53de4e1d9f.jpg,300,300,191,88
Helmet,183,64,36,31,3737_jpg.rf.fd4c7a8aa1e0263664e38a53de4e1d9f.jpg,300,300,219,95
Helmet,171,44,29,16,3737_jpg.rf.fd4c7a8aa1e0263664e38a53de4e1d9f.jpg,300,300,200,60
Helmet,201,53,25,28,3737_jpg.rf.fd4c7a8aa1e0263664e38a53de4e1d9f.jpg,300,300,226,81
Helmet,222,46,37,53,3737_jpg.rf.fd4c7a8aa1e0263664e38a53de4e1d9f.jpg,300,300,259,99
Helmet,244,55,56,66,3737_jpg.rf.fd4c7a8aa1e0263664e38a53de4e1d9f.jpg,300,300,300,121
Helmet,98,15,57,48,3746_jpg.rf.3e8c714c8795af22c83cb28529e349c4.jpg,300,300,155,63
None,197,99,32,70,3746_jpg.rf.3e8c714c8795af22c83cb28529e349c4.jpg,300,300,229,169
None,227,58,16,30,3748_jpg.rf.bc5471a27fd772e928270ad7fae3d3d1.jpg,300,300,243,88
Helmet,177,55,19,20,3748_jpg.rf.bc5471a27fd772e928270ad7fae3d3d1.jpg,300,300,196,75
Helmet,125,73,21,20,3748_jpg.rf.bc5471a27fd772e928270ad7fae3d3d1.jpg,300,300,146,93
Helmet,105,69,20,18,3748_jpg.rf.bc5471a27fd772e928270ad7fae3d3d1.jpg,300,300,125,87
Helmet,55,84,20,18,3748_jpg.rf.bc5471a27fd772e928270ad7fae3d3d1.jpg,300,300,75,102
Helmet,46,0,45,38,3758_jpg.rf.46276001364cb2b918bddbfe71e2f2b0.jpg,300,300,91,38
Mask,150,79,30,45,3758_jpg.rf.46276001364cb2b918bddbfe71e2f2b0.jpg,300,300,180,124
Mask,195,94,30,43,3758_jpg.rf.46276001364cb2b918bddbfe71e2f2b0.jpg,300,300,225,137
Mask,236,135,24,40,3758_jpg.rf.46276001364cb2b918bddbfe71e2f2b0.jpg,300,300,260,175
Helmet,231,80,40,56,3758_jpg.rf.46276001364cb2b918bddbfe71e2f2b0.jpg,300,300,271,136
Helmet,193,27,39,58,3758_jpg.rf.46276001364cb2b918bddbfe71e2f2b0.jpg,300,300,232,85
Helmet,154,29,40,53,3758_jpg.rf.46276001364cb2b918bddbfe71e2f2b0.jpg,300,300,194,82
Helmet,253,154,14,8,3761_jpg.rf.b57387a97fbf2b280b606e7173b323fb.jpg,300,300,267,162
Helmet,228,122,17,13,3761_jpg.rf.b57387a97fbf2b280b606e7173b323fb.jpg,300,300,245,135
Helmet,188,150,10,6,3761_jpg.rf.b57387a97fbf2b280b606e7173b323fb.jpg,300,300,198,156
Helmet,141,148,14,7,3761_jpg.rf.b57387a97fbf2b280b606e7173b323fb.jpg,300,300,155,155
Helmet,102,168,18,12,3761_jpg.rf.b57387a97fbf2b280b606e7173b323fb.jpg,300,300,120,180
Helmet,99,152,12,6,3761_jpg.rf.b57387a97fbf2b280b606e7173b323fb.jpg,300,300,111,158
Helmet,33,78,7,12,3762_jpg.rf.943848ada74853aafe7d4f345a3c16e9.jpg,300,300,40,90
Helmet,30,38,12,11,3762_jpg.rf.943848ada74853aafe7d4f345a3c16e9.jpg,300,300,42,49
Helmet,1,48,7,9,3762_jpg.rf.943848ada74853aafe7d4f345a3c16e9.jpg,300,300,8,57
Helmet,143,18,10,15,3762_jpg.rf.943848ada74853aafe7d4f345a3c16e9.jpg,300,300,153,33
Helmet,166,22,10,15,3762_jpg.rf.943848ada74853aafe7d4f345a3c16e9.jpg,300,300,176,37
Helmet,203,44,14,15,3762_jpg.rf.943848ada74853aafe7d4f345a3c16e9.jpg,300,300,217,59
Helmet,223,74,28,26,3762_jpg.rf.943848ada74853aafe7d4f345a3c16e9.jpg,300,300,251,100
Helmet,131,86,42,52,3762_jpg.rf.943848ada74853aafe7d4f345a3c16e9.jpg,300,300,173,138
Mask,134,139,24,21,3762_jpg.rf.943848ada74853aafe7d4f345a3c16e9.jpg,300,300,158,160
None,112,159,8,13,3763_jpg.rf.22279901aec1ed6baf8258801c061ff6.jpg,300,300,120,172
Mask,80,164,7,7,3763_jpg.rf.22279901aec1ed6baf8258801c061ff6.jpg,300,300,87,171
None,115,76,5,20,3767_jpg.rf.e875b66ed9c91b88180052ebbffadc94.jpg,300,300,120,96
None,189,61,8,18,3767_jpg.rf.e875b66ed9c91b88180052ebbffadc94.jpg,300,300,197,79
None,135,36,19,61,3768_jpg.rf.9ff26baa8ab8c3b510267d6f67142f45.jpg,300,300,154,97
None,107,91,10,30,3768_jpg.rf.9ff26baa8ab8c3b510267d6f67142f45.jpg,300,300,117,121
None,12,68,31,67,3768_jpg.rf.9ff26baa8ab8c3b510267d6f67142f45.jpg,300,300,43,135
Mask,242,100,11,30,3768_jpg.rf.9ff26baa8ab8c3b510267d6f67142f45.jpg,300,300,253,130
Mask,254,102,15,27,3768_jpg.rf.9ff26baa8ab8c3b510267d6f67142f45.jpg,300,300,269,129
Mask,279,116,13,18,3768_jpg.rf.9ff26baa8ab8c3b510267d6f67142f45.jpg,300,300,292,134
Mask,191,99,20,30,3768_jpg.rf.9ff26baa8ab8c3b510267d6f67142f45.jpg,300,300,211,129
Mask,71,41,24,36,3768_jpg.rf.9ff26baa8ab8c3b510267d6f67142f45.jpg,300,300,95,77
Mask,129,101,6,13,3770_jpg.rf.cfa93ccc8d0ad2d54bd721ce62fa728f.jpg,300,300,135,114
None,258,65,11,24,3770_jpg.rf.cfa93ccc8d0ad2d54bd721ce62fa728f.jpg,300,300,269,89
None,47,82,11,18,3770_jpg.rf.cfa93ccc8d0ad2d54bd721ce62fa728f.jpg,300,300,58,100
None,287,89,11,25,3795_jpg.rf.98f443da71f304b2d6938e4acd14c6b7.jpg,300,300,298,114
Mask,239,88,8,13,3795_jpg.rf.98f443da71f304b2d6938e4acd14c6b7.jpg,300,300,247,101
Mask,214,95,8,14,3795_jpg.rf.98f443da71f304b2d6938e4acd14c6b7.jpg,300,300,222,109
Mask,186,63,6,7,3795_jpg.rf.98f443da71f304b2d6938e4acd14c6b7.jpg,300,300,192,70
None,277,188,21,30,3795_jpg.rf.98f443da71f304b2d6938e4acd14c6b7.jpg,300,300,298,218
Mask,213,220,9,20,3795_jpg.rf.98f443da71f304b2d6938e4acd14c6b7.jpg,300,300,222,240
None,175,161,15,30,3795_jpg.rf.98f443da71f304b2d6938e4acd14c6b7.jpg,300,300,190,191
Mask,171,153,11,9,3795_jpg.rf.98f443da71f304b2d6938e4acd14c6b7.jpg,300,300,182,162
Mask,108,160,11,11,3795_jpg.rf.98f443da71f304b2d6938e4acd14c6b7.jpg,300,300,119,171
None,154,68,11,15,3795_jpg.rf.98f443da71f304b2d6938e4acd14c6b7.jpg,300,300,165,83
None,153,42,7,12,3795_jpg.rf.98f443da71f304b2d6938e4acd14c6b7.jpg,300,300,160,54
Mask,126,64,7,9,3795_jpg.rf.98f443da71f304b2d6938e4acd14c6b7.jpg,300,300,133,73
Mask,112,63,5,8,3795_jpg.rf.98f443da71f304b2d6938e4acd14c6b7.jpg,300,300,117,71
Mask,103,51,3,7,3795_jpg.rf.98f443da71f304b2d6938e4acd14c6b7.jpg,300,300,106,58
Mask,96,85,10,8,3795_jpg.rf.98f443da71f304b2d6938e4acd14c6b7.jpg,300,300,106,93
Mask,73,68,9,8,3795_jpg.rf.98f443da71f304b2d6938e4acd14c6b7.jpg,300,300,82,76
None,31,67,13,18,3795_jpg.rf.98f443da71f304b2d6938e4acd14c6b7.jpg,300,300,44,85
Mask,9,67,12,8,3795_jpg.rf.98f443da71f304b2d6938e4acd14c6b7.jpg,300,300,21,75
Helmet,184,64,51,58,3799_jpg.rf.7bbe59186a195ec6c361756e6bdf13f5.jpg,300,300,235,122
Mask,200,47,9,16,3799_jpg.rf.7bbe59186a195ec6c361756e6bdf13f5.jpg,300,300,209,63
Helmet,203,28,30,38,3799_jpg.rf.7bbe59186a195ec6c361756e6bdf13f5.jpg,300,300,233,66
Mask,171,114,33,44,3799_jpg.rf.7bbe59186a195ec6c361756e6bdf13f5.jpg,300,300,204,158
Helmet,27,145,6,9,3808_jpg.rf.6f987ef7855b380d3b4789f3307a8440.jpg,300,300,33,154
Helmet,59,149,13,18,3808_jpg.rf.6f987ef7855b380d3b4789f3307a8440.jpg,300,300,72,167
Helmet,43,156,6,5,3808_jpg.rf.6f987ef7855b380d3b4789f3307a8440.jpg,300,300,49,161
Helmet,122,150,6,5,3808_jpg.rf.6f987ef7855b380d3b4789f3307a8440.jpg,300,300,128,155
Helmet,184,144,5,7,3808_jpg.rf.6f987ef7855b380d3b4789f3307a8440.jpg,300,300,189,151
None,79,99,14,20,3809_jpg.rf.1bc05162bb0d09f9c5da24afe5c2053c.jpg,300,300,93,119
None,212,87,8,16,3809_jpg.rf.1bc05162bb0d09f9c5da24afe5c2053c.jpg,300,300,220,103
Helmet,102,102,7,6,3810_jpg.rf.74f9661081be877beb791fd9834167d6.jpg,300,300,109,108
Helmet,90,93,9,17,3810_jpg.rf.74f9661081be877beb791fd9834167d6.jpg,300,300,99,110
Helmet,130,118,16,17,3810_jpg.rf.74f9661081be877beb791fd9834167d6.jpg,300,300,146,135
Helmet,184,124,18,12,3810_jpg.rf.74f9661081be877beb791fd9834167d6.jpg,300,300,202,136
Helmet,73,86,14,13,3810_jpg.rf.74f9661081be877beb791fd9834167d6.jpg,300,300,87,99
Helmet,60,82,15,20,3810_jpg.rf.74f9661081be877beb791fd9834167d6.jpg,300,300,75,102
Helmet,0,40,16,35,3810_jpg.rf.74f9661081be877beb791fd9834167d6.jpg,300,300,16,75
None,27,37,34,61,3813_jpg.rf.5281c365817bb298c2de462e1c4cdea2.jpg,300,300,61,98
None,220,19,28,69,3813_jpg.rf.5281c365817bb298c2de462e1c4cdea2.jpg,300,300,248,88
Helmet,260,155,13,11,3832_jpg.rf.2a689f22021e062c86b0c4803403cfd9.jpg,300,300,273,166
Helmet,185,101,36,48,3832_jpg.rf.2a689f22021e062c86b0c4803403cfd9.jpg,300,300,221,149
Helmet,244,137,13,18,3838_jpg.rf.df58b9c9011caac6a95ebf1013975d7a.jpg,300,300,257,155
Helmet,61,33,66,64,3838_jpg.rf.df58b9c9011caac6a95ebf1013975d7a.jpg,300,300,127,97
Helmet,16,87,42,37,3838_jpg.rf.df58b9c9011caac6a95ebf1013975d7a.jpg,300,300,58,124
None,138,43,25,39,3846_jpg.rf.847d04c6f69b3e541ba2449d30ddf17c.jpg,300,300,163,82
Helmet,82,74,40,36,3847_jpg.rf.03a382db08d18c6e4b775b5b9c4ba8f5.jpg,300,300,122,110
Helmet,120,83,31,32,3847_jpg.rf.03a382db08d18c6e4b775b5b9c4ba8f5.jpg,300,300,151,115
Helmet,147,73,29,26,3847_jpg.rf.03a382db08d18c6e4b775b5b9c4ba8f5.jpg,300,300,176,99
Helmet,175,90,34,40,3847_jpg.rf.03a382db08d18c6e4b775b5b9c4ba8f5.jpg,300,300,209,130
Helmet,203,82,26,35,3847_jpg.rf.03a382db08d18c6e4b775b5b9c4ba8f5.jpg,300,300,229,117
Helmet,230,110,20,15,3847_jpg.rf.03a382db08d18c6e4b775b5b9c4ba8f5.jpg,300,300,250,125
Helmet,295,113,5,18,3847_jpg.rf.03a382db08d18c6e4b775b5b9c4ba8f5.jpg,300,300,300,131
Helmet,29,10,74,82,3854_jpg.rf.a6236283210ca4a6ba63170a97e16ce6.jpg,300,300,103,92
Helmet,114,5,40,51,3854_jpg.rf.a6236283210ca4a6ba63170a97e16ce6.jpg,300,300,154,56
Helmet,189,14,37,56,3854_jpg.rf.a6236283210ca4a6ba63170a97e16ce6.jpg,300,300,226,70
Helmet,223,0,77,99,3854_jpg.rf.a6236283210ca4a6ba63170a97e16ce6.jpg,300,300,300,99
Helmet,171,73,35,45,3860_jpg.rf.14bc3d6c9b328a1402bf91bef52443ef.jpg,300,300,206,118
Helmet,177,18,61,56,3861_jpg.rf.89a89e54c74ee597e90878fc8bfeafc7.jpg,300,300,238,74
Helmet,94,129,42,34,3864_jpg.rf.f5dd85baff67597f2ac8a7f7ef3f6807.jpg,300,300,136,163
Helmet,153,58,33,32,3864_jpg.rf.f5dd85baff67597f2ac8a7f7ef3f6807.jpg,300,300,186,90
Helmet,135,25,26,26,3864_jpg.rf.f5dd85baff67597f2ac8a7f7ef3f6807.jpg,300,300,161,51
Helmet,66,183,7,11,3867_jpg.rf.48b2680cacacaf83aa632bcc2139eb72.jpg,300,300,73,194
Helmet,84,177,9,9,3867_jpg.rf.48b2680cacacaf83aa632bcc2139eb72.jpg,300,300,93,186
Helmet,93,186,8,10,3867_jpg.rf.48b2680cacacaf83aa632bcc2139eb72.jpg,300,300,101,196
Helmet,111,171,7,9,3867_jpg.rf.48b2680cacacaf83aa632bcc2139eb72.jpg,300,300,118,180
Helmet,130,174,10,12,3867_jpg.rf.48b2680cacacaf83aa632bcc2139eb72.jpg,300,300,140,186
Helmet,152,185,6,10,3867_jpg.rf.48b2680cacacaf83aa632bcc2139eb72.jpg,300,300,158,195
Helmet,170,183,9,8,3867_jpg.rf.48b2680cacacaf83aa632bcc2139eb72.jpg,300,300,179,191
Helmet,185,181,8,10,3867_jpg.rf.48b2680cacacaf83aa632bcc2139eb72.jpg,300,300,193,191
Helmet,202,181,8,10,3867_jpg.rf.48b2680cacacaf83aa632bcc2139eb72.jpg,300,300,210,191
Helmet,225,173,9,11,3867_jpg.rf.48b2680cacacaf83aa632bcc2139eb72.jpg,300,300,234,184
Helmet,266,178,8,10,3867_jpg.rf.48b2680cacacaf83aa632bcc2139eb72.jpg,300,300,274,188
Helmet,88,11,16,11,3875_jpg.rf.4ed36a23631fd0216413ba596d8ce879.jpg,300,300,104,22
Helmet,121,92,13,13,3875_jpg.rf.4ed36a23631fd0216413ba596d8ce879.jpg,300,300,134,105
Helmet,71,127,16,11,3875_jpg.rf.4ed36a23631fd0216413ba596d8ce879.jpg,300,300,87,138
Helmet,83,183,17,10,3875_jpg.rf.4ed36a23631fd0216413ba596d8ce879.jpg,300,300,100,193
Helmet,23,206,16,12,3875_jpg.rf.4ed36a23631fd0216413ba596d8ce879.jpg,300,300,39,218
Helmet,106,39,23,29,3876_jpg.rf.c610c15f09f36941b1d08df0ad5c2a06.jpg,300,300,129,68
Helmet,205,190,10,10,3876_jpg.rf.c610c15f09f36941b1d08df0ad5c2a06.jpg,300,300,215,200
Helmet,48,216,10,14,3876_jpg.rf.c610c15f09f36941b1d08df0ad5c2a06.jpg,300,300,58,230
Helmet,88,224,10,15,3876_jpg.rf.c610c15f09f36941b1d08df0ad5c2a06.jpg,300,300,98,239
Helmet,197,169,13,21,3883_jpg.rf.d695a0876cda1bd963f7ba1c6bff5e06.jpg,300,300,210,190
Helmet,147,162,11,15,3883_jpg.rf.d695a0876cda1bd963f7ba1c6bff5e06.jpg,300,300,158,177
Helmet,133,175,9,17,3883_jpg.rf.d695a0876cda1bd963f7ba1c6bff5e06.jpg,300,300,142,192
Helmet,120,173,12,18,3883_jpg.rf.d695a0876cda1bd963f7ba1c6bff5e06.jpg,300,300,132,191
Helmet,91,168,14,17,3883_jpg.rf.d695a0876cda1bd963f7ba1c6bff5e06.jpg,300,300,105,185
Helmet,57,156,17,15,3883_jpg.rf.d695a0876cda1bd963f7ba1c6bff5e06.jpg,300,300,74,171
Helmet,141,66,7,7,3883_jpg.rf.d695a0876cda1bd963f7ba1c6bff5e06.jpg,300,300,148,73
Helmet,124,64,6,7,3883_jpg.rf.d695a0876cda1bd963f7ba1c6bff5e06.jpg,300,300,130,71
None,102,177,13,25,3886_jpg.rf.6e0008d7f38b5af1c816fba6db264a79.jpg,300,300,115,202
None,152,94,12,22,3886_jpg.rf.6e0008d7f38b5af1c816fba6db264a79.jpg,300,300,164,116
None,123,91,10,20,3886_jpg.rf.6e0008d7f38b5af1c816fba6db264a79.jpg,300,300,133,111
None,88,98,11,18,3886_jpg.rf.6e0008d7f38b5af1c816fba6db264a79.jpg,300,300,99,116
None,75,97,12,23,3886_jpg.rf.6e0008d7f38b5af1c816fba6db264a79.jpg,300,300,87,120
Helmet,9,97,23,17,3886_jpg.rf.6e0008d7f38b5af1c816fba6db264a79.jpg,300,300,32,114
Helmet,13,85,15,12,3886_jpg.rf.6e0008d7f38b5af1c816fba6db264a79.jpg,300,300,28,97
Helmet,33,88,15,13,3886_jpg.rf.6e0008d7f38b5af1c816fba6db264a79.jpg,300,300,48,101
Helmet,44,80,13,11,3886_jpg.rf.6e0008d7f38b5af1c816fba6db264a79.jpg,300,300,57,91
Helmet,61,77,14,16,3886_jpg.rf.6e0008d7f38b5af1c816fba6db264a79.jpg,300,300,75,93
Helmet,53,95,17,16,3886_jpg.rf.6e0008d7f38b5af1c816fba6db264a79.jpg,300,300,70,111
Helmet,71,72,16,9,3886_jpg.rf.6e0008d7f38b5af1c816fba6db264a79.jpg,300,300,87,81
Helmet,95,80,16,14,3886_jpg.rf.6e0008d7f38b5af1c816fba6db264a79.jpg,300,300,111,94
Helmet,109,73,12,8,3886_jpg.rf.6e0008d7f38b5af1c816fba6db264a79.jpg,300,300,121,81
Helmet,123,69,12,11,3886_jpg.rf.6e0008d7f38b5af1c816fba6db264a79.jpg,300,300,135,80
None,137,63,9,14,3886_jpg.rf.6e0008d7f38b5af1c816fba6db264a79.jpg,300,300,146,77
Helmet,156,68,13,13,3886_jpg.rf.6e0008d7f38b5af1c816fba6db264a79.jpg,300,300,169,81
Helmet,176,71,15,14,3886_jpg.rf.6e0008d7f38b5af1c816fba6db264a79.jpg,300,300,191,85
Helmet,196,89,19,12,3886_jpg.rf.6e0008d7f38b5af1c816fba6db264a79.jpg,300,300,215,101
Helmet,219,87,19,15,3886_jpg.rf.6e0008d7f38b5af1c816fba6db264a79.jpg,300,300,238,102
Helmet,241,74,18,15,3886_jpg.rf.6e0008d7f38b5af1c816fba6db264a79.jpg,300,300,259,89
Helmet,266,77,23,19,3886_jpg.rf.6e0008d7f38b5af1c816fba6db264a79.jpg,300,300,289,96
Helmet,235,160,20,16,3886_jpg.rf.6e0008d7f38b5af1c816fba6db264a79.jpg,300,300,255,176
Helmet,186,164,22,18,3886_jpg.rf.6e0008d7f38b5af1c816fba6db264a79.jpg,300,300,208,182
Helmet,146,160,21,20,3886_jpg.rf.6e0008d7f38b5af1c816fba6db264a79.jpg,300,300,167,180
Helmet,49,178,26,17,3886_jpg.rf.6e0008d7f38b5af1c816fba6db264a79.jpg,300,300,75,195
Helmet,7,0,31,24,3887_jpg.rf.84231684d9e82b902bb7b41b2ea42508.jpg,300,300,38,24
Helmet,115,0,50,37,3887_jpg.rf.84231684d9e82b902bb7b41b2ea42508.jpg,300,300,165,37
Helmet,187,33,52,81,3887_jpg.rf.84231684d9e82b902bb7b41b2ea42508.jpg,300,300,239,114
Helmet,203,16,28,31,3889_jpg.rf.eeaaf93a1145251e1e19bf5a7c52e3cc.jpg,300,300,231,47
Helmet,54,131,19,26,3889_jpg.rf.eeaaf93a1145251e1e19bf5a7c52e3cc.jpg,300,300,73,157
None,236,53,16,32,3891_jpg.rf.4eb921486ae5af1eb977eb9ec71078c2.jpg,300,300,252,85
None,250,69,13,32,3891_jpg.rf.4eb921486ae5af1eb977eb9ec71078c2.jpg,300,300,263,101
None,75,115,20,35,3891_jpg.rf.4eb921486ae5af1eb977eb9ec71078c2.jpg,300,300,95,150
Helmet,102,25,21,24,3891_jpg.rf.4eb921486ae5af1eb977eb9ec71078c2.jpg,300,300,123,49
Helmet,41,71,24,26,3891_jpg.rf.4eb921486ae5af1eb977eb9ec71078c2.jpg,300,300,65,97
Helmet,0,248,10,38,3892_jpg.rf.800ce1d083c4abbf3e78f99df6955af2.jpg,300,300,10,286
Helmet,89,182,17,31,3892_jpg.rf.800ce1d083c4abbf3e78f99df6955af2.jpg,300,300,106,213
Helmet,21,125,8,10,3892_jpg.rf.800ce1d083c4abbf3e78f99df6955af2.jpg,300,300,29,135
Helmet,28,131,10,14,3892_jpg.rf.800ce1d083c4abbf3e78f99df6955af2.jpg,300,300,38,145
Helmet,58,145,8,10,3892_jpg.rf.800ce1d083c4abbf3e78f99df6955af2.jpg,300,300,66,155
Helmet,157,114,16,17,3892_jpg.rf.800ce1d083c4abbf3e78f99df6955af2.jpg,300,300,173,131
Helmet,194,123,13,17,3892_jpg.rf.800ce1d083c4abbf3e78f99df6955af2.jpg,300,300,207,140
Helmet,175,131,12,16,3892_jpg.rf.800ce1d083c4abbf3e78f99df6955af2.jpg,300,300,187,147
Helmet,216,132,12,13,3892_jpg.rf.800ce1d083c4abbf3e78f99df6955af2.jpg,300,300,228,145
Helmet,272,118,15,15,3892_jpg.rf.800ce1d083c4abbf3e78f99df6955af2.jpg,300,300,287,133
Helmet,241,82,10,12,3892_jpg.rf.800ce1d083c4abbf3e78f99df6955af2.jpg,300,300,251,94
Mask,83,83,8,8,3901_jpg.rf.18955b4c842007eadd3886fad22de8ae.jpg,300,300,91,91
Helmet,78,59,12,14,3901_jpg.rf.18955b4c842007eadd3886fad22de8ae.jpg,300,300,90,73
Helmet,12,58,5,8,3901_jpg.rf.18955b4c842007eadd3886fad22de8ae.jpg,300,300,17,66
Helmet,21,49,8,15,3901_jpg.rf.18955b4c842007eadd3886fad22de8ae.jpg,300,300,29,64
Helmet,45,49,8,12,3901_jpg.rf.18955b4c842007eadd3886fad22de8ae.jpg,300,300,53,61
Helmet,31,52,6,9,3901_jpg.rf.18955b4c842007eadd3886fad22de8ae.jpg,300,300,37,61
None,55,56,6,13,3901_jpg.rf.18955b4c842007eadd3886fad22de8ae.jpg,300,300,61,69
Helmet,62,58,7,12,3901_jpg.rf.18955b4c842007eadd3886fad22de8ae.jpg,300,300,69,70
Helmet,62,67,18,22,3901_jpg.rf.18955b4c842007eadd3886fad22de8ae.jpg,300,300,80,89
Helmet,90,36,25,36,3901_jpg.rf.18955b4c842007eadd3886fad22de8ae.jpg,300,300,115,72
Helmet,111,43,17,18,3901_jpg.rf.18955b4c842007eadd3886fad22de8ae.jpg,300,300,128,61
Helmet,134,36,18,23,3901_jpg.rf.18955b4c842007eadd3886fad22de8ae.jpg,300,300,152,59
Helmet,161,55,19,21,3901_jpg.rf.18955b4c842007eadd3886fad22de8ae.jpg,300,300,180,76
Helmet,192,49,9,23,3901_jpg.rf.18955b4c842007eadd3886fad22de8ae.jpg,300,300,201,72
Helmet,196,38,26,25,3901_jpg.rf.18955b4c842007eadd3886fad22de8ae.jpg,300,300,222,63
Helmet,233,58,20,22,3901_jpg.rf.18955b4c842007eadd3886fad22de8ae.jpg,300,300,253,80
Helmet,259,72,21,29,3901_jpg.rf.18955b4c842007eadd3886fad22de8ae.jpg,300,300,280,101
Helmet,105,8,80,59,3902_jpg.rf.aa5c9f449550f7de42f982e08e550f10.jpg,300,300,185,67
Mask,155,121,13,29,3904_jpg.rf.fb4a0d4f43bf5909edcd5df51ee61bca.jpg,300,300,168,150
Mask,247,26,11,14,3904_jpg.rf.fb4a0d4f43bf5909edcd5df51ee61bca.jpg,300,300,258,40
Mask,200,39,12,15,3904_jpg.rf.fb4a0d4f43bf5909edcd5df51ee61bca.jpg,300,300,212,54
Mask,151,25,10,14,3904_jpg.rf.fb4a0d4f43bf5909edcd5df51ee61bca.jpg,300,300,161,39
Mask,102,29,14,17,3904_jpg.rf.fb4a0d4f43bf5909edcd5df51ee61bca.jpg,300,300,116,46
Mask,111,28,1,4,3904_jpg.rf.fb4a0d4f43bf5909edcd5df51ee61bca.jpg,300,300,112,32
Mask,66,25,12,18,3904_jpg.rf.fb4a0d4f43bf5909edcd5df51ee61bca.jpg,300,300,78,43
Mask,22,29,14,17,3904_jpg.rf.fb4a0d4f43bf5909edcd5df51ee61bca.jpg,300,300,36,46
None,85,87,19,52,3904_jpg.rf.fb4a0d4f43bf5909edcd5df51ee61bca.jpg,300,300,104,139
None,229,109,21,56,3904_jpg.rf.fb4a0d4f43bf5909edcd5df51ee61bca.jpg,300,300,250,165
None,141,47,30,50,3906_jpg.rf.460bfdb554cec929974b21855a723ecf.jpg,300,300,171,97
Helmet,65,53,24,23,3911_jpg.rf.89fd08994ef7388b33c7ed33e4f8aa9d.jpg,300,300,89,76
Helmet,107,134,14,12,3911_jpg.rf.89fd08994ef7388b33c7ed33e4f8aa9d.jpg,300,300,121,146
Helmet,196,82,17,21,3911_jpg.rf.89fd08994ef7388b33c7ed33e4f8aa9d.jpg,300,300,213,103
Helmet,35,193,8,11,3911_jpg.rf.89fd08994ef7388b33c7ed33e4f8aa9d.jpg,300,300,43,204
Helmet,121,40,27,29,3913_jpg.rf.9f32f80b2ff62378526e94411a0a18d1.jpg,300,300,148,69
Helmet,197,175,15,23,3914_jpg.rf.492e8749fa2c06f96d1966c0ae21a1c8.jpg,300,300,212,198
Helmet,251,75,20,24,3914_jpg.rf.492e8749fa2c06f96d1966c0ae21a1c8.jpg,300,300,271,99
Helmet,271,137,11,21,3914_jpg.rf.492e8749fa2c06f96d1966c0ae21a1c8.jpg,300,300,282,158
Helmet,218,112,21,21,3914_jpg.rf.492e8749fa2c06f96d1966c0ae21a1c8.jpg,300,300,239,133
Helmet,124,88,20,18,3914_jpg.rf.492e8749fa2c06f96d1966c0ae21a1c8.jpg,300,300,144,106
Helmet,163,175,19,19,3914_jpg.rf.492e8749fa2c06f96d1966c0ae21a1c8.jpg,300,300,182,194
None,132,152,13,28,3914_jpg.rf.492e8749fa2c06f96d1966c0ae21a1c8.jpg,300,300,145,180
None,91,178,18,31,3914_jpg.rf.492e8749fa2c06f96d1966c0ae21a1c8.jpg,300,300,109,209
Helmet,83,94,18,20,3914_jpg.rf.492e8749fa2c06f96d1966c0ae21a1c8.jpg,300,300,101,114
Helmet,15,95,22,22,3914_jpg.rf.492e8749fa2c06f96d1966c0ae21a1c8.jpg,300,300,37,117
Helmet,282,153,11,23,3914_jpg.rf.492e8749fa2c06f96d1966c0ae21a1c8.jpg,300,300,293,176
Helmet,125,54,16,14,3917_jpg.rf.675998271e250c7d895e54425f658acf.jpg,300,300,141,68
Helmet,99,82,38,36,3917_jpg.rf.675998271e250c7d895e54425f658acf.jpg,300,300,137,118
Helmet,99,41,40,68,3918_jpg.rf.3b312fea9ed537ecc34bf2acdee2e3dd.jpg,300,300,139,109
None,157,106,12,25,3921_jpg.rf.76aa26d87c22a6426fc277981fb82040.jpg,300,300,169,131
None,40,169,18,23,3921_jpg.rf.76aa26d87c22a6426fc277981fb82040.jpg,300,300,58,192
None,152,139,16,17,3921_jpg.rf.76aa26d87c22a6426fc277981fb82040.jpg,300,300,168,156
Helmet,39,96,40,39,3923_jpg.rf.3a523054cfa172049a30aad8251060d1.jpg,300,300,79,135
Helmet,188,28,41,54,3923_jpg.rf.3a523054cfa172049a30aad8251060d1.jpg,300,300,229,82
Helmet,181,99,28,34,3923_jpg.rf.3a523054cfa172049a30aad8251060d1.jpg,300,300,209,133
Mask,201,122,12,13,3924_jpg.rf.89d7f40eac28f5d8e525aace624b9f78.jpg,300,300,213,135
Helmet,274,2,11,17,3924_jpg.rf.89d7f40eac28f5d8e525aace624b9f78.jpg,300,300,285,19
Helmet,195,101,21,21,3924_jpg.rf.89d7f40eac28f5d8e525aace624b9f78.jpg,300,300,216,122
Helmet,125,100,20,34,3924_jpg.rf.89d7f40eac28f5d8e525aace624b9f78.jpg,300,300,145,134
Helmet,26,102,18,19,3924_jpg.rf.89d7f40eac28f5d8e525aace624b9f78.jpg,300,300,44,121
Helmet,0,8,16,23,3924_jpg.rf.89d7f40eac28f5d8e525aace624b9f78.jpg,300,300,16,31
Mask,0,30,12,13,3924_jpg.rf.89d7f40eac28f5d8e525aace624b9f78.jpg,300,300,12,43
Helmet,182,46,29,30,3925_jpg.rf.a759e3dc8ccf30a9387d5c49173daffb.jpg,300,300,211,76
Helmet,141,100,9,9,3925_jpg.rf.a759e3dc8ccf30a9387d5c49173daffb.jpg,300,300,150,109
Helmet,102,107,12,10,3925_jpg.rf.a759e3dc8ccf30a9387d5c49173daffb.jpg,300,300,114,117
Helmet,45,73,23,35,3926_jpg.rf.bab4dc7e20942f914480d13927f244c9.jpg,300,300,68,108
Helmet,103,41,33,52,3926_jpg.rf.bab4dc7e20942f914480d13927f244c9.jpg,300,300,136,93
Helmet,152,12,39,64,3926_jpg.rf.bab4dc7e20942f914480d13927f244c9.jpg,300,300,191,76
None,125,91,19,40,3928_jpg.rf.0474a81642ae6a548c9d23cc475f7506.jpg,300,300,144,131
None,168,95,21,36,3928_jpg.rf.0474a81642ae6a548c9d23cc475f7506.jpg,300,300,189,131
Helmet,95,44,52,56,3929_jpg.rf.7d216f03ab063bc1ba1e5b3dd9db8e91.jpg,300,300,147,100
None,169,47,16,27,3929_jpg.rf.7d216f03ab063bc1ba1e5b3dd9db8e91.jpg,300,300,185,74
None,257,0,43,73,3929_jpg.rf.7d216f03ab063bc1ba1e5b3dd9db8e91.jpg,300,300,300,73
None,163,123,15,22,3931_jpg.rf.4e0ca992a8a380141afdea9757365f1c.jpg,300,300,178,145
None,154,150,15,20,3931_jpg.rf.4e0ca992a8a380141afdea9757365f1c.jpg,300,300,169,170
None,91,102,10,20,3931_jpg.rf.4e0ca992a8a380141afdea9757365f1c.jpg,300,300,101,122
None,68,95,13,21,3931_jpg.rf.4e0ca992a8a380141afdea9757365f1c.jpg,300,300,81,116
None,12,91,12,25,3931_jpg.rf.4e0ca992a8a380141afdea9757365f1c.jpg,300,300,24,116
None,128,51,38,94,3932_jpg.rf.9f26fecab2243ba460c4ab4f804ceea8.jpg,300,300,166,145
None,39,85,31,64,3932_jpg.rf.9f26fecab2243ba460c4ab4f804ceea8.jpg,300,300,70,149
Helmet,148,16,44,61,3936_jpg.rf.77f18d3727d8cc10ebfe6bf43e2a5720.jpg,300,300,192,77
Helmet,183,28,6,10,3938_jpg.rf.e035967b42b3abf6ca9d1c667b5b8dd2.jpg,300,300,189,38
Helmet,234,85,9,10,3938_jpg.rf.e035967b42b3abf6ca9d1c667b5b8dd2.jpg,300,300,243,95
Helmet,177,38,8,7,3938_jpg.rf.e035967b42b3abf6ca9d1c667b5b8dd2.jpg,300,300,185,45
Helmet,221,129,18,20,3939_jpg.rf.651c52fcd61c69b36318964a7bd64e10.jpg,300,300,239,149
Helmet,120,108,16,18,3939_jpg.rf.651c52fcd61c69b36318964a7bd64e10.jpg,300,300,136,126
Helmet,153,152,19,23,3939_jpg.rf.651c52fcd61c69b36318964a7bd64e10.jpg,300,300,172,175
Helmet,176,179,14,18,3939_jpg.rf.651c52fcd61c69b36318964a7bd64e10.jpg,300,300,190,197
Helmet,206,166,14,24,3939_jpg.rf.651c52fcd61c69b36318964a7bd64e10.jpg,300,300,220,190
Helmet,96,135,15,20,3939_jpg.rf.651c52fcd61c69b36318964a7bd64e10.jpg,300,300,111,155
Helmet,89,0,11,9,3939_jpg.rf.651c52fcd61c69b36318964a7bd64e10.jpg,300,300,100,9
Helmet,88,155,15,16,3940_jpg.rf.a39f01e58078dc7fb38c6cb2d6d7add1.jpg,300,300,103,171
Helmet,121,158,12,15,3940_jpg.rf.a39f01e58078dc7fb38c6cb2d6d7add1.jpg,300,300,133,173
None,191,12,41,102,3946_jpg.rf.50973bb5f6a87d3d144e22c2a2aa2f26.jpg,300,300,232,114
Helmet,126,132,37,43,3946_jpg.rf.50973bb5f6a87d3d144e22c2a2aa2f26.jpg,300,300,163,175
None,211,85,10,20,3947_jpg.rf.6bc33ff6acb5c1112107ddd2b617aee4.jpg,300,300,221,105
None,265,99,10,21,3947_jpg.rf.6bc33ff6acb5c1112107ddd2b617aee4.jpg,300,300,275,120
None,279,95,8,20,3947_jpg.rf.6bc33ff6acb5c1112107ddd2b617aee4.jpg,300,300,287,115
None,295,94,5,24,3947_jpg.rf.6bc33ff6acb5c1112107ddd2b617aee4.jpg,300,300,300,118
None,236,77,11,22,3947_jpg.rf.6bc33ff6acb5c1112107ddd2b617aee4.jpg,300,300,247,99
None,188,88,12,18,3947_jpg.rf.6bc33ff6acb5c1112107ddd2b617aee4.jpg,300,300,200,106
None,171,79,9,19,3947_jpg.rf.6bc33ff6acb5c1112107ddd2b617aee4.jpg,300,300,180,98
None,153,79,10,20,3947_jpg.rf.6bc33ff6acb5c1112107ddd2b617aee4.jpg,300,300,163,99
None,124,75,11,19,3947_jpg.rf.6bc33ff6acb5c1112107ddd2b617aee4.jpg,300,300,135,94
None,97,78,10,21,3947_jpg.rf.6bc33ff6acb5c1112107ddd2b617aee4.jpg,300,300,107,99
None,82,88,9,13,3947_jpg.rf.6bc33ff6acb5c1112107ddd2b617aee4.jpg,300,300,91,101
None,67,68,21,38,3947_jpg.rf.6bc33ff6acb5c1112107ddd2b617aee4.jpg,300,300,88,106
None,46,79,11,13,3947_jpg.rf.6bc33ff6acb5c1112107ddd2b617aee4.jpg,300,300,57,92
None,21,72,18,32,3947_jpg.rf.6bc33ff6acb5c1112107ddd2b617aee4.jpg,300,300,39,104
Mask,3,86,7,14,3947_jpg.rf.6bc33ff6acb5c1112107ddd2b617aee4.jpg,300,300,10,100
Helmet,84,0,47,61,3948_jpg.rf.1898fc3ddb4b572b164dc2f0c9ac0023.jpg,300,300,131,61
Helmet,40,38,23,20,3948_jpg.rf.1898fc3ddb4b572b164dc2f0c9ac0023.jpg,300,300,63,58
Helmet,0,48,20,28,3948_jpg.rf.1898fc3ddb4b572b164dc2f0c9ac0023.jpg,300,300,20,76
None,242,57,17,31,3948_jpg.rf.1898fc3ddb4b572b164dc2f0c9ac0023.jpg,300,300,259,88
Helmet,78,0,28,21,3949_jpg.rf.9a0492afd9d649a6347498a6097c4c05.jpg,300,300,106,21
Helmet,117,31,59,70,3949_jpg.rf.9a0492afd9d649a6347498a6097c4c05.jpg,300,300,176,101
Helmet,203,20,59,73,3949_jpg.rf.9a0492afd9d649a6347498a6097c4c05.jpg,300,300,262,93
Helmet,38,49,48,67,3950_jpg.rf.0f384a7bf0e806dcf074ff01dfaa7413.jpg,300,300,86,116
Helmet,109,13,55,70,3950_jpg.rf.0f384a7bf0e806dcf074ff01dfaa7413.jpg,300,300,164,83
Helmet,199,0,58,61,3950_jpg.rf.0f384a7bf0e806dcf074ff01dfaa7413.jpg,300,300,257,61
Helmet,266,68,33,23,3952_jpg.rf.68682b52b0c16811eb9d7549657fc589.jpg,300,300,299,91
Helmet,247,58,37,23,3952_jpg.rf.68682b52b0c16811eb9d7549657fc589.jpg,300,300,284,81
Helmet,204,65,46,23,3952_jpg.rf.68682b52b0c16811eb9d7549657fc589.jpg,300,300,250,88
Helmet,136,61,51,23,3952_jpg.rf.68682b52b0c16811eb9d7549657fc589.jpg,300,300,187,84
Helmet,6,45,46,20,3952_jpg.rf.68682b52b0c16811eb9d7549657fc589.jpg,300,300,52,65
Helmet,0,64,14,15,3952_jpg.rf.68682b52b0c16811eb9d7549657fc589.jpg,300,300,14,79
Mask,1,80,13,13,3952_jpg.rf.68682b52b0c16811eb9d7549657fc589.jpg,300,300,14,93
Helmet,43,66,28,15,3952_jpg.rf.68682b52b0c16811eb9d7549657fc589.jpg,300,300,71,81
None,142,183,29,26,3952_jpg.rf.68682b52b0c16811eb9d7549657fc589.jpg,300,300,171,209
None,183,105,36,25,3952_jpg.rf.68682b52b0c16811eb9d7549657fc589.jpg,300,300,219,130
None,99,92,30,36,3952_jpg.rf.68682b52b0c16811eb9d7549657fc589.jpg,300,300,129,128
Helmet,270,87,16,16,3953_jpg.rf.52a9f9e123b0b5b2cfcaa8a6717aabfd.jpg,300,300,286,103
Helmet,221,95,14,14,3953_jpg.rf.52a9f9e123b0b5b2cfcaa8a6717aabfd.jpg,300,300,235,109
Helmet,146,77,9,9,3953_jpg.rf.52a9f9e123b0b5b2cfcaa8a6717aabfd.jpg,300,300,155,86
Helmet,139,78,6,6,3953_jpg.rf.52a9f9e123b0b5b2cfcaa8a6717aabfd.jpg,300,300,145,84
Helmet,131,77,7,12,3953_jpg.rf.52a9f9e123b0b5b2cfcaa8a6717aabfd.jpg,300,300,138,89
Helmet,117,91,5,5,3953_jpg.rf.52a9f9e123b0b5b2cfcaa8a6717aabfd.jpg,300,300,122,96
Helmet,26,85,8,13,3953_jpg.rf.52a9f9e123b0b5b2cfcaa8a6717aabfd.jpg,300,300,34,98
Helmet,13,82,11,13,3953_jpg.rf.52a9f9e123b0b5b2cfcaa8a6717aabfd.jpg,300,300,24,95
None,157,104,7,12,3953_jpg.rf.52a9f9e123b0b5b2cfcaa8a6717aabfd.jpg,300,300,164,116
Mask,15,99,5,4,3953_jpg.rf.52a9f9e123b0b5b2cfcaa8a6717aabfd.jpg,300,300,20,103
Helmet,0,118,10,10,3953_jpg.rf.52a9f9e123b0b5b2cfcaa8a6717aabfd.jpg,300,300,10,128
Mask,142,27,45,18,3954_jpg.rf.821ae99fea8f7db9603aa9fde73a6589.jpg,300,300,187,45
Mask,262,20,22,12,3955_jpg.rf.00bfa1f4d8cac267464d68c8cd90b99a.jpg,300,300,284,32
Helmet,254,0,35,23,3955_jpg.rf.00bfa1f4d8cac267464d68c8cd90b99a.jpg,300,300,289,23
Helmet,126,23,57,35,3955_jpg.rf.00bfa1f4d8cac267464d68c8cd90b99a.jpg,300,300,183,58
Helmet,76,36,54,30,3956_jpg.rf.0c8ef46c58fa2ac9951ba29e8ab3092c.jpg,300,300,130,66
Helmet,127,27,10,31,3958_jpg.rf.68477d9e30056305ca4917f05c2f723f.jpg,300,300,137,58
Helmet,175,161,12,34,3958_jpg.rf.68477d9e30056305ca4917f05c2f723f.jpg,300,300,187,195
Helmet,117,133,13,17,3959_jpg.rf.52516d51e8fb09311363dec9ca58628e.jpg,300,300,130,150
Helmet,150,128,19,23,3959_jpg.rf.52516d51e8fb09311363dec9ca58628e.jpg,300,300,169,151
Helmet,212,117,18,19,3959_jpg.rf.52516d51e8fb09311363dec9ca58628e.jpg,300,300,230,136
Helmet,138,81,16,18,3962_jpg.rf.22123022051f12e38093f3352e4bd6b1.jpg,300,300,154,99
Helmet,201,99,16,13,3962_jpg.rf.22123022051f12e38093f3352e4bd6b1.jpg,300,300,217,112
Helmet,272,70,19,21,3962_jpg.rf.22123022051f12e38093f3352e4bd6b1.jpg,300,300,291,91
Helmet,33,25,25,24,3962_jpg.rf.22123022051f12e38093f3352e4bd6b1.jpg,300,300,58,49
Helmet,132,78,18,16,3964_jpg.rf.b022604dcc51571ab62ee88ff9e0fc9d.jpg,300,300,150,94
Helmet,139,22,16,36,3965_jpg.rf.b4e86c5507fdca9f440b049300e2d96f.jpg,300,300,155,58
Helmet,179,48,20,31,3965_jpg.rf.b4e86c5507fdca9f440b049300e2d96f.jpg,300,300,199,79
Helmet,203,48,18,26,3965_jpg.rf.b4e86c5507fdca9f440b049300e2d96f.jpg,300,300,221,74
Helmet,223,25,20,40,3965_jpg.rf.b4e86c5507fdca9f440b049300e2d96f.jpg,300,300,243,65
Helmet,154,43,43,58,3966_jpg.rf.49c91090859433a8e91c58d5069cf8b6.jpg,300,300,197,101
Helmet,213,0,45,46,3966_jpg.rf.49c91090859433a8e91c58d5069cf8b6.jpg,300,300,258,46
Helmet,126,60,43,48,3967_jpg.rf.a7fe4291d7ec9c387a47d9e1e01ca999.jpg,300,300,169,108
Helmet,71,45,46,34,3967_jpg.rf.a7fe4291d7ec9c387a47d9e1e01ca999.jpg,300,300,117,79
Helmet,3,5,77,56,3967_jpg.rf.a7fe4291d7ec9c387a47d9e1e01ca999.jpg,300,300,80,61
None,234,77,30,63,3969_jpg.rf.a4a0b0bf24485228d72e3b8d2ef374f0.jpg,300,300,264,140
None,140,80,42,35,3969_jpg.rf.a4a0b0bf24485228d72e3b8d2ef374f0.jpg,300,300,182,115
None,71,88,39,36,3969_jpg.rf.a4a0b0bf24485228d72e3b8d2ef374f0.jpg,300,300,110,124
Helmet,140,81,10,16,3970_jpg.rf.5bc8d38398a029bace7ecbe56c42330d.jpg,300,300,150,97
Helmet,112,78,11,10,3970_jpg.rf.5bc8d38398a029bace7ecbe56c42330d.jpg,300,300,123,88
Helmet,195,94,10,12,3970_jpg.rf.5bc8d38398a029bace7ecbe56c42330d.jpg,300,300,205,106
Helmet,211,78,10,11,3970_jpg.rf.5bc8d38398a029bace7ecbe56c42330d.jpg,300,300,221,89
Helmet,245,105,12,10,3970_jpg.rf.5bc8d38398a029bace7ecbe56c42330d.jpg,300,300,257,115
Helmet,131,37,71,89,3971_jpg.rf.517c01eead1621f5ff779580b085eb75.jpg,300,300,202,126
Helmet,0,0,44,53,3972_jpg.rf.6b1628af4321c0504c53f85d6bc223ff.jpg,300,300,44,53
Helmet,211,0,89,51,3972_jpg.rf.6b1628af4321c0504c53f85d6bc223ff.jpg,300,300,300,51
Helmet,188,47,38,29,3972_jpg.rf.6b1628af4321c0504c53f85d6bc223ff.jpg,300,300,226,76
Helmet,169,51,30,26,3972_jpg.rf.6b1628af4321c0504c53f85d6bc223ff.jpg,300,300,199,77
Helmet,117,67,29,25,3972_jpg.rf.6b1628af4321c0504c53f85d6bc223ff.jpg,300,300,146,92
Helmet,68,81,28,33,3972_jpg.rf.6b1628af4321c0504c53f85d6bc223ff.jpg,300,300,96,114
Helmet,28,101,33,33,3972_jpg.rf.6b1628af4321c0504c53f85d6bc223ff.jpg,300,300,61,134
None,148,78,14,27,3973_jpg.rf.52f9d5696cf7bdff57c9f02eacb7567c.jpg,300,300,162,105
None,71,92,11,23,3973_jpg.rf.52f9d5696cf7bdff57c9f02eacb7567c.jpg,300,300,82,115
Mask,181,99,8,7,3973_jpg.rf.52f9d5696cf7bdff57c9f02eacb7567c.jpg,300,300,189,106
Mask,282,104,9,8,3973_jpg.rf.52f9d5696cf7bdff57c9f02eacb7567c.jpg,300,300,291,112
Mask,259,104,10,8,3973_jpg.rf.52f9d5696cf7bdff57c9f02eacb7567c.jpg,300,300,269,112
Mask,239,107,8,7,3973_jpg.rf.52f9d5696cf7bdff57c9f02eacb7567c.jpg,300,300,247,114
Mask,48,97,11,8,3973_jpg.rf.52f9d5696cf7bdff57c9f02eacb7567c.jpg,300,300,59,105
Mask,262,188,7,10,3973_jpg.rf.52f9d5696cf7bdff57c9f02eacb7567c.jpg,300,300,269,198
Mask,207,185,7,10,3973_jpg.rf.52f9d5696cf7bdff57c9f02eacb7567c.jpg,300,300,214,195
Helmet,181,88,10,11,3973_jpg.rf.52f9d5696cf7bdff57c9f02eacb7567c.jpg,300,300,191,99
Helmet,236,96,13,11,3973_jpg.rf.52f9d5696cf7bdff57c9f02eacb7567c.jpg,300,300,249,107
Helmet,259,95,9,9,3973_jpg.rf.52f9d5696cf7bdff57c9f02eacb7567c.jpg,300,300,268,104
Helmet,280,94,12,10,3973_jpg.rf.52f9d5696cf7bdff57c9f02eacb7567c.jpg,300,300,292,104
Helmet,265,173,15,16,3973_jpg.rf.52f9d5696cf7bdff57c9f02eacb7567c.jpg,300,300,280,189
Helmet,208,170,19,23,3973_jpg.rf.52f9d5696cf7bdff57c9f02eacb7567c.jpg,300,300,227,193
Helmet,117,188,18,23,3973_jpg.rf.52f9d5696cf7bdff57c9f02eacb7567c.jpg,300,300,135,211
Helmet,200,224,24,29,3973_jpg.rf.52f9d5696cf7bdff57c9f02eacb7567c.jpg,300,300,224,253
Helmet,71,237,29,34,3973_jpg.rf.52f9d5696cf7bdff57c9f02eacb7567c.jpg,300,300,100,271
Helmet,2,193,22,24,3973_jpg.rf.52f9d5696cf7bdff57c9f02eacb7567c.jpg,300,300,24,217
Helmet,45,86,12,12,3973_jpg.rf.52f9d5696cf7bdff57c9f02eacb7567c.jpg,300,300,57,98
Mask,91,67,39,63,3974_jpg.rf.8c0cd83e78f1ad261cc27d57d3f4c0d8.jpg,300,300,130,130
Helmet,69,9,68,55,3974_jpg.rf.8c0cd83e78f1ad261cc27d57d3f4c0d8.jpg,300,300,137,64
Helmet,190,39,57,53,3976_jpg.rf.cd13a06f27146ff273587510cc63ca98.jpg,300,300,247,92
Helmet,19,79,52,47,3976_jpg.rf.cd13a06f27146ff273587510cc63ca98.jpg,300,300,71,126
Helmet,181,25,17,14,3978_jpg.rf.ae79c87b65f7862959c026fd7793b4bf.jpg,300,300,198,39
Helmet,130,72,21,23,3979_jpg.rf.c370f3d806bef6c4c606c9ba91924782.jpg,300,300,151,95
Helmet,0,196,16,20,3979_jpg.rf.c370f3d806bef6c4c606c9ba91924782.jpg,300,300,16,216
Helmet,107,41,24,29,3980_jpg.rf.d8cf9672cf77b1dfe81c36fd9b14954f.jpg,300,300,131,70
Helmet,174,215,15,26,3980_jpg.rf.d8cf9672cf77b1dfe81c36fd9b14954f.jpg,300,300,189,241
Helmet,24,55,22,22,3981_jpg.rf.a28b5c01db23741aebe6d7ded207faed.jpg,300,300,46,77
Helmet,93,41,23,20,3981_jpg.rf.a28b5c01db23741aebe6d7ded207faed.jpg,300,300,116,61
Helmet,134,69,20,16,3981_jpg.rf.a28b5c01db23741aebe6d7ded207faed.jpg,300,300,154,85
Helmet,163,58,21,20,3981_jpg.rf.a28b5c01db23741aebe6d7ded207faed.jpg,300,300,184,78
Helmet,210,39,22,21,3981_jpg.rf.a28b5c01db23741aebe6d7ded207faed.jpg,300,300,232,60
Helmet,254,48,24,20,3981_jpg.rf.a28b5c01db23741aebe6d7ded207faed.jpg,300,300,278,68
Helmet,135,15,52,88,3982_jpg.rf.3f77e961132777ce5bd90611825d3b7a.jpg,300,300,187,103
Helmet,211,45,36,61,3982_jpg.rf.3f77e961132777ce5bd90611825d3b7a.jpg,300,300,247,106
None,51,32,30,71,3984_jpg.rf.cf5959427830a9340fab3ae2e9f51ac6.jpg,300,300,81,103
None,87,32,28,46,3984_jpg.rf.cf5959427830a9340fab3ae2e9f51ac6.jpg,300,300,115,78
None,109,11,16,33,3984_jpg.rf.cf5959427830a9340fab3ae2e9f51ac6.jpg,300,300,125,44
None,147,8,15,25,3984_jpg.rf.cf5959427830a9340fab3ae2e9f51ac6.jpg,300,300,162,33
None,190,11,21,35,3984_jpg.rf.cf5959427830a9340fab3ae2e9f51ac6.jpg,300,300,211,46
None,231,13,23,39,3984_jpg.rf.cf5959427830a9340fab3ae2e9f51ac6.jpg,300,300,254,52
None,211,56,46,80,3984_jpg.rf.cf5959427830a9340fab3ae2e9f51ac6.jpg,300,300,257,136
Helmet,0,20,67,112,3984_jpg.rf.cf5959427830a9340fab3ae2e9f51ac6.jpg,300,300,67,132
Helmet,157,71,23,40,3985_jpg.rf.7fe5e0946af1054def5e724cbd353bba.jpg,300,300,180,111
Helmet,30,32,17,16,3991_jpg.rf.f1c30acad675a5a8fa8033e3324e4f24.jpg,300,300,47,48
Helmet,27,40,18,21,3991_jpg.rf.f1c30acad675a5a8fa8033e3324e4f24.jpg,300,300,45,61
Helmet,0,70,12,11,3991_jpg.rf.f1c30acad675a5a8fa8033e3324e4f24.jpg,300,300,12,81
Helmet,45,70,12,7,3991_jpg.rf.f1c30acad675a5a8fa8033e3324e4f24.jpg,300,300,57,77
Helmet,48,63,6,4,3991_jpg.rf.f1c30acad675a5a8fa8033e3324e4f24.jpg,300,300,54,67
Helmet,59,61,6,10,3991_jpg.rf.f1c30acad675a5a8fa8033e3324e4f24.jpg,300,300,65,71
Helmet,67,61,5,6,3991_jpg.rf.f1c30acad675a5a8fa8033e3324e4f24.jpg,300,300,72,67
Helmet,142,57,6,5,3991_jpg.rf.f1c30acad675a5a8fa8033e3324e4f24.jpg,300,300,148,62
Helmet,137,60,6,5,3991_jpg.rf.f1c30acad675a5a8fa8033e3324e4f24.jpg,300,300,143,65
Helmet,130,58,7,10,3991_jpg.rf.f1c30acad675a5a8fa8033e3324e4f24.jpg,300,300,137,68
Helmet,190,54,10,8,3991_jpg.rf.f1c30acad675a5a8fa8033e3324e4f24.jpg,300,300,200,62
Helmet,206,29,8,14,3991_jpg.rf.f1c30acad675a5a8fa8033e3324e4f24.jpg,300,300,214,43
Helmet,242,50,7,7,3991_jpg.rf.f1c30acad675a5a8fa8033e3324e4f24.jpg,300,300,249,57
Helmet,230,18,12,21,3991_jpg.rf.f1c30acad675a5a8fa8033e3324e4f24.jpg,300,300,242,39
Helmet,257,25,10,14,3991_jpg.rf.f1c30acad675a5a8fa8033e3324e4f24.jpg,300,300,267,39
Helmet,274,22,8,13,3991_jpg.rf.f1c30acad675a5a8fa8033e3324e4f24.jpg,300,300,282,35
Helmet,94,38,15,17,3991_jpg.rf.f1c30acad675a5a8fa8033e3324e4f24.jpg,300,300,109,55
Helmet,84,32,13,18,3991_jpg.rf.f1c30acad675a5a8fa8033e3324e4f24.jpg,300,300,97,50
Helmet,86,61,3,6,3991_jpg.rf.f1c30acad675a5a8fa8033e3324e4f24.jpg,300,300,89,67
Helmet,79,68,8,6,3991_jpg.rf.f1c30acad675a5a8fa8033e3324e4f24.jpg,300,300,87,74
Helmet,123,59,8,6,3991_jpg.rf.f1c30acad675a5a8fa8033e3324e4f24.jpg,300,300,131,65
Helmet,190,4,81,65,3992_jpg.rf.7aa866c8ef81e18865f69e8b837d16c8.jpg,300,300,271,69
None,210,173,31,33,3993_jpg.rf.e9eb5185de86ce7628e11f8069d2c359.jpg,300,300,241,206
Helmet,100,17,35,53,3994_jpg.rf.034009295d749e0d0f24493391363a62.jpg,300,300,135,70
Helmet,71,62,18,24,3998_jpg.rf.ef9e74e85aaeb15e3a8cc8acdf2e7f3d.jpg,300,300,89,86
Helmet,198,61,20,21,3998_jpg.rf.ef9e74e85aaeb15e3a8cc8acdf2e7f3d.jpg,300,300,218,82
Helmet,289,156,11,14,3998_jpg.rf.ef9e74e85aaeb15e3a8cc8acdf2e7f3d.jpg,300,300,300,170
Helmet,264,152,15,18,3998_jpg.rf.ef9e74e85aaeb15e3a8cc8acdf2e7f3d.jpg,300,300,279,170
Helmet,247,155,12,15,3998_jpg.rf.ef9e74e85aaeb15e3a8cc8acdf2e7f3d.jpg,300,300,259,170
Helmet,224,159,14,17,3998_jpg.rf.ef9e74e85aaeb15e3a8cc8acdf2e7f3d.jpg,300,300,238,176
Helmet,165,147,19,18,3998_jpg.rf.ef9e74e85aaeb15e3a8cc8acdf2e7f3d.jpg,300,300,184,165
Helmet,149,119,12,22,3998_jpg.rf.ef9e74e85aaeb15e3a8cc8acdf2e7f3d.jpg,300,300,161,141
Helmet,115,152,16,20,3998_jpg.rf.ef9e74e85aaeb15e3a8cc8acdf2e7f3d.jpg,300,300,131,172
Helmet,93,157,15,17,3998_jpg.rf.ef9e74e85aaeb15e3a8cc8acdf2e7f3d.jpg,300,300,108,174
Helmet,13,149,17,20,3998_jpg.rf.ef9e74e85aaeb15e3a8cc8acdf2e7f3d.jpg,300,300,30,169
Helmet,51,161,12,17,3998_jpg.rf.ef9e74e85aaeb15e3a8cc8acdf2e7f3d.jpg,300,300,63,178
Helmet,0,119,5,16,3998_jpg.rf.ef9e74e85aaeb15e3a8cc8acdf2e7f3d.jpg,300,300,5,135
None,279,139,9,14,4005_jpg.rf.6392a4e3584d2e20e06bc5efdb9808f1.jpg,300,300,288,153
None,256,136,7,9,4005_jpg.rf.6392a4e3584d2e20e06bc5efdb9808f1.jpg,300,300,263,145
None,219,135,8,9,4005_jpg.rf.6392a4e3584d2e20e06bc5efdb9808f1.jpg,300,300,227,144
Helmet,239,152,15,16,4005_jpg.rf.6392a4e3584d2e20e06bc5efdb9808f1.jpg,300,300,254,168
Helmet,67,122,20,20,4006_jpg.rf.691a7c3d3a4ec1809f2128670df2469b.jpg,300,300,87,142
Helmet,145,96,17,19,4006_jpg.rf.691a7c3d3a4ec1809f2128670df2469b.jpg,300,300,162,115
Helmet,182,89,19,18,4006_jpg.rf.691a7c3d3a4ec1809f2128670df2469b.jpg,300,300,201,107
Helmet,209,87,19,16,4006_jpg.rf.691a7c3d3a4ec1809f2128670df2469b.jpg,300,300,228,103
Helmet,110,16,73,74,4007_jpg.rf.82b2ede5820b78a8af51b35e1e8efa43.jpg,300,300,183,90
Helmet,7,0,100,31,4007_jpg.rf.82b2ede5820b78a8af51b35e1e8efa43.jpg,300,300,107,31
Helmet,24,105,24,24,4008_jpg.rf.ef01f9539bacf2ea96416761a5442883.jpg,300,300,48,129
Helmet,126,115,23,21,4008_jpg.rf.ef01f9539bacf2ea96416761a5442883.jpg,300,300,149,136
Helmet,274,224,26,55,4011_jpg.rf.89486a807ebe9696806bacebb953e512.jpg,300,300,300,279
Helmet,284,187,16,20,4011_jpg.rf.89486a807ebe9696806bacebb953e512.jpg,300,300,300,207
Helmet,166,13,55,82,4011_jpg.rf.89486a807ebe9696806bacebb953e512.jpg,300,300,221,95
Helmet,203,114,13,17,4016_jpg.rf.5878d676c90fd5705f940f2cc7229325.jpg,300,300,216,131
Helmet,186,130,12,12,4016_jpg.rf.5878d676c90fd5705f940f2cc7229325.jpg,300,300,198,142
Helmet,175,134,10,12,4016_jpg.rf.5878d676c90fd5705f940f2cc7229325.jpg,300,300,185,146
Helmet,163,146,9,10,4016_jpg.rf.5878d676c90fd5705f940f2cc7229325.jpg,300,300,172,156
Helmet,142,117,10,12,4016_jpg.rf.5878d676c90fd5705f940f2cc7229325.jpg,300,300,152,129
Helmet,136,122,7,12,4016_jpg.rf.5878d676c90fd5705f940f2cc7229325.jpg,300,300,143,134
Helmet,100,113,15,13,4016_jpg.rf.5878d676c90fd5705f940f2cc7229325.jpg,300,300,115,126
Helmet,84,135,13,13,4016_jpg.rf.5878d676c90fd5705f940f2cc7229325.jpg,300,300,97,148
Helmet,32,59,21,21,4018_jpg.rf.fd0b295e75031c68294186c0f240e045.jpg,300,300,53,80
Helmet,157,70,20,15,4018_jpg.rf.fd0b295e75031c68294186c0f240e045.jpg,300,300,177,85
Helmet,207,110,16,18,4018_jpg.rf.fd0b295e75031c68294186c0f240e045.jpg,300,300,223,128
Helmet,93,31,46,72,4019_jpg.rf.5fb26b5655e48577c969eee604eb7709.jpg,300,300,139,103
Helmet,249,218,6,7,4019_jpg.rf.5fb26b5655e48577c969eee604eb7709.jpg,300,300,255,225
Helmet,264,223,7,8,4019_jpg.rf.5fb26b5655e48577c969eee604eb7709.jpg,300,300,271,231
Mask,249,81,15,22,4020_jpg.rf.e86cda97bf6bdb2ee19b35c115dab2c9.jpg,300,300,264,103
Helmet,231,36,35,39,4020_jpg.rf.e86cda97bf6bdb2ee19b35c115dab2c9.jpg,300,300,266,75
Helmet,190,18,26,35,4020_jpg.rf.e86cda97bf6bdb2ee19b35c115dab2c9.jpg,300,300,216,53
Helmet,145,7,32,38,4020_jpg.rf.e86cda97bf6bdb2ee19b35c115dab2c9.jpg,300,300,177,45
Helmet,268,219,32,59,4021_jpg.rf.c160caef76943b943b2f486a962480e3.jpg,300,300,300,278
Helmet,165,15,54,76,4021_jpg.rf.c160caef76943b943b2f486a962480e3.jpg,300,300,219,91
Helmet,162,0,11,5,4022_jpg.rf.e87e4811c5a65b4d6a79054ae4ed7902.jpg,300,300,173,5
Helmet,180,49,10,12,4022_jpg.rf.e87e4811c5a65b4d6a79054ae4ed7902.jpg,300,300,190,61
Helmet,185,151,7,11,4022_jpg.rf.e87e4811c5a65b4d6a79054ae4ed7902.jpg,300,300,192,162
Helmet,157,122,7,12,4022_jpg.rf.e87e4811c5a65b4d6a79054ae4ed7902.jpg,300,300,164,134
Helmet,204,210,8,10,4022_jpg.rf.e87e4811c5a65b4d6a79054ae4ed7902.jpg,300,300,212,220
Helmet,262,199,8,10,4022_jpg.rf.e87e4811c5a65b4d6a79054ae4ed7902.jpg,300,300,270,209
Helmet,168,279,9,12,4022_jpg.rf.e87e4811c5a65b4d6a79054ae4ed7902.jpg,300,300,177,291
Mask,98,81,4,5,4023_jpg.rf.187bdfa7c08445a91271915dcfb81cf8.jpg,300,300,102,86
Helmet,58,106,7,7,4023_jpg.rf.187bdfa7c08445a91271915dcfb81cf8.jpg,300,300,65,113
Helmet,17,111,8,8,4023_jpg.rf.187bdfa7c08445a91271915dcfb81cf8.jpg,300,300,25,119
Mask,167,114,6,6,4023_jpg.rf.187bdfa7c08445a91271915dcfb81cf8.jpg,300,300,173,120
None,110,110,7,10,4023_jpg.rf.187bdfa7c08445a91271915dcfb81cf8.jpg,300,300,117,120
Helmet,190,25,27,32,4024_jpg.rf.a24175ee09fd9faee358d38c40cc5cdd.jpg,300,300,217,57
Helmet,131,193,7,9,4024_jpg.rf.a24175ee09fd9faee358d38c40cc5cdd.jpg,300,300,138,202
Helmet,44,218,6,7,4024_jpg.rf.a24175ee09fd9faee358d38c40cc5cdd.jpg,300,300,50,225
Helmet,39,223,5,6,4024_jpg.rf.a24175ee09fd9faee358d38c40cc5cdd.jpg,300,300,44,229
Helmet,46,53,74,42,4025_jpg.rf.5549c65dbae8e8f2c01d09201379b80a.jpg,300,300,120,95
Helmet,162,97,61,28,4025_jpg.rf.5549c65dbae8e8f2c01d09201379b80a.jpg,300,300,223,125
Helmet,256,62,16,21,4026_jpg.rf.d263e38fea3b6de126f23a3f10043ec4.jpg,300,300,272,83
Helmet,188,123,21,18,4026_jpg.rf.d263e38fea3b6de126f23a3f10043ec4.jpg,300,300,209,141
Helmet,145,78,21,14,4026_jpg.rf.d263e38fea3b6de126f23a3f10043ec4.jpg,300,300,166,92
Helmet,85,49,18,24,4026_jpg.rf.d263e38fea3b6de126f23a3f10043ec4.jpg,300,300,103,73
Helmet,92,71,23,20,4031_jpg.rf.bf8ed17d53235d6e281cbbf9ab01b0d4.jpg,300,300,115,91
Helmet,118,55,18,21,4031_jpg.rf.bf8ed17d53235d6e281cbbf9ab01b0d4.jpg,300,300,136,76
Helmet,164,52,20,28,4031_jpg.rf.bf8ed17d53235d6e281cbbf9ab01b0d4.jpg,300,300,184,80
Helmet,181,73,13,13,4031_jpg.rf.bf8ed17d53235d6e281cbbf9ab01b0d4.jpg,300,300,194,86
Helmet,192,69,17,14,4031_jpg.rf.bf8ed17d53235d6e281cbbf9ab01b0d4.jpg,300,300,209,83
Helmet,237,76,23,21,4031_jpg.rf.bf8ed17d53235d6e281cbbf9ab01b0d4.jpg,300,300,260,97
Helmet,27,84,15,14,4032_jpg.rf.10e8ca87d42bada7dfa1ffc70fe5b6fc.jpg,300,300,42,98
Helmet,36,99,15,20,4032_jpg.rf.10e8ca87d42bada7dfa1ffc70fe5b6fc.jpg,300,300,51,119
Helmet,173,122,10,10,4032_jpg.rf.10e8ca87d42bada7dfa1ffc70fe5b6fc.jpg,300,300,183,132
None,211,117,13,19,4032_jpg.rf.10e8ca87d42bada7dfa1ffc70fe5b6fc.jpg,300,300,224,136
None,246,118,12,20,4032_jpg.rf.10e8ca87d42bada7dfa1ffc70fe5b6fc.jpg,300,300,258,138
Helmet,99,94,13,20,4033_jpg.rf.b09bc4fc9396eb13e72204124ad2cf7f.jpg,300,300,112,114
Helmet,176,109,22,16,4033_jpg.rf.b09bc4fc9396eb13e72204124ad2cf7f.jpg,300,300,198,125
Helmet,140,92,20,20,4033_jpg.rf.b09bc4fc9396eb13e72204124ad2cf7f.jpg,300,300,160,112
Helmet,41,107,20,18,4033_jpg.rf.b09bc4fc9396eb13e72204124ad2cf7f.jpg,300,300,61,125
Helmet,159,138,18,20,4035_jpg.rf.7a9fa9f4948b517bb69e77927cbb3c1e.jpg,300,300,177,158
Helmet,69,164,18,15,4035_jpg.rf.7a9fa9f4948b517bb69e77927cbb3c1e.jpg,300,300,87,179
Helmet,112,37,28,28,4039_jpg.rf.36ded28d5a9e092f94d9501ee6f05dbc.jpg,300,300,140,65
None,170,51,23,44,4039_jpg.rf.36ded28d5a9e092f94d9501ee6f05dbc.jpg,300,300,193,95
Helmet,49,98,28,23,4043_jpg.rf.5fae26667a15355d65d0b1f2274cc7f6.jpg,300,300,77,121
None,102,98,11,23,4043_jpg.rf.5fae26667a15355d65d0b1f2274cc7f6.jpg,300,300,113,121
Helmet,148,120,18,17,4043_jpg.rf.5fae26667a15355d65d0b1f2274cc7f6.jpg,300,300,166,137
Helmet,187,117,23,18,4043_jpg.rf.5fae26667a15355d65d0b1f2274cc7f6.jpg,300,300,210,135
Helmet,231,121,26,21,4043_jpg.rf.5fae26667a15355d65d0b1f2274cc7f6.jpg,300,300,257,142
Helmet,266,200,24,23,4043_jpg.rf.5fae26667a15355d65d0b1f2274cc7f6.jpg,300,300,290,223
Helmet,239,208,19,15,4043_jpg.rf.5fae26667a15355d65d0b1f2274cc7f6.jpg,300,300,258,223
Helmet,219,196,18,16,4043_jpg.rf.5fae26667a15355d65d0b1f2274cc7f6.jpg,300,300,237,212
Helmet,195,196,18,16,4043_jpg.rf.5fae26667a15355d65d0b1f2274cc7f6.jpg,300,300,213,212
Helmet,174,213,20,19,4043_jpg.rf.5fae26667a15355d65d0b1f2274cc7f6.jpg,300,300,194,232
Helmet,153,219,16,14,4043_jpg.rf.5fae26667a15355d65d0b1f2274cc7f6.jpg,300,300,169,233
Helmet,124,221,16,13,4043_jpg.rf.5fae26667a15355d65d0b1f2274cc7f6.jpg,300,300,140,234
Helmet,110,217,12,10,4043_jpg.rf.5fae26667a15355d65d0b1f2274cc7f6.jpg,300,300,122,227
Helmet,94,206,19,15,4043_jpg.rf.5fae26667a15355d65d0b1f2274cc7f6.jpg,300,300,113,221
Helmet,73,217,15,15,4043_jpg.rf.5fae26667a15355d65d0b1f2274cc7f6.jpg,300,300,88,232
Helmet,59,208,18,15,4043_jpg.rf.5fae26667a15355d65d0b1f2274cc7f6.jpg,300,300,77,223
Helmet,53,190,19,15,4043_jpg.rf.5fae26667a15355d65d0b1f2274cc7f6.jpg,300,300,72,205
Helmet,33,196,20,15,4043_jpg.rf.5fae26667a15355d65d0b1f2274cc7f6.jpg,300,300,53,211
Helmet,43,209,14,11,4043_jpg.rf.5fae26667a15355d65d0b1f2274cc7f6.jpg,300,300,57,220
Helmet,10,181,23,18,4043_jpg.rf.5fae26667a15355d65d0b1f2274cc7f6.jpg,300,300,33,199
Helmet,12,196,19,15,4043_jpg.rf.5fae26667a15355d65d0b1f2274cc7f6.jpg,300,300,31,211
None,89,177,13,25,4043_jpg.rf.5fae26667a15355d65d0b1f2274cc7f6.jpg,300,300,102,202
None,122,183,14,25,4043_jpg.rf.5fae26667a15355d65d0b1f2274cc7f6.jpg,300,300,136,208
None,153,183,11,23,4043_jpg.rf.5fae26667a15355d65d0b1f2274cc7f6.jpg,300,300,164,206
Mask,136,93,22,20,4047_jpg.rf.e8b16c6d2ef1ccb1c102883df14a068e.jpg,300,300,158,113
Mask,145,15,25,20,4047_jpg.rf.e8b16c6d2ef1ccb1c102883df14a068e.jpg,300,300,170,35
Mask,61,25,24,13,4047_jpg.rf.e8b16c6d2ef1ccb1c102883df14a068e.jpg,300,300,85,38
Mask,105,61,32,18,4047_jpg.rf.e8b16c6d2ef1ccb1c102883df14a068e.jpg,300,300,137,79
Mask,192,51,40,36,4047_jpg.rf.e8b16c6d2ef1ccb1c102883df14a068e.jpg,300,300,232,87
Mask,112,115,30,17,4047_jpg.rf.e8b16c6d2ef1ccb1c102883df14a068e.jpg,300,300,142,132
Mask,114,137,22,19,4047_jpg.rf.e8b16c6d2ef1ccb1c102883df14a068e.jpg,300,300,136,156
Mask,85,175,26,16,4047_jpg.rf.e8b16c6d2ef1ccb1c102883df14a068e.jpg,300,300,111,191
Mask,130,201,25,30,4047_jpg.rf.e8b16c6d2ef1ccb1c102883df14a068e.jpg,300,300,155,231
Mask,107,226,27,21,4047_jpg.rf.e8b16c6d2ef1ccb1c102883df14a068e.jpg,300,300,134,247
Mask,163,175,35,31,4047_jpg.rf.e8b16c6d2ef1ccb1c102883df14a068e.jpg,300,300,198,206
Mask,198,195,20,41,4049_jpg.rf.8b023659f7135959997b1238b2a61677.jpg,300,300,218,236
None,122,157,28,70,4049_jpg.rf.8b023659f7135959997b1238b2a61677.jpg,300,300,150,227
None,51,169,65,30,4059_jpg.rf.fa486e3b769110e6039453b82063e850.jpg,300,300,116,199
None,68,98,70,29,4059_jpg.rf.fa486e3b769110e6039453b82063e850.jpg,300,300,138,127
Mask,84,225,48,20,4059_jpg.rf.fa486e3b769110e6039453b82063e850.jpg,300,300,132,245
Mask,145,63,54,38,4061_jpg.rf.72a545b5ec7845f3f427560d8bb2f47a.jpg,300,300,199,101
Mask,0,106,58,37,4061_jpg.rf.72a545b5ec7845f3f427560d8bb2f47a.jpg,300,300,58,143
Mask,202,37,34,30,4061_jpg.rf.72a545b5ec7845f3f427560d8bb2f47a.jpg,300,300,236,67
Mask,249,24,51,38,4061_jpg.rf.72a545b5ec7845f3f427560d8bb2f47a.jpg,300,300,300,62
Mask,256,142,28,28,4061_jpg.rf.72a545b5ec7845f3f427560d8bb2f47a.jpg,300,300,284,170
Mask,178,157,27,16,4061_jpg.rf.72a545b5ec7845f3f427560d8bb2f47a.jpg,300,300,205,173
Mask,197,176,21,13,4061_jpg.rf.72a545b5ec7845f3f427560d8bb2f47a.jpg,300,300,218,189
Mask,219,189,23,21,4061_jpg.rf.72a545b5ec7845f3f427560d8bb2f47a.jpg,300,300,242,210
Mask,237,225,17,13,4061_jpg.rf.72a545b5ec7845f3f427560d8bb2f47a.jpg,300,300,254,238
Mask,211,231,18,14,4061_jpg.rf.72a545b5ec7845f3f427560d8bb2f47a.jpg,300,300,229,245
Mask,232,249,16,12,4061_jpg.rf.72a545b5ec7845f3f427560d8bb2f47a.jpg,300,300,248,261
Mask,261,248,17,14,4061_jpg.rf.72a545b5ec7845f3f427560d8bb2f47a.jpg,300,300,278,262
Mask,277,234,15,11,4061_jpg.rf.72a545b5ec7845f3f427560d8bb2f47a.jpg,300,300,292,245
Mask,223,255,7,10,4061_jpg.rf.72a545b5ec7845f3f427560d8bb2f47a.jpg,300,300,230,265
Mask,135,255,12,11,4065_jpg.rf.eec8940bfefe7aecc9a6502220bd532c.jpg,300,300,147,266
Mask,75,56,16,18,4065_jpg.rf.eec8940bfefe7aecc9a6502220bd532c.jpg,300,300,91,74
Mask,101,170,12,13,4065_jpg.rf.eec8940bfefe7aecc9a6502220bd532c.jpg,300,300,113,183
None,121,206,18,12,4065_jpg.rf.eec8940bfefe7aecc9a6502220bd532c.jpg,300,300,139,218
None,93,111,25,15,4065_jpg.rf.eec8940bfefe7aecc9a6502220bd532c.jpg,300,300,118,126
None,111,216,17,10,4065_jpg.rf.eec8940bfefe7aecc9a6502220bd532c.jpg,300,300,128,226
Helmet,116,255,16,16,4069_jpg.rf.fc1ed582ab26104027901456a20a6b96.jpg,300,300,132,271
Helmet,143,247,13,13,4069_jpg.rf.fc1ed582ab26104027901456a20a6b96.jpg,300,300,156,260
Helmet,208,224,13,16,4069_jpg.rf.fc1ed582ab26104027901456a20a6b96.jpg,300,300,221,240
Helmet,266,195,13,14,4069_jpg.rf.fc1ed582ab26104027901456a20a6b96.jpg,300,300,279,209
None,64,239,12,23,4069_jpg.rf.fc1ed582ab26104027901456a20a6b96.jpg,300,300,76,262
None,136,225,16,27,4070_jpg.rf.9d93798d7d3f3188911e291476e1aabf.jpg,300,300,152,252
None,270,86,14,22,4070_jpg.rf.9d93798d7d3f3188911e291476e1aabf.jpg,300,300,284,108
None,256,113,11,25,4070_jpg.rf.9d93798d7d3f3188911e291476e1aabf.jpg,300,300,267,138
None,217,105,13,22,4070_jpg.rf.9d93798d7d3f3188911e291476e1aabf.jpg,300,300,230,127
None,181,82,15,27,4070_jpg.rf.9d93798d7d3f3188911e291476e1aabf.jpg,300,300,196,109
None,145,137,11,24,4070_jpg.rf.9d93798d7d3f3188911e291476e1aabf.jpg,300,300,156,161
None,123,137,10,21,4070_jpg.rf.9d93798d7d3f3188911e291476e1aabf.jpg,300,300,133,158
None,99,114,12,20,4070_jpg.rf.9d93798d7d3f3188911e291476e1aabf.jpg,300,300,111,134
None,19,90,15,24,4070_jpg.rf.9d93798d7d3f3188911e291476e1aabf.jpg,300,300,34,114
None,2,143,13,21,4070_jpg.rf.9d93798d7d3f3188911e291476e1aabf.jpg,300,300,15,164
None,23,252,23,31,4070_jpg.rf.9d93798d7d3f3188911e291476e1aabf.jpg,300,300,46,283
None,0,240,11,32,4070_jpg.rf.9d93798d7d3f3188911e291476e1aabf.jpg,300,300,11,272
Helmet,5,125,6,7,4072_jpg.rf.f4cb7d1d2a208c00e513a2a8e16ed510.jpg,300,300,11,132
Helmet,138,5,25,24,4072_jpg.rf.f4cb7d1d2a208c00e513a2a8e16ed510.jpg,300,300,163,29
Helmet,166,26,18,16,4072_jpg.rf.f4cb7d1d2a208c00e513a2a8e16ed510.jpg,300,300,184,42
Mask,144,31,16,11,4072_jpg.rf.f4cb7d1d2a208c00e513a2a8e16ed510.jpg,300,300,160,42
Mask,168,48,18,19,4072_jpg.rf.f4cb7d1d2a208c00e513a2a8e16ed510.jpg,300,300,186,67
Helmet,203,43,23,24,4072_jpg.rf.f4cb7d1d2a208c00e513a2a8e16ed510.jpg,300,300,226,67
Helmet,230,63,17,12,4072_jpg.rf.f4cb7d1d2a208c00e513a2a8e16ed510.jpg,300,300,247,75
Helmet,99,90,13,9,4072_jpg.rf.f4cb7d1d2a208c00e513a2a8e16ed510.jpg,300,300,112,99
Helmet,61,81,12,13,4072_jpg.rf.f4cb7d1d2a208c00e513a2a8e16ed510.jpg,300,300,73,94
Mask,59,96,14,11,4072_jpg.rf.f4cb7d1d2a208c00e513a2a8e16ed510.jpg,300,300,73,107
Helmet,27,125,9,8,4072_jpg.rf.f4cb7d1d2a208c00e513a2a8e16ed510.jpg,300,300,36,133
Mask,28,133,6,7,4072_jpg.rf.f4cb7d1d2a208c00e513a2a8e16ed510.jpg,300,300,34,140
Helmet,86,117,8,11,4072_jpg.rf.f4cb7d1d2a208c00e513a2a8e16ed510.jpg,300,300,94,128
Mask,34,247,20,25,4073_jpg.rf.764afb54a504770addd047b4394a2302.jpg,300,300,54,272
Mask,194,155,26,26,4073_jpg.rf.764afb54a504770addd047b4394a2302.jpg,300,300,220,181
Mask,247,146,21,22,4073_jpg.rf.764afb54a504770addd047b4394a2302.jpg,300,300,268,168
Mask,81,203,17,18,4075_jpg.rf.da1f8dbf59372bbbc553b98edd47d757.jpg,300,300,98,221
Mask,130,223,12,17,4075_jpg.rf.da1f8dbf59372bbbc553b98edd47d757.jpg,300,300,142,240
Mask,48,211,21,26,4075_jpg.rf.da1f8dbf59372bbbc553b98edd47d757.jpg,300,300,69,237
Mask,6,207,15,22,4075_jpg.rf.da1f8dbf59372bbbc553b98edd47d757.jpg,300,300,21,229
Mask,104,224,9,16,4075_jpg.rf.da1f8dbf59372bbbc553b98edd47d757.jpg,300,300,113,240
Mask,142,214,13,12,4075_jpg.rf.da1f8dbf59372bbbc553b98edd47d757.jpg,300,300,155,226
Mask,150,231,8,13,4075_jpg.rf.da1f8dbf59372bbbc553b98edd47d757.jpg,300,300,158,244
Mask,164,225,11,10,4075_jpg.rf.da1f8dbf59372bbbc553b98edd47d757.jpg,300,300,175,235
Mask,181,223,10,12,4075_jpg.rf.da1f8dbf59372bbbc553b98edd47d757.jpg,300,300,191,235
Mask,203,233,9,9,4075_jpg.rf.da1f8dbf59372bbbc553b98edd47d757.jpg,300,300,212,242
Mask,214,219,8,12,4075_jpg.rf.da1f8dbf59372bbbc553b98edd47d757.jpg,300,300,222,231
Mask,237,231,10,10,4075_jpg.rf.da1f8dbf59372bbbc553b98edd47d757.jpg,300,300,247,241
Mask,252,176,7,14,4075_jpg.rf.da1f8dbf59372bbbc553b98edd47d757.jpg,300,300,259,190
Mask,120,194,15,16,4077_jpg.rf.506038f2821611d0319e8f457937a4e5.jpg,300,300,135,210
Mask,168,175,19,20,4077_jpg.rf.506038f2821611d0319e8f457937a4e5.jpg,300,300,187,195
Mask,210,28,32,23,4077_jpg.rf.506038f2821611d0319e8f457937a4e5.jpg,300,300,242,51
Mask,122,175,17,15,4077_jpg.rf.506038f2821611d0319e8f457937a4e5.jpg,300,300,139,190
Mask,93,153,13,12,4077_jpg.rf.506038f2821611d0319e8f457937a4e5.jpg,300,300,106,165
Mask,73,168,11,12,4077_jpg.rf.506038f2821611d0319e8f457937a4e5.jpg,300,300,84,180
Mask,47,176,9,7,4077_jpg.rf.506038f2821611d0319e8f457937a4e5.jpg,300,300,56,183
Mask,90,112,9,10,4077_jpg.rf.506038f2821611d0319e8f457937a4e5.jpg,300,300,99,122
Mask,52,122,8,8,4077_jpg.rf.506038f2821611d0319e8f457937a4e5.jpg,300,300,60,130
Mask,43,143,9,6,4077_jpg.rf.506038f2821611d0319e8f457937a4e5.jpg,300,300,52,149
Mask,46,156,7,7,4077_jpg.rf.506038f2821611d0319e8f457937a4e5.jpg,300,300,53,163
Helmet,124,33,49,47,4078_jpg.rf.9f91e41a5750ca42b1bbbb4896f73b7a.jpg,300,300,173,80
Helmet,58,157,35,38,4078_jpg.rf.9f91e41a5750ca42b1bbbb4896f73b7a.jpg,300,300,93,195
Mask,224,244,21,30,4079_jpg.rf.c4a3de5bf879b4c3873f59dbb4f5d401.jpg,300,300,245,274
Mask,282,226,17,23,4079_jpg.rf.c4a3de5bf879b4c3873f59dbb4f5d401.jpg,300,300,299,249
Mask,184,121,31,37,4079_jpg.rf.c4a3de5bf879b4c3873f59dbb4f5d401.jpg,300,300,215,158
Mask,124,5,50,69,4079_jpg.rf.c4a3de5bf879b4c3873f59dbb4f5d401.jpg,300,300,174,74
Mask,52,91,34,46,4079_jpg.rf.c4a3de5bf879b4c3873f59dbb4f5d401.jpg,300,300,86,137
Mask,132,244,25,23,4079_jpg.rf.c4a3de5bf879b4c3873f59dbb4f5d401.jpg,300,300,157,267
Mask,29,223,20,26,4079_jpg.rf.c4a3de5bf879b4c3873f59dbb4f5d401.jpg,300,300,49,249
Mask,89,134,21,38,4079_jpg.rf.c4a3de5bf879b4c3873f59dbb4f5d401.jpg,300,300,110,172
Mask,173,81,12,11,4080_jpg.rf.a4bc2342cfe5a2ff537a9230d955c251.jpg,300,300,185,92
Mask,264,133,9,15,4080_jpg.rf.a4bc2342cfe5a2ff537a9230d955c251.jpg,300,300,273,148
Mask,209,87,28,26,4080_jpg.rf.a4bc2342cfe5a2ff537a9230d955c251.jpg,300,300,237,113
Mask,3,34,20,30,4080_jpg.rf.a4bc2342cfe5a2ff537a9230d955c251.jpg,300,300,23,64
None,89,64,40,104,4080_jpg.rf.a4bc2342cfe5a2ff537a9230d955c251.jpg,300,300,129,168
None,156,34,22,43,4082_jpg.rf.751dd1270eb1a30bc4db7b456748336f.jpg,300,300,178,77
None,112,39,16,34,4082_jpg.rf.751dd1270eb1a30bc4db7b456748336f.jpg,300,300,128,73
Mask,28,73,15,20,4082_jpg.rf.751dd1270eb1a30bc4db7b456748336f.jpg,300,300,43,93
Helmet,62,92,17,16,4086_jpg.rf.e0e4ec04e8d6d45e311f3e096ce5fa12.jpg,300,300,79,108
Helmet,14,86,16,16,4086_jpg.rf.e0e4ec04e8d6d45e311f3e096ce5fa12.jpg,300,300,30,102
Helmet,144,74,9,12,4086_jpg.rf.e0e4ec04e8d6d45e311f3e096ce5fa12.jpg,300,300,153,86
Helmet,156,77,6,9,4086_jpg.rf.e0e4ec04e8d6d45e311f3e096ce5fa12.jpg,300,300,162,86
Helmet,161,78,10,11,4086_jpg.rf.e0e4ec04e8d6d45e311f3e096ce5fa12.jpg,300,300,171,89
Helmet,262,84,9,15,4086_jpg.rf.e0e4ec04e8d6d45e311f3e096ce5fa12.jpg,300,300,271,99
Helmet,275,85,8,11,4086_jpg.rf.e0e4ec04e8d6d45e311f3e096ce5fa12.jpg,300,300,283,96
Mask,279,97,8,7,4086_jpg.rf.e0e4ec04e8d6d45e311f3e096ce5fa12.jpg,300,300,287,104
None,134,102,11,12,4086_jpg.rf.e0e4ec04e8d6d45e311f3e096ce5fa12.jpg,300,300,145,114
Helmet,178,89,7,8,4086_jpg.rf.e0e4ec04e8d6d45e311f3e096ce5fa12.jpg,300,300,185,97
Helmet,0,127,49,71,4087_jpg.rf.09382a2fcca6e9c95ff93c6c298d2658.jpg,300,300,49,198
Mask,3,71,45,54,4087_jpg.rf.09382a2fcca6e9c95ff93c6c298d2658.jpg,300,300,48,125
Mask,70,139,25,28,4087_jpg.rf.09382a2fcca6e9c95ff93c6c298d2658.jpg,300,300,95,167
Mask,100,165,12,14,4087_jpg.rf.09382a2fcca6e9c95ff93c6c298d2658.jpg,300,300,112,179
Mask,110,185,12,12,4087_jpg.rf.09382a2fcca6e9c95ff93c6c298d2658.jpg,300,300,122,197
Mask,144,234,13,15,4087_jpg.rf.09382a2fcca6e9c95ff93c6c298d2658.jpg,300,300,157,249
Mask,154,189,13,15,4087_jpg.rf.09382a2fcca6e9c95ff93c6c298d2658.jpg,300,300,167,204
Mask,170,179,16,15,4087_jpg.rf.09382a2fcca6e9c95ff93c6c298d2658.jpg,300,300,186,194
Mask,191,134,26,23,4087_jpg.rf.09382a2fcca6e9c95ff93c6c298d2658.jpg,300,300,217,157
Mask,226,45,45,63,4087_jpg.rf.09382a2fcca6e9c95ff93c6c298d2658.jpg,300,300,271,108
Helmet,141,253,16,16,4087_jpg.rf.09382a2fcca6e9c95ff93c6c298d2658.jpg,300,300,157,269
Helmet,212,105,81,80,4087_jpg.rf.09382a2fcca6e9c95ff93c6c298d2658.jpg,300,300,293,185
Helmet,190,163,37,36,4087_jpg.rf.09382a2fcca6e9c95ff93c6c298d2658.jpg,300,300,227,199
Helmet,56,148,39,66,4087_jpg.rf.09382a2fcca6e9c95ff93c6c298d2658.jpg,300,300,95,214
Helmet,109,199,23,21,4087_jpg.rf.09382a2fcca6e9c95ff93c6c298d2658.jpg,300,300,132,220
Mask,33,213,21,18,4089_jpg.rf.e34f4c22b9199535213bd96028a0eba5.jpg,300,300,54,231
Mask,71,268,21,13,4089_jpg.rf.e34f4c22b9199535213bd96028a0eba5.jpg,300,300,92,281
Mask,58,287,20,11,4089_jpg.rf.e34f4c22b9199535213bd96028a0eba5.jpg,300,300,78,298
Mask,256,252,27,17,4089_jpg.rf.e34f4c22b9199535213bd96028a0eba5.jpg,300,300,283,269
Mask,293,283,7,13,4089_jpg.rf.e34f4c22b9199535213bd96028a0eba5.jpg,300,300,300,296
Mask,229,240,24,13,4089_jpg.rf.e34f4c22b9199535213bd96028a0eba5.jpg,300,300,253,253
Mask,269,121,31,19,4089_jpg.rf.e34f4c22b9199535213bd96028a0eba5.jpg,300,300,300,140
Mask,243,137,19,18,4089_jpg.rf.e34f4c22b9199535213bd96028a0eba5.jpg,300,300,262,155
Mask,126,100,29,15,4089_jpg.rf.e34f4c22b9199535213bd96028a0eba5.jpg,300,300,155,115
Mask,31,66,29,15,4089_jpg.rf.e34f4c22b9199535213bd96028a0eba5.jpg,300,300,60,81
Mask,36,93,24,16,4089_jpg.rf.e34f4c22b9199535213bd96028a0eba5.jpg,300,300,60,109
Mask,8,45,18,16,4089_jpg.rf.e34f4c22b9199535213bd96028a0eba5.jpg,300,300,26,61
Mask,70,25,25,15,4089_jpg.rf.e34f4c22b9199535213bd96028a0eba5.jpg,300,300,95,40
Mask,199,12,21,19,4089_jpg.rf.e34f4c22b9199535213bd96028a0eba5.jpg,300,300,220,31
Mask,135,213,24,15,4089_jpg.rf.e34f4c22b9199535213bd96028a0eba5.jpg,300,300,159,228
Mask,104,142,29,18,4089_jpg.rf.e34f4c22b9199535213bd96028a0eba5.jpg,300,300,133,160
Mask,40,146,19,18,4089_jpg.rf.e34f4c22b9199535213bd96028a0eba5.jpg,300,300,59,164
None,101,257,54,22,4089_jpg.rf.e34f4c22b9199535213bd96028a0eba5.jpg,300,300,155,279
Mask,86,172,15,14,4091_jpg.rf.9a1e63ef69da80e7711c297b76640042.jpg,300,300,101,186
Mask,131,160,13,15,4091_jpg.rf.9a1e63ef69da80e7711c297b76640042.jpg,300,300,144,175
Mask,111,158,10,13,4091_jpg.rf.9a1e63ef69da80e7711c297b76640042.jpg,300,300,121,171
Mask,162,141,15,16,4091_jpg.rf.9a1e63ef69da80e7711c297b76640042.jpg,300,300,177,157
Mask,255,113,25,23,4091_jpg.rf.9a1e63ef69da80e7711c297b76640042.jpg,300,300,280,136
Mask,199,115,18,14,4091_jpg.rf.9a1e63ef69da80e7711c297b76640042.jpg,300,300,217,129
Mask,70,176,17,13,4091_jpg.rf.9a1e63ef69da80e7711c297b76640042.jpg,300,300,87,189
Mask,94,85,22,28,4092_jpg.rf.9dba8898c5d976f9de72c132b2961e3f.jpg,300,300,116,113
Mask,254,40,41,53,4092_jpg.rf.9dba8898c5d976f9de72c132b2961e3f.jpg,300,300,295,93
Mask,152,84,21,23,4092_jpg.rf.9dba8898c5d976f9de72c132b2961e3f.jpg,300,300,173,107
Mask,189,147,27,35,4093_jpg.rf.5da27cd2b2a708a93284bbd70f80699a.jpg,300,300,216,182
Mask,223,209,18,23,4093_jpg.rf.5da27cd2b2a708a93284bbd70f80699a.jpg,300,300,241,232
Mask,136,199,16,25,4093_jpg.rf.5da27cd2b2a708a93284bbd70f80699a.jpg,300,300,152,224
Mask,81,114,28,36,4093_jpg.rf.5da27cd2b2a708a93284bbd70f80699a.jpg,300,300,109,150
Mask,51,158,25,29,4093_jpg.rf.5da27cd2b2a708a93284bbd70f80699a.jpg,300,300,76,187
Mask,64,233,15,20,4093_jpg.rf.5da27cd2b2a708a93284bbd70f80699a.jpg,300,300,79,253
Mask,97,241,15,16,4093_jpg.rf.5da27cd2b2a708a93284bbd70f80699a.jpg,300,300,112,257
Mask,77,234,13,16,4093_jpg.rf.5da27cd2b2a708a93284bbd70f80699a.jpg,300,300,90,250
Mask,117,226,13,15,4093_jpg.rf.5da27cd2b2a708a93284bbd70f80699a.jpg,300,300,130,241
Mask,158,232,12,16,4093_jpg.rf.5da27cd2b2a708a93284bbd70f80699a.jpg,300,300,170,248
None,17,213,26,58,4093_jpg.rf.5da27cd2b2a708a93284bbd70f80699a.jpg,300,300,43,271
None,265,49,10,20,4094_jpg.rf.e7a9a4be113275e264997c7751f873c5.jpg,300,300,275,69
None,239,29,27,50,4094_jpg.rf.e7a9a4be113275e264997c7751f873c5.jpg,300,300,266,79
None,209,41,14,23,4094_jpg.rf.e7a9a4be113275e264997c7751f873c5.jpg,300,300,223,64
None,145,28,10,26,4094_jpg.rf.e7a9a4be113275e264997c7751f873c5.jpg,300,300,155,54
Mask,110,38,16,20,4094_jpg.rf.e7a9a4be113275e264997c7751f873c5.jpg,300,300,126,58
Mask,189,58,8,10,4094_jpg.rf.e7a9a4be113275e264997c7751f873c5.jpg,300,300,197,68
Mask,163,48,12,15,4094_jpg.rf.e7a9a4be113275e264997c7751f873c5.jpg,300,300,175,63
None,0,153,73,85,4095_jpg.rf.4de3e68ffeb34d97823853792d3d22df.jpg,300,300,73,238
Mask,91,214,21,30,4099_jpg.rf.e7877709c5c7ea2f74cab2c3b9a4acbc.jpg,300,300,112,244
Mask,275,246,14,15,4099_jpg.rf.e7877709c5c7ea2f74cab2c3b9a4acbc.jpg,300,300,289,261
Mask,236,245,18,20,4099_jpg.rf.e7877709c5c7ea2f74cab2c3b9a4acbc.jpg,300,300,254,265
Mask,224,259,11,23,4099_jpg.rf.e7877709c5c7ea2f74cab2c3b9a4acbc.jpg,300,300,235,282
Mask,162,270,8,18,4099_jpg.rf.e7877709c5c7ea2f74cab2c3b9a4acbc.jpg,300,300,170,288
Mask,173,260,11,17,4099_jpg.rf.e7877709c5c7ea2f74cab2c3b9a4acbc.jpg,300,300,184,277
Mask,111,242,11,23,4099_jpg.rf.e7877709c5c7ea2f74cab2c3b9a4acbc.jpg,300,300,122,265
Mask,10,242,10,19,4099_jpg.rf.e7877709c5c7ea2f74cab2c3b9a4acbc.jpg,300,300,20,261
Mask,66,231,17,23,4099_jpg.rf.e7877709c5c7ea2f74cab2c3b9a4acbc.jpg,300,300,83,254
Mask,34,150,14,20,4100_jpg.rf.667a84d50e4616ddee620f78241eea73.jpg,300,300,48,170
Mask,82,55,14,14,4100_jpg.rf.667a84d50e4616ddee620f78241eea73.jpg,300,300,96,69
Mask,153,35,12,20,4100_jpg.rf.667a84d50e4616ddee620f78241eea73.jpg,300,300,165,55
Mask,211,41,13,24,4100_jpg.rf.667a84d50e4616ddee620f78241eea73.jpg,300,300,224,65
Mask,228,69,23,29,4100_jpg.rf.667a84d50e4616ddee620f78241eea73.jpg,300,300,251,98
Mask,264,26,8,13,4100_jpg.rf.667a84d50e4616ddee620f78241eea73.jpg,300,300,272,39
Mask,222,14,15,13,4100_jpg.rf.667a84d50e4616ddee620f78241eea73.jpg,300,300,237,27
None,137,13,13,20,4100_jpg.rf.667a84d50e4616ddee620f78241eea73.jpg,300,300,150,33
None,25,94,201,85,4101_jpg.rf.1e19daca5af230769b718ed54af47195.jpg,300,300,226,179
None,45,175,43,89,4105_jpg.rf.0a414ba4b1167ec937ad452791e81088.jpg,300,300,88,264
Mask,251,201,13,19,4105_jpg.rf.0a414ba4b1167ec937ad452791e81088.jpg,300,300,264,220
None,208,173,12,18,4105_jpg.rf.0a414ba4b1167ec937ad452791e81088.jpg,300,300,220,191
Mask,198,265,16,25,4109_jpg.rf.26767f20c66c272018a6920ff6223eff.jpg,300,300,214,290
Mask,142,196,33,38,4109_jpg.rf.26767f20c66c272018a6920ff6223eff.jpg,300,300,175,234
Mask,19,178,7,12,4112_jpg.rf.f9befb512baa02b28bc5a6101f2359c3.jpg,300,300,26,190
Mask,269,153,21,22,4112_jpg.rf.f9befb512baa02b28bc5a6101f2359c3.jpg,300,300,290,175
Mask,227,130,18,24,4112_jpg.rf.f9befb512baa02b28bc5a6101f2359c3.jpg,300,300,245,154
Mask,193,150,18,19,4112_jpg.rf.f9befb512baa02b28bc5a6101f2359c3.jpg,300,300,211,169
Mask,184,117,12,21,4112_jpg.rf.f9befb512baa02b28bc5a6101f2359c3.jpg,300,300,196,138
Mask,118,150,11,15,4112_jpg.rf.f9befb512baa02b28bc5a6101f2359c3.jpg,300,300,129,165
Mask,86,156,14,16,4112_jpg.rf.f9befb512baa02b28bc5a6101f2359c3.jpg,300,300,100,172
Mask,67,149,13,16,4112_jpg.rf.f9befb512baa02b28bc5a6101f2359c3.jpg,300,300,80,165
Mask,38,143,12,15,4112_jpg.rf.f9befb512baa02b28bc5a6101f2359c3.jpg,300,300,50,158
Mask,5,161,12,16,4112_jpg.rf.f9befb512baa02b28bc5a6101f2359c3.jpg,300,300,17,177
None,24,155,56,31,4113_jpg.rf.5f58889702d19a51bc66a1b561b77cbd.jpg,300,300,80,186
None,58,228,15,10,4113_jpg.rf.5f58889702d19a51bc66a1b561b77cbd.jpg,300,300,73,238
None,51,10,15,10,4113_jpg.rf.5f58889702d19a51bc66a1b561b77cbd.jpg,300,300,66,20
None,66,82,23,14,4113_jpg.rf.5f58889702d19a51bc66a1b561b77cbd.jpg,300,300,89,96
None,59,136,27,16,4113_jpg.rf.5f58889702d19a51bc66a1b561b77cbd.jpg,300,300,86,152
Mask,120,161,36,48,4115_jpg.rf.2adf877448158dbdbbe8c85933969190.jpg,300,300,156,209
Mask,40,84,13,17,4115_jpg.rf.2adf877448158dbdbbe8c85933969190.jpg,300,300,53,101
Mask,0,86,13,26,4115_jpg.rf.2adf877448158dbdbbe8c85933969190.jpg,300,300,13,112
Mask,76,115,57,38,4116_jpg.rf.0335ac2a4c2b8d215f0d863938e62acb.jpg,300,300,133,153
None,98,114,31,13,4119_jpg.rf.95bfbac24dbb70cf8775cd8c9dd68c8a.jpg,300,300,129,127
None,97,66,30,14,4119_jpg.rf.95bfbac24dbb70cf8775cd8c9dd68c8a.jpg,300,300,127,80
None,107,16,35,18,4119_jpg.rf.95bfbac24dbb70cf8775cd8c9dd68c8a.jpg,300,300,142,34
None,111,150,30,11,4119_jpg.rf.95bfbac24dbb70cf8775cd8c9dd68c8a.jpg,300,300,141,161
None,112,187,26,12,4119_jpg.rf.95bfbac24dbb70cf8775cd8c9dd68c8a.jpg,300,300,138,199
None,94,207,21,10,4119_jpg.rf.95bfbac24dbb70cf8775cd8c9dd68c8a.jpg,300,300,115,217
None,86,247,15,9,4119_jpg.rf.95bfbac24dbb70cf8775cd8c9dd68c8a.jpg,300,300,101,256
Mask,110,234,11,11,4119_jpg.rf.95bfbac24dbb70cf8775cd8c9dd68c8a.jpg,300,300,121,245
None,110,262,28,12,4119_jpg.rf.95bfbac24dbb70cf8775cd8c9dd68c8a.jpg,300,300,138,274
None,44,287,16,9,4119_jpg.rf.95bfbac24dbb70cf8775cd8c9dd68c8a.jpg,300,300,60,296
None,35,267,15,8,4119_jpg.rf.95bfbac24dbb70cf8775cd8c9dd68c8a.jpg,300,300,50,275
None,44,277,15,6,4119_jpg.rf.95bfbac24dbb70cf8775cd8c9dd68c8a.jpg,300,300,59,283
None,31,214,20,8,4119_jpg.rf.95bfbac24dbb70cf8775cd8c9dd68c8a.jpg,300,300,51,222
None,26,85,32,14,4119_jpg.rf.95bfbac24dbb70cf8775cd8c9dd68c8a.jpg,300,300,58,99
None,71,26,23,13,4119_jpg.rf.95bfbac24dbb70cf8775cd8c9dd68c8a.jpg,300,300,94,39
None,68,52,21,8,4119_jpg.rf.95bfbac24dbb70cf8775cd8c9dd68c8a.jpg,300,300,89,60
None,22,36,17,10,4119_jpg.rf.95bfbac24dbb70cf8775cd8c9dd68c8a.jpg,300,300,39,46
None,6,70,34,13,4119_jpg.rf.95bfbac24dbb70cf8775cd8c9dd68c8a.jpg,300,300,40,83
None,14,102,21,9,4119_jpg.rf.95bfbac24dbb70cf8775cd8c9dd68c8a.jpg,300,300,35,111
Mask,68,146,8,10,4119_jpg.rf.95bfbac24dbb70cf8775cd8c9dd68c8a.jpg,300,300,76,156
None,120,226,32,14,4119_jpg.rf.95bfbac24dbb70cf8775cd8c9dd68c8a.jpg,300,300,152,240
None,79,223,17,8,4119_jpg.rf.95bfbac24dbb70cf8775cd8c9dd68c8a.jpg,300,300,96,231
None,76,235,16,8,4119_jpg.rf.95bfbac24dbb70cf8775cd8c9dd68c8a.jpg,300,300,92,243
None,40,196,16,10,4119_jpg.rf.95bfbac24dbb70cf8775cd8c9dd68c8a.jpg,300,300,56,206
None,58,188,13,7,4119_jpg.rf.95bfbac24dbb70cf8775cd8c9dd68c8a.jpg,300,300,71,195
None,42,257,10,5,4119_jpg.rf.95bfbac24dbb70cf8775cd8c9dd68c8a.jpg,300,300,52,262
None,77,125,15,10,4119_jpg.rf.95bfbac24dbb70cf8775cd8c9dd68c8a.jpg,300,300,92,135
None,10,58,18,9,4119_jpg.rf.95bfbac24dbb70cf8775cd8c9dd68c8a.jpg,300,300,28,67
Mask,30,140,4,5,4119_jpg.rf.95bfbac24dbb70cf8775cd8c9dd68c8a.jpg,300,300,34,145
None,31,193,10,5,4119_jpg.rf.95bfbac24dbb70cf8775cd8c9dd68c8a.jpg,300,300,41,198
None,85,152,18,11,4119_jpg.rf.95bfbac24dbb70cf8775cd8c9dd68c8a.jpg,300,300,103,163
None,82,176,15,7,4119_jpg.rf.95bfbac24dbb70cf8775cd8c9dd68c8a.jpg,300,300,97,183
None,60,169,15,5,4119_jpg.rf.95bfbac24dbb70cf8775cd8c9dd68c8a.jpg,300,300,75,174
None,30,186,8,4,4119_jpg.rf.95bfbac24dbb70cf8775cd8c9dd68c8a.jpg,300,300,38,190
Mask,37,232,5,5,4119_jpg.rf.95bfbac24dbb70cf8775cd8c9dd68c8a.jpg,300,300,42,237
Mask,72,219,7,7,4119_jpg.rf.95bfbac24dbb70cf8775cd8c9dd68c8a.jpg,300,300,79,226
None,10,47,11,8,4119_jpg.rf.95bfbac24dbb70cf8775cd8c9dd68c8a.jpg,300,300,21,55
None,25,14,18,9,4119_jpg.rf.95bfbac24dbb70cf8775cd8c9dd68c8a.jpg,300,300,43,23
None,53,153,14,8,4119_jpg.rf.95bfbac24dbb70cf8775cd8c9dd68c8a.jpg,300,300,67,161
None,58,180,12,6,4119_jpg.rf.95bfbac24dbb70cf8775cd8c9dd68c8a.jpg,300,300,70,186
Helmet,86,48,8,7,4122_jpg.rf.c706586cc020089caab412ff7d06e533.jpg,300,300,94,55
Helmet,221,40,26,24,4122_jpg.rf.c706586cc020089caab412ff7d06e533.jpg,300,300,247,64
Helmet,180,54,23,21,4122_jpg.rf.c706586cc020089caab412ff7d06e533.jpg,300,300,203,75
Helmet,146,55,19,20,4122_jpg.rf.c706586cc020089caab412ff7d06e533.jpg,300,300,165,75
Helmet,123,51,17,19,4122_jpg.rf.c706586cc020089caab412ff7d06e533.jpg,300,300,140,70
Helmet,116,75,22,25,4122_jpg.rf.c706586cc020089caab412ff7d06e533.jpg,300,300,138,100
Mask,223,73,19,20,4122_jpg.rf.c706586cc020089caab412ff7d06e533.jpg,300,300,242,93
Mask,182,79,13,14,4122_jpg.rf.c706586cc020089caab412ff7d06e533.jpg,300,300,195,93
Mask,147,73,13,14,4122_jpg.rf.c706586cc020089caab412ff7d06e533.jpg,300,300,160,87
Mask,76,58,6,8,4122_jpg.rf.c706586cc020089caab412ff7d06e533.jpg,300,300,82,66
Mask,120,69,20,9,4122_jpg.rf.c706586cc020089caab412ff7d06e533.jpg,300,300,140,78
Mask,38,118,20,20,4125_jpg.rf.631a95827d305cd1c7c5dc723231f2f4.jpg,300,300,58,138
Mask,99,138,45,38,4125_jpg.rf.631a95827d305cd1c7c5dc723231f2f4.jpg,300,300,144,176
Mask,38,246,33,33,4125_jpg.rf.631a95827d305cd1c7c5dc723231f2f4.jpg,300,300,71,279
Mask,112,72,24,29,4126_jpg.rf.da637dfa7da7e4e51d9bf0a26aae2da4.jpg,300,300,136,101
Mask,160,52,16,37,4126_jpg.rf.da637dfa7da7e4e51d9bf0a26aae2da4.jpg,300,300,176,89
Mask,277,115,13,17,4126_jpg.rf.da637dfa7da7e4e51d9bf0a26aae2da4.jpg,300,300,290,132
Helmet,225,77,21,49,4126_jpg.rf.da637dfa7da7e4e51d9bf0a26aae2da4.jpg,300,300,246,126
Mask,47,119,8,8,4126_jpg.rf.da637dfa7da7e4e51d9bf0a26aae2da4.jpg,300,300,55,127
Helmet,0,235,15,22,4129_jpg.rf.ba97ab344545aa6ab2c20808086823f9.jpg,300,300,15,257
Helmet,14,242,33,26,4129_jpg.rf.ba97ab344545aa6ab2c20808086823f9.jpg,300,300,47,268
Helmet,59,210,32,30,4129_jpg.rf.ba97ab344545aa6ab2c20808086823f9.jpg,300,300,91,240
Helmet,99,200,19,21,4129_jpg.rf.ba97ab344545aa6ab2c20808086823f9.jpg,300,300,118,221
Helmet,214,238,41,24,4129_jpg.rf.ba97ab344545aa6ab2c20808086823f9.jpg,300,300,255,262
Helmet,262,211,20,18,4129_jpg.rf.ba97ab344545aa6ab2c20808086823f9.jpg,300,300,282,229
Helmet,194,192,14,17,4129_jpg.rf.ba97ab344545aa6ab2c20808086823f9.jpg,300,300,208,209
Helmet,162,183,16,15,4129_jpg.rf.ba97ab344545aa6ab2c20808086823f9.jpg,300,300,178,198
Helmet,153,171,8,12,4129_jpg.rf.ba97ab344545aa6ab2c20808086823f9.jpg,300,300,161,183
Helmet,132,182,20,21,4129_jpg.rf.ba97ab344545aa6ab2c20808086823f9.jpg,300,300,152,203
Helmet,119,176,14,16,4129_jpg.rf.ba97ab344545aa6ab2c20808086823f9.jpg,300,300,133,192
Mask,102,103,20,10,4131_jpg.rf.99f4fe4215f4d6c0cb19a4180004bede.jpg,300,300,122,113
Mask,69,235,16,15,4131_jpg.rf.99f4fe4215f4d6c0cb19a4180004bede.jpg,300,300,85,250
Mask,79,195,7,7,4131_jpg.rf.99f4fe4215f4d6c0cb19a4180004bede.jpg,300,300,86,202
Mask,73,206,12,8,4131_jpg.rf.99f4fe4215f4d6c0cb19a4180004bede.jpg,300,300,85,214
Mask,74,178,8,8,4131_jpg.rf.99f4fe4215f4d6c0cb19a4180004bede.jpg,300,300,82,186
Helmet,73,59,15,16,4131_jpg.rf.99f4fe4215f4d6c0cb19a4180004bede.jpg,300,300,88,75
Helmet,70,8,14,15,4131_jpg.rf.99f4fe4215f4d6c0cb19a4180004bede.jpg,300,300,84,23
Mask,79,145,6,4,4131_jpg.rf.99f4fe4215f4d6c0cb19a4180004bede.jpg,300,300,85,149
Mask,79,137,5,5,4131_jpg.rf.99f4fe4215f4d6c0cb19a4180004bede.jpg,300,300,84,142
None,40,162,31,84,4133_jpg.rf.ba4387d94df1ac404d8ae3b80041bb7c.jpg,300,300,71,246
None,213,240,24,43,4133_jpg.rf.ba4387d94df1ac404d8ae3b80041bb7c.jpg,300,300,237,283
Mask,159,208,22,26,4133_jpg.rf.ba4387d94df1ac404d8ae3b80041bb7c.jpg,300,300,181,234
None,92,230,22,11,4143_jpg.rf.c08e8435465fd4a33f5047ca48c20392.jpg,300,300,114,241
None,103,29,23,15,4143_jpg.rf.c08e8435465fd4a33f5047ca48c20392.jpg,300,300,126,44
None,104,94,32,18,4143_jpg.rf.c08e8435465fd4a33f5047ca48c20392.jpg,300,300,136,112
None,104,160,19,13,4143_jpg.rf.c08e8435465fd4a33f5047ca48c20392.jpg,300,300,123,173
None,87,176,22,11,4143_jpg.rf.c08e8435465fd4a33f5047ca48c20392.jpg,300,300,109,187
None,95,201,18,10,4143_jpg.rf.c08e8435465fd4a33f5047ca48c20392.jpg,300,300,113,211
None,107,69,21,12,4143_jpg.rf.c08e8435465fd4a33f5047ca48c20392.jpg,300,300,128,81
Mask,166,141,59,41,4144_jpg.rf.ded2b42bf70c1979f12f75418da57b98.jpg,300,300,225,182
Mask,69,77,31,36,4146_jpg.rf.6c50074f6e205c88c419cc2aff60c07c.jpg,300,300,100,113
Mask,101,98,16,21,4146_jpg.rf.6c50074f6e205c88c419cc2aff60c07c.jpg,300,300,117,119
Mask,152,89,21,24,4146_jpg.rf.6c50074f6e205c88c419cc2aff60c07c.jpg,300,300,173,113
Mask,212,137,15,15,4146_jpg.rf.6c50074f6e205c88c419cc2aff60c07c.jpg,300,300,227,152
Mask,263,120,13,11,4146_jpg.rf.6c50074f6e205c88c419cc2aff60c07c.jpg,300,300,276,131
Mask,109,193,17,31,4147_jpg.rf.91d866caa6c2394dd137267e14b20902.jpg,300,300,126,224
Mask,164,206,16,28,4147_jpg.rf.91d866caa6c2394dd137267e14b20902.jpg,300,300,180,234
Mask,187,139,56,52,4147_jpg.rf.91d866caa6c2394dd137267e14b20902.jpg,300,300,243,191
Helmet,16,7,32,32,4150_jpg.rf.4881a4561be8f8aa49585d073ff692fb.jpg,300,300,48,39
Helmet,196,2,27,35,4150_jpg.rf.4881a4561be8f8aa49585d073ff692fb.jpg,300,300,223,37
Helmet,133,43,25,29,4150_jpg.rf.4881a4561be8f8aa49585d073ff692fb.jpg,300,300,158,72
Helmet,99,59,17,20,4150_jpg.rf.4881a4561be8f8aa49585d073ff692fb.jpg,300,300,116,79
Helmet,45,22,23,31,4150_jpg.rf.4881a4561be8f8aa49585d073ff692fb.jpg,300,300,68,53
None,46,189,29,56,4153_jpg.rf.f9e56538ad39b90f917f732fca882801.jpg,300,300,75,245
Helmet,96,239,45,45,4153_jpg.rf.f9e56538ad39b90f917f732fca882801.jpg,300,300,141,284
Helmet,142,237,41,36,4153_jpg.rf.f9e56538ad39b90f917f732fca882801.jpg,300,300,183,273
None,204,210,33,57,4153_jpg.rf.f9e56538ad39b90f917f732fca882801.jpg,300,300,237,267
Mask,185,207,19,23,4157_jpg.rf.ac6c929a99851281f665225496c20b1a.jpg,300,300,204,230
Mask,225,220,12,11,4157_jpg.rf.ac6c929a99851281f665225496c20b1a.jpg,300,300,237,231
Mask,260,209,11,13,4157_jpg.rf.ac6c929a99851281f665225496c20b1a.jpg,300,300,271,222
Mask,171,209,9,13,4157_jpg.rf.ac6c929a99851281f665225496c20b1a.jpg,300,300,180,222
Mask,60,204,33,42,4157_jpg.rf.ac6c929a99851281f665225496c20b1a.jpg,300,300,93,246
Mask,5,213,20,41,4157_jpg.rf.ac6c929a99851281f665225496c20b1a.jpg,300,300,25,254
Mask,18,53,16,16,4160_jpg.rf.c66315fdf515001dc1751cbfb0bcccdf.jpg,300,300,34,69
Mask,39,43,10,12,4160_jpg.rf.c66315fdf515001dc1751cbfb0bcccdf.jpg,300,300,49,55
Mask,54,43,9,8,4160_jpg.rf.c66315fdf515001dc1751cbfb0bcccdf.jpg,300,300,63,51
Mask,47,63,13,14,4160_jpg.rf.c66315fdf515001dc1751cbfb0bcccdf.jpg,300,300,60,77
Mask,61,58,14,14,4160_jpg.rf.c66315fdf515001dc1751cbfb0bcccdf.jpg,300,300,75,72
Mask,193,49,9,13,4160_jpg.rf.c66315fdf515001dc1751cbfb0bcccdf.jpg,300,300,202,62
Mask,178,44,9,13,4160_jpg.rf.c66315fdf515001dc1751cbfb0bcccdf.jpg,300,300,187,57
Mask,208,70,11,13,4160_jpg.rf.c66315fdf515001dc1751cbfb0bcccdf.jpg,300,300,219,83
Mask,231,53,10,14,4160_jpg.rf.c66315fdf515001dc1751cbfb0bcccdf.jpg,300,300,241,67
Mask,263,49,16,19,4160_jpg.rf.c66315fdf515001dc1751cbfb0bcccdf.jpg,300,300,279,68
None,233,86,19,48,4170_jpg.rf.a67bc1f96b333846dd59f0d89567c5b8.jpg,300,300,252,134
None,266,101,9,42,4170_jpg.rf.a67bc1f96b333846dd59f0d89567c5b8.jpg,300,300,275,143
None,284,89,13,48,4170_jpg.rf.a67bc1f96b333846dd59f0d89567c5b8.jpg,300,300,297,137
None,253,61,7,23,4170_jpg.rf.a67bc1f96b333846dd59f0d89567c5b8.jpg,300,300,260,84
None,259,64,12,28,4170_jpg.rf.a67bc1f96b333846dd59f0d89567c5b8.jpg,300,300,271,92
None,246,16,10,23,4170_jpg.rf.a67bc1f96b333846dd59f0d89567c5b8.jpg,300,300,256,39
None,225,71,13,33,4170_jpg.rf.a67bc1f96b333846dd59f0d89567c5b8.jpg,300,300,238,104
None,203,67,16,35,4170_jpg.rf.a67bc1f96b333846dd59f0d89567c5b8.jpg,300,300,219,102
None,195,66,11,30,4170_jpg.rf.a67bc1f96b333846dd59f0d89567c5b8.jpg,300,300,206,96
None,180,65,15,35,4170_jpg.rf.a67bc1f96b333846dd59f0d89567c5b8.jpg,300,300,195,100
None,171,84,13,27,4170_jpg.rf.a67bc1f96b333846dd59f0d89567c5b8.jpg,300,300,184,111
None,152,72,13,33,4170_jpg.rf.a67bc1f96b333846dd59f0d89567c5b8.jpg,300,300,165,105
None,145,63,13,27,4170_jpg.rf.a67bc1f96b333846dd59f0d89567c5b8.jpg,300,300,158,90
None,123,100,11,33,4170_jpg.rf.a67bc1f96b333846dd59f0d89567c5b8.jpg,300,300,134,133
None,135,97,13,29,4170_jpg.rf.a67bc1f96b333846dd59f0d89567c5b8.jpg,300,300,148,126
None,112,108,9,26,4170_jpg.rf.a67bc1f96b333846dd59f0d89567c5b8.jpg,300,300,121,134
None,117,60,12,34,4170_jpg.rf.a67bc1f96b333846dd59f0d89567c5b8.jpg,300,300,129,94
None,103,56,13,37,4170_jpg.rf.a67bc1f96b333846dd59f0d89567c5b8.jpg,300,300,116,93
None,91,74,12,33,4170_jpg.rf.a67bc1f96b333846dd59f0d89567c5b8.jpg,300,300,103,107
None,73,72,15,34,4170_jpg.rf.a67bc1f96b333846dd59f0d89567c5b8.jpg,300,300,88,106
None,50,73,12,24,4170_jpg.rf.a67bc1f96b333846dd59f0d89567c5b8.jpg,300,300,62,97
None,34,196,199,69,4173_jpg.rf.cf32fa379c96c156d1a6ea41a253f75c.jpg,300,300,233,265
Mask,94,119,28,21,4173_jpg.rf.cf32fa379c96c156d1a6ea41a253f75c.jpg,300,300,122,140
Mask,53,100,21,18,4173_jpg.rf.cf32fa379c96c156d1a6ea41a253f75c.jpg,300,300,74,118
Mask,41,72,14,11,4173_jpg.rf.cf32fa379c96c156d1a6ea41a253f75c.jpg,300,300,55,83
Mask,64,10,17,15,4173_jpg.rf.cf32fa379c96c156d1a6ea41a253f75c.jpg,300,300,81,25
Mask,52,36,17,15,4173_jpg.rf.cf32fa379c96c156d1a6ea41a253f75c.jpg,300,300,69,51
Mask,34,3,10,9,4173_jpg.rf.cf32fa379c96c156d1a6ea41a253f75c.jpg,300,300,44,12
Helmet,18,91,30,28,4173_jpg.rf.cf32fa379c96c156d1a6ea41a253f75c.jpg,300,300,48,119
Helmet,4,21,21,30,4174_jpg.rf.731016add75f25d910bfa28719447038.jpg,300,300,25,51
Helmet,87,17,19,32,4174_jpg.rf.731016add75f25d910bfa28719447038.jpg,300,300,106,49
Helmet,141,11,18,30,4174_jpg.rf.731016add75f25d910bfa28719447038.jpg,300,300,159,41
Helmet,183,16,18,26,4174_jpg.rf.731016add75f25d910bfa28719447038.jpg,300,300,201,42
Helmet,221,19,18,28,4174_jpg.rf.731016add75f25d910bfa28719447038.jpg,300,300,239,47
Helmet,265,12,20,26,4174_jpg.rf.731016add75f25d910bfa28719447038.jpg,300,300,285,38
Helmet,127,191,38,39,4175_jpg.rf.7edf9e1bdbbe2526b1b20325d44e53e0.jpg,300,300,165,230
Mask,138,18,18,17,4176_jpg.rf.a4b97be7f07887f1e916daf4540edad0.jpg,300,300,156,35
Mask,221,13,14,23,4176_jpg.rf.a4b97be7f07887f1e916daf4540edad0.jpg,300,300,235,36
Mask,117,41,12,19,4176_jpg.rf.a4b97be7f07887f1e916daf4540edad0.jpg,300,300,129,60
Mask,204,67,8,20,4176_jpg.rf.a4b97be7f07887f1e916daf4540edad0.jpg,300,300,212,87
Mask,73,22,12,25,4176_jpg.rf.a4b97be7f07887f1e916daf4540edad0.jpg,300,300,85,47
Mask,167,12,12,23,4176_jpg.rf.a4b97be7f07887f1e916daf4540edad0.jpg,300,300,179,35
Mask,57,50,23,58,4178_jpg.rf.9eb2839cdc2bf924415e19fb6850477e.jpg,300,300,80,108
Mask,1,106,59,75,4178_jpg.rf.9eb2839cdc2bf924415e19fb6850477e.jpg,300,300,60,181
Mask,93,92,57,59,4178_jpg.rf.9eb2839cdc2bf924415e19fb6850477e.jpg,300,300,150,151
Mask,166,112,44,51,4178_jpg.rf.9eb2839cdc2bf924415e19fb6850477e.jpg,300,300,210,163
Mask,206,98,26,50,4178_jpg.rf.9eb2839cdc2bf924415e19fb6850477e.jpg,300,300,232,148
Mask,231,101,37,41,4178_jpg.rf.9eb2839cdc2bf924415e19fb6850477e.jpg,300,300,268,142
Mask,267,120,28,33,4178_jpg.rf.9eb2839cdc2bf924415e19fb6850477e.jpg,300,300,295,153
Mask,40,81,12,14,4180_jpg.rf.ecb061f0e0073776614359ace4bf8103.jpg,300,300,52,95
Mask,75,82,11,15,4180_jpg.rf.ecb061f0e0073776614359ace4bf8103.jpg,300,300,86,97
Mask,104,71,12,12,4180_jpg.rf.ecb061f0e0073776614359ace4bf8103.jpg,300,300,116,83
Mask,1,62,16,18,4180_jpg.rf.ecb061f0e0073776614359ace4bf8103.jpg,300,300,17,80
Mask,161,73,12,15,4180_jpg.rf.ecb061f0e0073776614359ace4bf8103.jpg,300,300,173,88
Mask,194,87,8,11,4180_jpg.rf.ecb061f0e0073776614359ace4bf8103.jpg,300,300,202,98
Mask,223,87,10,12,4180_jpg.rf.ecb061f0e0073776614359ace4bf8103.jpg,300,300,233,99
Mask,255,70,14,15,4180_jpg.rf.ecb061f0e0073776614359ace4bf8103.jpg,300,300,269,85
Mask,168,132,50,62,4181_jpg.rf.204e8108463c0341d770d9d8f96c6d7a.jpg,300,300,218,194
None,141,127,13,20,4181_jpg.rf.204e8108463c0341d770d9d8f96c6d7a.jpg,300,300,154,147
None,59,126,13,29,4181_jpg.rf.204e8108463c0341d770d9d8f96c6d7a.jpg,300,300,72,155
None,115,131,13,23,4182_jpg.rf.7c3c066259a73f1dc6778547c502be35.jpg,300,300,128,154
None,143,137,13,23,4182_jpg.rf.7c3c066259a73f1dc6778547c502be35.jpg,300,300,156,160
None,174,167,15,29,4182_jpg.rf.7c3c066259a73f1dc6778547c502be35.jpg,300,300,189,196
None,247,174,19,26,4182_jpg.rf.7c3c066259a73f1dc6778547c502be35.jpg,300,300,266,200
None,204,152,15,28,4182_jpg.rf.7c3c066259a73f1dc6778547c502be35.jpg,300,300,219,180
None,41,114,32,76,4182_jpg.rf.7c3c066259a73f1dc6778547c502be35.jpg,300,300,73,190
Helmet,166,1,54,64,4184_jpg.rf.0387140b09189021ba8dd1749e561dcb.jpg,300,300,220,65
Helmet,279,48,21,29,4184_jpg.rf.0387140b09189021ba8dd1749e561dcb.jpg,300,300,300,77
Helmet,235,37,25,24,4184_jpg.rf.0387140b09189021ba8dd1749e561dcb.jpg,300,300,260,61
None,68,227,26,14,4185_jpg.rf.98c884ebac5ce9c6597de3c761c25ed0.jpg,300,300,94,241
Mask,54,152,15,11,4185_jpg.rf.98c884ebac5ce9c6597de3c761c25ed0.jpg,300,300,69,163
Mask,84,103,14,11,4185_jpg.rf.98c884ebac5ce9c6597de3c761c25ed0.jpg,300,300,98,114
Mask,76,47,10,11,4185_jpg.rf.98c884ebac5ce9c6597de3c761c25ed0.jpg,300,300,86,58
None,140,149,43,91,4187_jpg.rf.985d0ad27b8687e52b064d9114ef71f5.jpg,300,300,183,240
None,260,211,23,41,4187_jpg.rf.985d0ad27b8687e52b064d9114ef71f5.jpg,300,300,283,252
None,194,198,27,61,4187_jpg.rf.985d0ad27b8687e52b064d9114ef71f5.jpg,300,300,221,259
Mask,97,190,25,26,4187_jpg.rf.985d0ad27b8687e52b064d9114ef71f5.jpg,300,300,122,216
Mask,19,198,16,20,4187_jpg.rf.985d0ad27b8687e52b064d9114ef71f5.jpg,300,300,35,218
Helmet,161,83,40,35,4190_jpg.rf.999cc4365b299b8422c6d0cbf67e0129.jpg,300,300,201,118
Helmet,158,53,15,14,4190_jpg.rf.999cc4365b299b8422c6d0cbf67e0129.jpg,300,300,173,67
Mask,176,137,56,40,4191_jpg.rf.ae48c1c4365c6eef72303fe3ac18084d.jpg,300,300,232,177
None,81,79,43,26,4191_jpg.rf.ae48c1c4365c6eef72303fe3ac18084d.jpg,300,300,124,105
Mask,198,192,17,31,4193_jpg.rf.a3d81fa24d4c6bc401c9e9c85ab2b970.jpg,300,300,215,223
None,134,202,27,61,4193_jpg.rf.a3d81fa24d4c6bc401c9e9c85ab2b970.jpg,300,300,161,263
None,102,224,26,73,4193_jpg.rf.a3d81fa24d4c6bc401c9e9c85ab2b970.jpg,300,300,128,297
Mask,208,236,18,25,4195_jpg.rf.6e62edceb8c7587b0571ba608fb9549d.jpg,300,300,226,261
Mask,168,259,8,15,4195_jpg.rf.6e62edceb8c7587b0571ba608fb9549d.jpg,300,300,176,274
Mask,184,270,7,8,4195_jpg.rf.6e62edceb8c7587b0571ba608fb9549d.jpg,300,300,191,278
Mask,126,262,9,12,4195_jpg.rf.6e62edceb8c7587b0571ba608fb9549d.jpg,300,300,135,274
Mask,105,254,12,21,4195_jpg.rf.6e62edceb8c7587b0571ba608fb9549d.jpg,300,300,117,275
Mask,85,265,6,10,4195_jpg.rf.6e62edceb8c7587b0571ba608fb9549d.jpg,300,300,91,275
Mask,63,258,10,16,4195_jpg.rf.6e62edceb8c7587b0571ba608fb9549d.jpg,300,300,73,274
Mask,17,260,9,9,4195_jpg.rf.6e62edceb8c7587b0571ba608fb9549d.jpg,300,300,26,269
Mask,34,252,5,13,4195_jpg.rf.6e62edceb8c7587b0571ba608fb9549d.jpg,300,300,39,265
None,53,207,27,60,4199_jpg.rf.8ec5210f1dab0e82963d5e46d8ee1312.jpg,300,300,80,267
None,88,224,19,43,4199_jpg.rf.8ec5210f1dab0e82963d5e46d8ee1312.jpg,300,300,107,267
Mask,76,211,13,25,4199_jpg.rf.8ec5210f1dab0e82963d5e46d8ee1312.jpg,300,300,89,236
Mask,85,31,43,56,4199_jpg.rf.8ec5210f1dab0e82963d5e46d8ee1312.jpg,300,300,128,87
Mask,217,120,36,40,4199_jpg.rf.8ec5210f1dab0e82963d5e46d8ee1312.jpg,300,300,253,160
Mask,21,26,37,44,4199_jpg.rf.8ec5210f1dab0e82963d5e46d8ee1312.jpg,300,300,58,70
None,262,177,30,76,4199_jpg.rf.8ec5210f1dab0e82963d5e46d8ee1312.jpg,300,300,292,253
None,204,225,33,66,4199_jpg.rf.8ec5210f1dab0e82963d5e46d8ee1312.jpg,300,300,237,291
None,188,171,28,74,4199_jpg.rf.8ec5210f1dab0e82963d5e46d8ee1312.jpg,300,300,216,245
None,139,229,33,71,4199_jpg.rf.8ec5210f1dab0e82963d5e46d8ee1312.jpg,300,300,172,300
None,112,232,24,65,4199_jpg.rf.8ec5210f1dab0e82963d5e46d8ee1312.jpg,300,300,136,297
Mask,83,36,18,20,4200_jpg.rf.82d0633898c87a5f94fb1d284dd81ede.jpg,300,300,101,56
Mask,115,25,16,24,4200_jpg.rf.82d0633898c87a5f94fb1d284dd81ede.jpg,300,300,131,49
Mask,219,49,12,15,4200_jpg.rf.82d0633898c87a5f94fb1d284dd81ede.jpg,300,300,231,64
Mask,253,42,17,13,4200_jpg.rf.82d0633898c87a5f94fb1d284dd81ede.jpg,300,300,270,55
None,65,27,15,31,4200_jpg.rf.82d0633898c87a5f94fb1d284dd81ede.jpg,300,300,80,58
None,170,36,11,16,4200_jpg.rf.82d0633898c87a5f94fb1d284dd81ede.jpg,300,300,181,52
Mask,144,168,13,10,4201_jpg.rf.b4d639e6dbb3e785f8053c7f0f8c44b5.jpg,300,300,157,178
Mask,64,177,12,14,4201_jpg.rf.b4d639e6dbb3e785f8053c7f0f8c44b5.jpg,300,300,76,191
Mask,81,187,10,11,4201_jpg.rf.b4d639e6dbb3e785f8053c7f0f8c44b5.jpg,300,300,91,198
Mask,169,196,7,8,4201_jpg.rf.b4d639e6dbb3e785f8053c7f0f8c44b5.jpg,300,300,176,204
Mask,262,153,7,9,4201_jpg.rf.b4d639e6dbb3e785f8053c7f0f8c44b5.jpg,300,300,269,162
Mask,124,59,16,16,4204_jpg.rf.cebf006d8def54f4d009795920fe05d4.jpg,300,300,140,75
Mask,209,92,12,12,4204_jpg.rf.cebf006d8def54f4d009795920fe05d4.jpg,300,300,221,104
Mask,260,72,15,17,4204_jpg.rf.cebf006d8def54f4d009795920fe05d4.jpg,300,300,275,89
Mask,163,78,16,12,4204_jpg.rf.cebf006d8def54f4d009795920fe05d4.jpg,300,300,179,90
Mask,93,80,10,16,4204_jpg.rf.cebf006d8def54f4d009795920fe05d4.jpg,300,300,103,96
Mask,36,143,13,26,4204_jpg.rf.cebf006d8def54f4d009795920fe05d4.jpg,300,300,49,169
Mask,4,95,12,16,4204_jpg.rf.cebf006d8def54f4d009795920fe05d4.jpg,300,300,16,111
Helmet,13,114,37,36,4204_jpg.rf.cebf006d8def54f4d009795920fe05d4.jpg,300,300,50,150
Helmet,258,44,28,22,4204_jpg.rf.cebf006d8def54f4d009795920fe05d4.jpg,300,300,286,66
Helmet,225,69,18,21,4204_jpg.rf.cebf006d8def54f4d009795920fe05d4.jpg,300,300,243,90
Helmet,206,71,17,20,4204_jpg.rf.cebf006d8def54f4d009795920fe05d4.jpg,300,300,223,91
Helmet,163,57,18,22,4204_jpg.rf.cebf006d8def54f4d009795920fe05d4.jpg,300,300,181,79
Helmet,118,23,29,31,4204_jpg.rf.cebf006d8def54f4d009795920fe05d4.jpg,300,300,147,54
None,127,191,31,89,4205_jpg.rf.4cfa15444744f7c39e74e94834f20b61.jpg,300,300,158,280
Helmet,54,64,11,12,4208_jpg.rf.c5797df229fc85a0c78c3108254f748c.jpg,300,300,65,76
Helmet,96,69,10,11,4208_jpg.rf.c5797df229fc85a0c78c3108254f748c.jpg,300,300,106,80
Helmet,222,60,12,13,4208_jpg.rf.c5797df229fc85a0c78c3108254f748c.jpg,300,300,234,73
Helmet,249,68,10,9,4208_jpg.rf.c5797df229fc85a0c78c3108254f748c.jpg,300,300,259,77
Helmet,263,63,8,13,4208_jpg.rf.c5797df229fc85a0c78c3108254f748c.jpg,300,300,271,76
Helmet,272,62,10,10,4208_jpg.rf.c5797df229fc85a0c78c3108254f748c.jpg,300,300,282,72
Helmet,171,123,28,29,4208_jpg.rf.c5797df229fc85a0c78c3108254f748c.jpg,300,300,199,152
Helmet,127,107,20,33,4208_jpg.rf.c5797df229fc85a0c78c3108254f748c.jpg,300,300,147,140
Helmet,150,143,25,31,4208_jpg.rf.c5797df229fc85a0c78c3108254f748c.jpg,300,300,175,174
Helmet,95,107,23,33,4208_jpg.rf.c5797df229fc85a0c78c3108254f748c.jpg,300,300,118,140
Mask,232,131,15,16,4209_jpg.rf.23bc5d7d1e5679fe1d4ef02bf0827d2b.jpg,300,300,247,147
Mask,81,42,12,13,4209_jpg.rf.23bc5d7d1e5679fe1d4ef02bf0827d2b.jpg,300,300,93,55
Mask,208,206,10,17,4209_jpg.rf.23bc5d7d1e5679fe1d4ef02bf0827d2b.jpg,300,300,218,223
Mask,110,72,13,16,4209_jpg.rf.23bc5d7d1e5679fe1d4ef02bf0827d2b.jpg,300,300,123,88
Mask,174,73,22,21,4209_jpg.rf.23bc5d7d1e5679fe1d4ef02bf0827d2b.jpg,300,300,196,94
Mask,50,79,21,20,4209_jpg.rf.23bc5d7d1e5679fe1d4ef02bf0827d2b.jpg,300,300,71,99
Mask,39,109,15,14,4209_jpg.rf.23bc5d7d1e5679fe1d4ef02bf0827d2b.jpg,300,300,54,123
Mask,35,142,15,10,4209_jpg.rf.23bc5d7d1e5679fe1d4ef02bf0827d2b.jpg,300,300,50,152
Mask,112,215,16,14,4209_jpg.rf.23bc5d7d1e5679fe1d4ef02bf0827d2b.jpg,300,300,128,229
Mask,59,195,17,14,4209_jpg.rf.23bc5d7d1e5679fe1d4ef02bf0827d2b.jpg,300,300,76,209
Mask,76,243,13,13,4209_jpg.rf.23bc5d7d1e5679fe1d4ef02bf0827d2b.jpg,300,300,89,256
Mask,279,242,5,8,4213_jpg.rf.51d87184c7248d01a8ddbb21652d0d0d.jpg,300,300,284,250
Mask,234,210,12,22,4213_jpg.rf.51d87184c7248d01a8ddbb21652d0d0d.jpg,300,300,246,232
Mask,212,213,12,16,4213_jpg.rf.51d87184c7248d01a8ddbb21652d0d0d.jpg,300,300,224,229
Mask,168,193,16,28,4213_jpg.rf.51d87184c7248d01a8ddbb21652d0d0d.jpg,300,300,184,221
Mask,149,218,10,11,4213_jpg.rf.51d87184c7248d01a8ddbb21652d0d0d.jpg,300,300,159,229
Mask,140,142,24,20,4215_jpg.rf.7ee49b63a213baa117dfc63d83ffe42b.jpg,300,300,164,162
Mask,188,49,17,17,4215_jpg.rf.7ee49b63a213baa117dfc63d83ffe42b.jpg,300,300,205,66
Mask,186,73,22,23,4215_jpg.rf.7ee49b63a213baa117dfc63d83ffe42b.jpg,300,300,208,96
Mask,278,33,22,27,4215_jpg.rf.7ee49b63a213baa117dfc63d83ffe42b.jpg,300,300,300,60
Mask,229,26,25,24,4215_jpg.rf.7ee49b63a213baa117dfc63d83ffe42b.jpg,300,300,254,50
Mask,230,2,24,17,4215_jpg.rf.7ee49b63a213baa117dfc63d83ffe42b.jpg,300,300,254,19
Mask,274,74,26,29,4215_jpg.rf.7ee49b63a213baa117dfc63d83ffe42b.jpg,300,300,300,103
Mask,230,101,32,20,4215_jpg.rf.7ee49b63a213baa117dfc63d83ffe42b.jpg,300,300,262,121
Mask,232,116,24,25,4215_jpg.rf.7ee49b63a213baa117dfc63d83ffe42b.jpg,300,300,256,141
Mask,214,173,25,24,4215_jpg.rf.7ee49b63a213baa117dfc63d83ffe42b.jpg,300,300,239,197
Mask,222,140,23,21,4215_jpg.rf.7ee49b63a213baa117dfc63d83ffe42b.jpg,300,300,245,161
Mask,240,208,30,21,4215_jpg.rf.7ee49b63a213baa117dfc63d83ffe42b.jpg,300,300,270,229
Mask,221,244,25,20,4215_jpg.rf.7ee49b63a213baa117dfc63d83ffe42b.jpg,300,300,246,264
Mask,187,276,22,20,4215_jpg.rf.7ee49b63a213baa117dfc63d83ffe42b.jpg,300,300,209,296
Mask,152,235,26,20,4215_jpg.rf.7ee49b63a213baa117dfc63d83ffe42b.jpg,300,300,178,255
Mask,187,213,23,20,4215_jpg.rf.7ee49b63a213baa117dfc63d83ffe42b.jpg,300,300,210,233
Mask,152,214,12,16,4215_jpg.rf.7ee49b63a213baa117dfc63d83ffe42b.jpg,300,300,164,230
Mask,163,117,23,18,4215_jpg.rf.7ee49b63a213baa117dfc63d83ffe42b.jpg,300,300,186,135
Mask,146,89,18,20,4215_jpg.rf.7ee49b63a213baa117dfc63d83ffe42b.jpg,300,300,164,109
Mask,115,63,23,18,4215_jpg.rf.7ee49b63a213baa117dfc63d83ffe42b.jpg,300,300,138,81
Mask,173,13,23,20,4215_jpg.rf.7ee49b63a213baa117dfc63d83ffe42b.jpg,300,300,196,33
Mask,105,45,23,15,4215_jpg.rf.7ee49b63a213baa117dfc63d83ffe42b.jpg,300,300,128,60
Mask,104,190,17,18,4215_jpg.rf.7ee49b63a213baa117dfc63d83ffe42b.jpg,300,300,121,208
Mask,119,245,14,19,4215_jpg.rf.7ee49b63a213baa117dfc63d83ffe42b.jpg,300,300,133,264
Mask,145,273,17,20,4215_jpg.rf.7ee49b63a213baa117dfc63d83ffe42b.jpg,300,300,162,293
Mask,58,90,16,14,4215_jpg.rf.7ee49b63a213baa117dfc63d83ffe42b.jpg,300,300,74,104
Mask,72,257,21,15,4215_jpg.rf.7ee49b63a213baa117dfc63d83ffe42b.jpg,300,300,93,272
Mask,101,219,23,16,4215_jpg.rf.7ee49b63a213baa117dfc63d83ffe42b.jpg,300,300,124,235
Mask,56,69,13,15,4215_jpg.rf.7ee49b63a213baa117dfc63d83ffe42b.jpg,300,300,69,84
Mask,66,48,14,13,4215_jpg.rf.7ee49b63a213baa117dfc63d83ffe42b.jpg,300,300,80,61
Mask,92,0,18,11,4215_jpg.rf.7ee49b63a213baa117dfc63d83ffe42b.jpg,300,300,110,11
Mask,198,0,26,12,4215_jpg.rf.7ee49b63a213baa117dfc63d83ffe42b.jpg,300,300,224,12
Mask,55,169,16,11,4215_jpg.rf.7ee49b63a213baa117dfc63d83ffe42b.jpg,300,300,71,180
Mask,119,264,21,12,4215_jpg.rf.7ee49b63a213baa117dfc63d83ffe42b.jpg,300,300,140,276
Mask,101,22,20,18,4215_jpg.rf.7ee49b63a213baa117dfc63d83ffe42b.jpg,300,300,121,40
Mask,181,229,16,22,4217_jpg.rf.6f11c2978f9a6c531a588804aaf46256.jpg,300,300,197,251
Mask,256,171,28,29,4217_jpg.rf.6f11c2978f9a6c531a588804aaf46256.jpg,300,300,284,200
Mask,59,146,20,31,4217_jpg.rf.6f11c2978f9a6c531a588804aaf46256.jpg,300,300,79,177
Mask,12,213,15,16,4217_jpg.rf.6f11c2978f9a6c531a588804aaf46256.jpg,300,300,27,229
None,222,94,54,152,4219_jpg.rf.205e4ba11740604bd668fa409d613b6e.jpg,300,300,276,246
None,0,145,30,154,4219_jpg.rf.205e4ba11740604bd668fa409d613b6e.jpg,300,300,30,299
None,21,88,60,169,4219_jpg.rf.205e4ba11740604bd668fa409d613b6e.jpg,300,300,81,257
Mask,134,96,61,92,4219_jpg.rf.205e4ba11740604bd668fa409d613b6e.jpg,300,300,195,188
Mask,211,167,26,30,4223_jpg.rf.22223859f3f6440204593c7866e4ea67.jpg,300,300,237,197
Mask,256,170,23,28,4223_jpg.rf.22223859f3f6440204593c7866e4ea67.jpg,300,300,279,198
Mask,45,163,36,41,4223_jpg.rf.22223859f3f6440204593c7866e4ea67.jpg,300,300,81,204
Mask,135,183,20,30,4223_jpg.rf.22223859f3f6440204593c7866e4ea67.jpg,300,300,155,213
None,201,234,15,38,4223_jpg.rf.22223859f3f6440204593c7866e4ea67.jpg,300,300,216,272
None,282,196,18,47,4223_jpg.rf.22223859f3f6440204593c7866e4ea67.jpg,300,300,300,243
None,164,166,21,52,4223_jpg.rf.22223859f3f6440204593c7866e4ea67.jpg,300,300,185,218
None,219,193,20,30,4225_jpg.rf.6c1e01f8f25ec22f50785e97427d0864.jpg,300,300,239,223
Mask,75,236,20,13,4227_jpg.rf.6825e1ea9eb9134b353f966066cae9ea.jpg,300,300,95,249
Mask,76,202,18,16,4227_jpg.rf.6825e1ea9eb9134b353f966066cae9ea.jpg,300,300,94,218
Mask,59,145,34,23,4227_jpg.rf.6825e1ea9eb9134b353f966066cae9ea.jpg,300,300,93,168
Mask,53,127,25,18,4227_jpg.rf.6825e1ea9eb9134b353f966066cae9ea.jpg,300,300,78,145
Mask,89,44,30,21,4227_jpg.rf.6825e1ea9eb9134b353f966066cae9ea.jpg,300,300,119,65
None,89,252,82,38,4239_jpg.rf.8e9aae9d2c293d7beed87f736854ab71.jpg,300,300,171,290
None,44,216,52,22,4239_jpg.rf.8e9aae9d2c293d7beed87f736854ab71.jpg,300,300,96,238
Mask,49,177,25,25,4239_jpg.rf.8e9aae9d2c293d7beed87f736854ab71.jpg,300,300,74,202
Mask,78,77,31,26,4239_jpg.rf.8e9aae9d2c293d7beed87f736854ab71.jpg,300,300,109,103
None,86,24,25,67,4240_jpg.rf.63cb223148da845e18bd13b3515e776a.jpg,300,300,111,91
None,196,51,18,38,4240_jpg.rf.63cb223148da845e18bd13b3515e776a.jpg,300,300,214,89
None,35,216,13,21,4241_jpg.rf.d056258718e0fe5be8a32e3ec5feb3d1.jpg,300,300,48,237
None,82,198,12,30,4241_jpg.rf.d056258718e0fe5be8a32e3ec5feb3d1.jpg,300,300,94,228
None,188,221,16,31,4241_jpg.rf.d056258718e0fe5be8a32e3ec5feb3d1.jpg,300,300,204,252
None,246,226,13,30,4241_jpg.rf.d056258718e0fe5be8a32e3ec5feb3d1.jpg,300,300,259,256
None,155,239,14,30,4241_jpg.rf.d056258718e0fe5be8a32e3ec5feb3d1.jpg,300,300,169,269
None,173,235,13,29,4241_jpg.rf.d056258718e0fe5be8a32e3ec5feb3d1.jpg,300,300,186,264
Mask,110,228,12,16,4241_jpg.rf.d056258718e0fe5be8a32e3ec5feb3d1.jpg,300,300,122,244
Mask,202,55,11,10,4244_jpg.rf.2f01b30e34e4cfe96d74b3e35dc1bb0e.jpg,300,300,213,65
Mask,247,50,21,23,4244_jpg.rf.2f01b30e34e4cfe96d74b3e35dc1bb0e.jpg,300,300,268,73
Mask,157,107,27,22,4244_jpg.rf.2f01b30e34e4cfe96d74b3e35dc1bb0e.jpg,300,300,184,129
Mask,81,127,48,38,4244_jpg.rf.2f01b30e34e4cfe96d74b3e35dc1bb0e.jpg,300,300,129,165
Mask,16,114,35,25,4244_jpg.rf.2f01b30e34e4cfe96d74b3e35dc1bb0e.jpg,300,300,51,139
Mask,204,84,8,12,4244_jpg.rf.2f01b30e34e4cfe96d74b3e35dc1bb0e.jpg,300,300,212,96
None,176,208,10,12,4248_jpg.rf.588e1df39daf9083f0ca7dc91dbd5580.jpg,300,300,186,220
None,99,83,9,13,4248_jpg.rf.588e1df39daf9083f0ca7dc91dbd5580.jpg,300,300,108,96
None,53,104,8,8,4248_jpg.rf.588e1df39daf9083f0ca7dc91dbd5580.jpg,300,300,61,112
None,195,210,9,13,4248_jpg.rf.588e1df39daf9083f0ca7dc91dbd5580.jpg,300,300,204,223
Mask,16,99,27,30,4254_jpg.rf.9d338f7cf0442622659cf87e727e2c0c.jpg,300,300,43,129
Mask,103,49,18,20,4254_jpg.rf.9d338f7cf0442622659cf87e727e2c0c.jpg,300,300,121,69
Mask,218,123,25,33,4254_jpg.rf.9d338f7cf0442622659cf87e727e2c0c.jpg,300,300,243,156
Mask,275,73,12,14,4254_jpg.rf.9d338f7cf0442622659cf87e727e2c0c.jpg,300,300,287,87
Helmet,155,168,19,15,4255_jpg.rf.60fc01f4132b79cef5cce2d72d94200c.jpg,300,300,174,183
Helmet,272,166,15,15,4255_jpg.rf.60fc01f4132b79cef5cce2d72d94200c.jpg,300,300,287,181
Helmet,215,157,13,11,4255_jpg.rf.60fc01f4132b79cef5cce2d72d94200c.jpg,300,300,228,168
Helmet,193,159,15,17,4255_jpg.rf.60fc01f4132b79cef5cce2d72d94200c.jpg,300,300,208,176
Helmet,90,89,14,27,4255_jpg.rf.60fc01f4132b79cef5cce2d72d94200c.jpg,300,300,104,116
Helmet,26,155,13,14,4255_jpg.rf.60fc01f4132b79cef5cce2d72d94200c.jpg,300,300,39,169
Helmet,0,17,11,35,4255_jpg.rf.60fc01f4132b79cef5cce2d72d94200c.jpg,300,300,11,52
Helmet,84,168,16,15,4255_jpg.rf.60fc01f4132b79cef5cce2d72d94200c.jpg,300,300,100,183
Helmet,174,151,13,16,4255_jpg.rf.60fc01f4132b79cef5cce2d72d94200c.jpg,300,300,187,167
Helmet,58,143,10,12,4255_jpg.rf.60fc01f4132b79cef5cce2d72d94200c.jpg,300,300,68,155
Helmet,241,204,11,13,4255_jpg.rf.60fc01f4132b79cef5cce2d72d94200c.jpg,300,300,252,217
Helmet,20,166,8,7,4255_jpg.rf.60fc01f4132b79cef5cce2d72d94200c.jpg,300,300,28,173
Mask,255,107,19,21,4258_jpg.rf.5c627310e569c8bab61d05ac48cbe129.jpg,300,300,274,128
Mask,255,70,16,11,4258_jpg.rf.5c627310e569c8bab61d05ac48cbe129.jpg,300,300,271,81
Mask,212,71,18,12,4258_jpg.rf.5c627310e569c8bab61d05ac48cbe129.jpg,300,300,230,83
Mask,195,68,16,12,4258_jpg.rf.5c627310e569c8bab61d05ac48cbe129.jpg,300,300,211,80
Mask,139,67,14,15,4258_jpg.rf.5c627310e569c8bab61d05ac48cbe129.jpg,300,300,153,82
Mask,132,68,8,10,4258_jpg.rf.5c627310e569c8bab61d05ac48cbe129.jpg,300,300,140,78
Mask,107,68,8,6,4258_jpg.rf.5c627310e569c8bab61d05ac48cbe129.jpg,300,300,115,74
Mask,96,68,9,10,4258_jpg.rf.5c627310e569c8bab61d05ac48cbe129.jpg,300,300,105,78
Mask,74,56,15,17,4258_jpg.rf.5c627310e569c8bab61d05ac48cbe129.jpg,300,300,89,73
Mask,14,68,16,13,4258_jpg.rf.5c627310e569c8bab61d05ac48cbe129.jpg,300,300,30,81
Mask,291,68,9,7,4258_jpg.rf.5c627310e569c8bab61d05ac48cbe129.jpg,300,300,300,75
None,181,155,16,33,4261_jpg.rf.e3fbbc98e998b2adc3a3bbc97774575c.jpg,300,300,197,188
None,70,143,10,19,4261_jpg.rf.e3fbbc98e998b2adc3a3bbc97774575c.jpg,300,300,80,162
None,112,152,13,21,4261_jpg.rf.e3fbbc98e998b2adc3a3bbc97774575c.jpg,300,300,125,173
None,0,140,15,21,4261_jpg.rf.e3fbbc98e998b2adc3a3bbc97774575c.jpg,300,300,15,161
Mask,228,135,11,13,4261_jpg.rf.e3fbbc98e998b2adc3a3bbc97774575c.jpg,300,300,239,148
Mask,11,121,26,44,4262_jpg.rf.8ce84acdda1f9d56387cf1079b80c57e.jpg,300,300,37,165
Mask,94,113,21,35,4262_jpg.rf.8ce84acdda1f9d56387cf1079b80c57e.jpg,300,300,115,148
Mask,148,66,14,16,4262_jpg.rf.8ce84acdda1f9d56387cf1079b80c57e.jpg,300,300,162,82
Mask,151,212,29,25,4263_jpg.rf.fe6cfc2c2bdc95d81051d7889bbb003d.jpg,300,300,180,237
Mask,206,146,28,26,4263_jpg.rf.fe6cfc2c2bdc95d81051d7889bbb003d.jpg,300,300,234,172
Mask,199,72,29,24,4263_jpg.rf.fe6cfc2c2bdc95d81051d7889bbb003d.jpg,300,300,228,96
Mask,151,34,15,16,4263_jpg.rf.fe6cfc2c2bdc95d81051d7889bbb003d.jpg,300,300,166,50
Mask,142,88,12,12,4263_jpg.rf.fe6cfc2c2bdc95d81051d7889bbb003d.jpg,300,300,154,100
Mask,125,116,14,11,4263_jpg.rf.fe6cfc2c2bdc95d81051d7889bbb003d.jpg,300,300,139,127
Mask,125,141,9,10,4263_jpg.rf.fe6cfc2c2bdc95d81051d7889bbb003d.jpg,300,300,134,151
Mask,109,192,12,13,4263_jpg.rf.fe6cfc2c2bdc95d81051d7889bbb003d.jpg,300,300,121,205
Mask,145,262,15,15,4263_jpg.rf.fe6cfc2c2bdc95d81051d7889bbb003d.jpg,300,300,160,277
Mask,140,275,14,11,4263_jpg.rf.fe6cfc2c2bdc95d81051d7889bbb003d.jpg,300,300,154,286
Mask,118,76,9,11,4263_jpg.rf.fe6cfc2c2bdc95d81051d7889bbb003d.jpg,300,300,127,87
Mask,133,50,14,13,4263_jpg.rf.fe6cfc2c2bdc95d81051d7889bbb003d.jpg,300,300,147,63
Mask,110,2,12,9,4263_jpg.rf.fe6cfc2c2bdc95d81051d7889bbb003d.jpg,300,300,122,11
Mask,43,171,14,20,4267_jpg.rf.6080c0b21a94ab642e65037a3889869c.jpg,300,300,57,191
Mask,99,171,8,13,4267_jpg.rf.6080c0b21a94ab642e65037a3889869c.jpg,300,300,107,184
Mask,275,178,13,15,4267_jpg.rf.6080c0b21a94ab642e65037a3889869c.jpg,300,300,288,193
Mask,233,134,18,22,4267_jpg.rf.6080c0b21a94ab642e65037a3889869c.jpg,300,300,251,156
Mask,196,161,12,14,4267_jpg.rf.6080c0b21a94ab642e65037a3889869c.jpg,300,300,208,175
Mask,182,162,10,12,4267_jpg.rf.6080c0b21a94ab642e65037a3889869c.jpg,300,300,192,174
Mask,166,170,11,12,4267_jpg.rf.6080c0b21a94ab642e65037a3889869c.jpg,300,300,177,182
Mask,70,175,9,11,4267_jpg.rf.6080c0b21a94ab642e65037a3889869c.jpg,300,300,79,186
Mask,18,166,7,8,4267_jpg.rf.6080c0b21a94ab642e65037a3889869c.jpg,300,300,25,174
Mask,127,175,8,7,4267_jpg.rf.6080c0b21a94ab642e65037a3889869c.jpg,300,300,135,182
Mask,41,139,11,10,4268_jpg.rf.0b0aa9e0b38f6b89ed89c0ab829c885d.jpg,300,300,52,149
Mask,69,138,9,11,4268_jpg.rf.0b0aa9e0b38f6b89ed89c0ab829c885d.jpg,300,300,78,149
Mask,95,125,10,11,4268_jpg.rf.0b0aa9e0b38f6b89ed89c0ab829c885d.jpg,300,300,105,136
Mask,187,160,8,9,4268_jpg.rf.0b0aa9e0b38f6b89ed89c0ab829c885d.jpg,300,300,195,169
Mask,227,181,18,18,4268_jpg.rf.0b0aa9e0b38f6b89ed89c0ab829c885d.jpg,300,300,245,199
Mask,215,158,8,8,4268_jpg.rf.0b0aa9e0b38f6b89ed89c0ab829c885d.jpg,300,300,223,166
Mask,87,72,58,43,4275_jpg.rf.217d89ec0580bdfd1c2fc5bfa08813df.jpg,300,300,145,115
Mask,94,118,29,31,4277_jpg.rf.c310d0fb3dd5e1d6807395cb1cc1d869.jpg,300,300,123,149
Mask,138,147,12,10,4277_jpg.rf.c310d0fb3dd5e1d6807395cb1cc1d869.jpg,300,300,150,157
Mask,211,153,16,19,4277_jpg.rf.c310d0fb3dd5e1d6807395cb1cc1d869.jpg,300,300,227,172
Mask,233,153,13,12,4277_jpg.rf.c310d0fb3dd5e1d6807395cb1cc1d869.jpg,300,300,246,165
Mask,70,145,13,10,4277_jpg.rf.c310d0fb3dd5e1d6807395cb1cc1d869.jpg,300,300,83,155
Mask,206,148,11,10,4279_jpg.rf.1cec026df5f174e6ec695dbfea142765.jpg,300,300,217,158
Mask,159,142,6,11,4283_jpg.rf.b5d751f69f69fd1164b81ec284118491.jpg,300,300,165,153
Mask,166,113,11,15,4283_jpg.rf.b5d751f69f69fd1164b81ec284118491.jpg,300,300,177,128
Mask,252,135,9,16,4283_jpg.rf.b5d751f69f69fd1164b81ec284118491.jpg,300,300,261,151
Mask,127,112,13,14,4283_jpg.rf.b5d751f69f69fd1164b81ec284118491.jpg,300,300,140,126
Mask,60,113,14,16,4283_jpg.rf.b5d751f69f69fd1164b81ec284118491.jpg,300,300,74,129
Mask,229,44,6,9,4286_jpg.rf.442f9407fd09fa60d767662784ee0da0.jpg,300,300,235,53
Mask,199,46,11,15,4286_jpg.rf.442f9407fd09fa60d767662784ee0da0.jpg,300,300,210,61
Mask,188,49,8,11,4286_jpg.rf.442f9407fd09fa60d767662784ee0da0.jpg,300,300,196,60
Mask,151,28,16,18,4286_jpg.rf.442f9407fd09fa60d767662784ee0da0.jpg,300,300,167,46
Mask,111,70,20,20,4286_jpg.rf.442f9407fd09fa60d767662784ee0da0.jpg,300,300,131,90
Mask,58,36,21,28,4286_jpg.rf.442f9407fd09fa60d767662784ee0da0.jpg,300,300,79,64
None,119,133,68,28,4287_jpg.rf.8f1c81e7819560ae1fdf4841a1814a99.jpg,300,300,187,161
None,123,73,56,22,4287_jpg.rf.8f1c81e7819560ae1fdf4841a1814a99.jpg,300,300,179,95
None,190,3,13,8,4287_jpg.rf.8f1c81e7819560ae1fdf4841a1814a99.jpg,300,300,203,11
None,180,211,45,21,4287_jpg.rf.8f1c81e7819560ae1fdf4841a1814a99.jpg,300,300,225,232
None,195,237,25,16,4287_jpg.rf.8f1c81e7819560ae1fdf4841a1814a99.jpg,300,300,220,253
Mask,109,114,59,128,4288_jpg.rf.ea82deac9f2677fef01a4d59a9aa3ac4.jpg,300,300,168,242
None,9,81,29,74,4291_jpg.rf.62e20a1daa79d6a9ae9ea02f33372f90.jpg,300,300,38,155
None,103,189,8,23,4291_jpg.rf.62e20a1daa79d6a9ae9ea02f33372f90.jpg,300,300,111,212
None,92,171,10,22,4291_jpg.rf.62e20a1daa79d6a9ae9ea02f33372f90.jpg,300,300,102,193
Helmet,111,227,18,30,4291_jpg.rf.62e20a1daa79d6a9ae9ea02f33372f90.jpg,300,300,129,257
None,132,237,10,19,4291_jpg.rf.62e20a1daa79d6a9ae9ea02f33372f90.jpg,300,300,142,256
Helmet,162,229,8,14,4291_jpg.rf.62e20a1daa79d6a9ae9ea02f33372f90.jpg,300,300,170,243
None,254,51,37,57,4291_jpg.rf.62e20a1daa79d6a9ae9ea02f33372f90.jpg,300,300,291,108
None,211,165,12,30,4291_jpg.rf.62e20a1daa79d6a9ae9ea02f33372f90.jpg,300,300,223,195
None,241,152,15,30,4291_jpg.rf.62e20a1daa79d6a9ae9ea02f33372f90.jpg,300,300,256,182
None,245,223,7,14,4291_jpg.rf.62e20a1daa79d6a9ae9ea02f33372f90.jpg,300,300,252,237
None,193,185,8,24,4291_jpg.rf.62e20a1daa79d6a9ae9ea02f33372f90.jpg,300,300,201,209
None,173,224,9,15,4291_jpg.rf.62e20a1daa79d6a9ae9ea02f33372f90.jpg,300,300,182,239
Mask,69,118,26,87,4294_jpg.rf.66dc352bc70d7c76200bc229f41f5b07.jpg,300,300,95,205
Mask,90,106,37,83,4294_jpg.rf.66dc352bc70d7c76200bc229f41f5b07.jpg,300,300,127,189
Helmet,83,59,17,23,4302_jpg.rf.c3071f58088b9e80f0248a16ef05a1ca.jpg,300,300,100,82
Helmet,210,64,18,19,4302_jpg.rf.c3071f58088b9e80f0248a16ef05a1ca.jpg,300,300,228,83
Helmet,293,118,7,18,4302_jpg.rf.c3071f58088b9e80f0248a16ef05a1ca.jpg,300,300,300,136
Helmet,269,148,18,22,4302_jpg.rf.c3071f58088b9e80f0248a16ef05a1ca.jpg,300,300,287,170
Helmet,236,160,12,19,4302_jpg.rf.c3071f58088b9e80f0248a16ef05a1ca.jpg,300,300,248,179
Helmet,191,158,13,15,4302_jpg.rf.c3071f58088b9e80f0248a16ef05a1ca.jpg,300,300,204,173
Helmet,168,153,16,16,4302_jpg.rf.c3071f58088b9e80f0248a16ef05a1ca.jpg,300,300,184,169
Helmet,148,158,8,18,4302_jpg.rf.c3071f58088b9e80f0248a16ef05a1ca.jpg,300,300,156,176
Helmet,135,116,15,24,4302_jpg.rf.c3071f58088b9e80f0248a16ef05a1ca.jpg,300,300,150,140
Helmet,117,145,16,22,4302_jpg.rf.c3071f58088b9e80f0248a16ef05a1ca.jpg,300,300,133,167
Helmet,63,158,13,14,4302_jpg.rf.c3071f58088b9e80f0248a16ef05a1ca.jpg,300,300,76,172
Helmet,41,157,13,13,4302_jpg.rf.c3071f58088b9e80f0248a16ef05a1ca.jpg,300,300,54,170
Helmet,23,152,13,16,4302_jpg.rf.c3071f58088b9e80f0248a16ef05a1ca.jpg,300,300,36,168
Helmet,0,157,11,13,4302_jpg.rf.c3071f58088b9e80f0248a16ef05a1ca.jpg,300,300,11,170
Mask,184,272,15,13,4305_jpg.rf.741c0cb547edbe15575cb93d283c0b84.jpg,300,300,199,285
Mask,170,214,12,10,4305_jpg.rf.741c0cb547edbe15575cb93d283c0b84.jpg,300,300,182,224
Mask,162,158,8,6,4305_jpg.rf.741c0cb547edbe15575cb93d283c0b84.jpg,300,300,170,164
Mask,179,243,10,10,4305_jpg.rf.741c0cb547edbe15575cb93d283c0b84.jpg,300,300,189,253
Mask,119,80,21,22,4306_jpg.rf.ad32fc2354e2ace3e1fb45f437fc211f.jpg,300,300,140,102
Mask,208,64,20,23,4306_jpg.rf.ad32fc2354e2ace3e1fb45f437fc211f.jpg,300,300,228,87
Mask,100,132,111,61,4307_jpg.rf.f7cdc66efdb781c77abf6c4767b7296d.jpg,300,300,211,193
Mask,24,40,9,8,4308_jpg.rf.e082eba8c475b4f2b0821a9cbcbf4476.jpg,300,300,33,48
Mask,7,144,30,39,4308_jpg.rf.e082eba8c475b4f2b0821a9cbcbf4476.jpg,300,300,37,183
Mask,62,58,12,16,4308_jpg.rf.e082eba8c475b4f2b0821a9cbcbf4476.jpg,300,300,74,74
Mask,108,75,11,12,4308_jpg.rf.e082eba8c475b4f2b0821a9cbcbf4476.jpg,300,300,119,87
Mask,204,205,36,51,4308_jpg.rf.e082eba8c475b4f2b0821a9cbcbf4476.jpg,300,300,240,256
Mask,253,192,46,65,4308_jpg.rf.e082eba8c475b4f2b0821a9cbcbf4476.jpg,300,300,299,257
Mask,211,95,28,36,4308_jpg.rf.e082eba8c475b4f2b0821a9cbcbf4476.jpg,300,300,239,131
None,260,59,14,30,4308_jpg.rf.e082eba8c475b4f2b0821a9cbcbf4476.jpg,300,300,274,89
None,192,56,13,32,4308_jpg.rf.e082eba8c475b4f2b0821a9cbcbf4476.jpg,300,300,205,88
None,173,26,12,23,4308_jpg.rf.e082eba8c475b4f2b0821a9cbcbf4476.jpg,300,300,185,49
None,34,16,8,18,4308_jpg.rf.e082eba8c475b4f2b0821a9cbcbf4476.jpg,300,300,42,34
Mask,142,35,9,10,4308_jpg.rf.e082eba8c475b4f2b0821a9cbcbf4476.jpg,300,300,151,45
Mask,80,51,10,10,4308_jpg.rf.e082eba8c475b4f2b0821a9cbcbf4476.jpg,300,300,90,61
None,47,28,8,23,4308_jpg.rf.e082eba8c475b4f2b0821a9cbcbf4476.jpg,300,300,55,51
Mask,154,269,21,20,4317_jpg.rf.db76d7a6749a897d275ddfda86677c11.jpg,300,300,175,289
Mask,130,227,23,18,4317_jpg.rf.db76d7a6749a897d275ddfda86677c11.jpg,300,300,153,245
Mask,152,195,17,16,4317_jpg.rf.db76d7a6749a897d275ddfda86677c11.jpg,300,300,169,211
Mask,116,183,22,15,4317_jpg.rf.db76d7a6749a897d275ddfda86677c11.jpg,300,300,138,198
Mask,149,117,16,15,4317_jpg.rf.db76d7a6749a897d275ddfda86677c11.jpg,300,300,165,132
Mask,160,84,14,16,4317_jpg.rf.db76d7a6749a897d275ddfda86677c11.jpg,300,300,174,100
Mask,148,66,20,16,4317_jpg.rf.db76d7a6749a897d275ddfda86677c11.jpg,300,300,168,82
Mask,143,36,17,15,4317_jpg.rf.db76d7a6749a897d275ddfda86677c11.jpg,300,300,160,51
Mask,162,4,16,14,4317_jpg.rf.db76d7a6749a897d275ddfda86677c11.jpg,300,300,178,18
Mask,179,19,16,7,4317_jpg.rf.db76d7a6749a897d275ddfda86677c11.jpg,300,300,195,26
Helmet,130,12,40,58,4318_jpg.rf.d651968e831fbd029939b8f4406fb6c4.jpg,300,300,170,70
None,180,214,40,57,4318_jpg.rf.d651968e831fbd029939b8f4406fb6c4.jpg,300,300,220,271
Mask,0,198,15,23,4321_jpg.rf.a55b4b85098e09176e0018a174239d53.jpg,300,300,15,221
Mask,49,185,17,27,4321_jpg.rf.a55b4b85098e09176e0018a174239d53.jpg,300,300,66,212
Mask,85,184,23,30,4321_jpg.rf.a55b4b85098e09176e0018a174239d53.jpg,300,300,108,214
Mask,138,191,20,21,4321_jpg.rf.a55b4b85098e09176e0018a174239d53.jpg,300,300,158,212
Mask,173,227,15,22,4321_jpg.rf.a55b4b85098e09176e0018a174239d53.jpg,300,300,188,249
Mask,190,198,20,31,4321_jpg.rf.a55b4b85098e09176e0018a174239d53.jpg,300,300,210,229
Mask,229,218,22,28,4321_jpg.rf.a55b4b85098e09176e0018a174239d53.jpg,300,300,251,246
Mask,267,228,22,28,4321_jpg.rf.a55b4b85098e09176e0018a174239d53.jpg,300,300,289,256
Mask,74,90,27,60,4324_jpg.rf.31cb2f049acc1ecdaf8ab1d04be321e2.jpg,300,300,101,150
Mask,128,63,21,56,4324_jpg.rf.31cb2f049acc1ecdaf8ab1d04be321e2.jpg,300,300,149,119
Mask,159,102,27,30,4324_jpg.rf.31cb2f049acc1ecdaf8ab1d04be321e2.jpg,300,300,186,132
Mask,234,110,26,31,4324_jpg.rf.31cb2f049acc1ecdaf8ab1d04be321e2.jpg,300,300,260,141
Mask,4,133,13,18,4328_jpg.rf.04e5bf2debdb921d7a2e60f12bab71d1.jpg,300,300,17,151
Mask,19,150,8,15,4328_jpg.rf.04e5bf2debdb921d7a2e60f12bab71d1.jpg,300,300,27,165
Mask,36,115,13,17,4328_jpg.rf.04e5bf2debdb921d7a2e60f12bab71d1.jpg,300,300,49,132
Mask,68,118,12,21,4328_jpg.rf.04e5bf2debdb921d7a2e60f12bab71d1.jpg,300,300,80,139
Mask,87,130,11,14,4328_jpg.rf.04e5bf2debdb921d7a2e60f12bab71d1.jpg,300,300,98,144
Mask,116,122,14,16,4328_jpg.rf.04e5bf2debdb921d7a2e60f12bab71d1.jpg,300,300,130,138
Mask,183,89,15,23,4328_jpg.rf.04e5bf2debdb921d7a2e60f12bab71d1.jpg,300,300,198,112
Mask,195,122,16,20,4328_jpg.rf.04e5bf2debdb921d7a2e60f12bab71d1.jpg,300,300,211,142
Mask,226,102,20,23,4328_jpg.rf.04e5bf2debdb921d7a2e60f12bab71d1.jpg,300,300,246,125
Mask,270,125,19,21,4328_jpg.rf.04e5bf2debdb921d7a2e60f12bab71d1.jpg,300,300,289,146
Mask,87,143,37,56,4330_jpg.rf.2bbbc31b7da214f482aa894fdb880923.jpg,300,300,124,199
Mask,34,91,20,24,4334_jpg.rf.bc9f3e8ac9fd487d9d440fb7f4d97b15.jpg,300,300,54,115
Mask,89,91,25,24,4334_jpg.rf.bc9f3e8ac9fd487d9d440fb7f4d97b15.jpg,300,300,114,115
None,68,75,21,32,4334_jpg.rf.bc9f3e8ac9fd487d9d440fb7f4d97b15.jpg,300,300,89,107
None,193,108,20,40,4334_jpg.rf.bc9f3e8ac9fd487d9d440fb7f4d97b15.jpg,300,300,213,148
None,128,61,15,28,4334_jpg.rf.bc9f3e8ac9fd487d9d440fb7f4d97b15.jpg,300,300,143,89
None,204,28,12,19,4334_jpg.rf.bc9f3e8ac9fd487d9d440fb7f4d97b15.jpg,300,300,216,47
None,42,114,8,11,4340_jpg.rf.c8f8138448b8b9a96c9e311671818b08.jpg,300,300,50,125
None,284,145,6,11,4340_jpg.rf.c8f8138448b8b9a96c9e311671818b08.jpg,300,300,290,156
None,294,146,5,13,4340_jpg.rf.c8f8138448b8b9a96c9e311671818b08.jpg,300,300,299,159
None,240,155,18,23,4340_jpg.rf.c8f8138448b8b9a96c9e311671818b08.jpg,300,300,258,178
None,213,161,21,49,4340_jpg.rf.c8f8138448b8b9a96c9e311671818b08.jpg,300,300,234,210
None,181,159,7,15,4340_jpg.rf.c8f8138448b8b9a96c9e311671818b08.jpg,300,300,188,174
None,96,130,13,31,4340_jpg.rf.c8f8138448b8b9a96c9e311671818b08.jpg,300,300,109,161
None,97,115,5,11,4340_jpg.rf.c8f8138448b8b9a96c9e311671818b08.jpg,300,300,102,126
None,1,133,8,12,4340_jpg.rf.c8f8138448b8b9a96c9e311671818b08.jpg,300,300,9,145
Helmet,225,0,59,21,4341_jpg.rf.5129fd0d70bfdd09be3011037d4dba31.jpg,300,300,284,21
Helmet,16,80,79,55,4341_jpg.rf.5129fd0d70bfdd09be3011037d4dba31.jpg,300,300,95,135
Mask,209,84,14,15,4342_jpg.rf.68fd41833dd195f310f2280c43b66baa.jpg,300,300,223,99
Mask,53,70,28,38,4344_jpg.rf.83f40b250cb35464ff3e3d575f985fe0.jpg,300,300,81,108
Mask,101,92,14,17,4344_jpg.rf.83f40b250cb35464ff3e3d575f985fe0.jpg,300,300,115,109
Mask,115,57,10,17,4344_jpg.rf.83f40b250cb35464ff3e3d575f985fe0.jpg,300,300,125,74
Mask,140,75,18,19,4344_jpg.rf.83f40b250cb35464ff3e3d575f985fe0.jpg,300,300,158,94
Mask,162,58,14,17,4344_jpg.rf.83f40b250cb35464ff3e3d575f985fe0.jpg,300,300,176,75
Mask,265,60,25,30,4344_jpg.rf.83f40b250cb35464ff3e3d575f985fe0.jpg,300,300,290,90
Mask,239,28,17,25,4344_jpg.rf.83f40b250cb35464ff3e3d575f985fe0.jpg,300,300,256,53
Mask,121,157,43,65,4345_jpg.rf.e13de5462523558215383c4c1ac9abe1.jpg,300,300,164,222
Mask,18,263,31,37,4345_jpg.rf.e13de5462523558215383c4c1ac9abe1.jpg,300,300,49,300
Helmet,104,67,18,27,4346_jpg.rf.5b4dd71a4f4e1333dd393dc9cfd82705.jpg,300,300,122,94
Helmet,78,86,15,19,4346_jpg.rf.5b4dd71a4f4e1333dd393dc9cfd82705.jpg,300,300,93,105
Helmet,41,198,23,25,4347_jpg.rf.4e3cf727714135de64fd793b20c0200b.jpg,300,300,64,223
Helmet,93,132,17,22,4347_jpg.rf.4e3cf727714135de64fd793b20c0200b.jpg,300,300,110,154
Helmet,105,108,16,18,4347_jpg.rf.4e3cf727714135de64fd793b20c0200b.jpg,300,300,121,126
Helmet,104,151,13,17,4347_jpg.rf.4e3cf727714135de64fd793b20c0200b.jpg,300,300,117,168
Helmet,101,176,18,13,4347_jpg.rf.4e3cf727714135de64fd793b20c0200b.jpg,300,300,119,189
None,134,45,24,38,4348_jpg.rf.e798c70456abdbd18761988caba83407.jpg,300,300,158,83
None,201,246,14,29,4349_jpg.rf.ea320e172e9e28e370e488234967cba7.jpg,300,300,215,275
None,265,161,18,32,4349_jpg.rf.ea320e172e9e28e370e488234967cba7.jpg,300,300,283,193
None,173,174,15,27,4349_jpg.rf.ea320e172e9e28e370e488234967cba7.jpg,300,300,188,201
None,138,160,15,30,4349_jpg.rf.ea320e172e9e28e370e488234967cba7.jpg,300,300,153,190
None,100,162,12,22,4349_jpg.rf.ea320e172e9e28e370e488234967cba7.jpg,300,300,112,184
None,62,151,12,27,4349_jpg.rf.ea320e172e9e28e370e488234967cba7.jpg,300,300,74,178
None,25,161,9,27,4349_jpg.rf.ea320e172e9e28e370e488234967cba7.jpg,300,300,34,188
None,78,250,11,20,4349_jpg.rf.ea320e172e9e28e370e488234967cba7.jpg,300,300,89,270
None,220,171,13,32,4349_jpg.rf.ea320e172e9e28e370e488234967cba7.jpg,300,300,233,203
None,217,265,15,27,4349_jpg.rf.ea320e172e9e28e370e488234967cba7.jpg,300,300,232,292
None,139,197,9,18,4349_jpg.rf.ea320e172e9e28e370e488234967cba7.jpg,300,300,148,215
None,5,238,9,21,4349_jpg.rf.ea320e172e9e28e370e488234967cba7.jpg,300,300,14,259
None,18,240,6,16,4349_jpg.rf.ea320e172e9e28e370e488234967cba7.jpg,300,300,24,256
Mask,56,179,10,13,4349_jpg.rf.ea320e172e9e28e370e488234967cba7.jpg,300,300,66,192
None,81,185,12,25,4349_jpg.rf.ea320e172e9e28e370e488234967cba7.jpg,300,300,93,210
None,261,203,15,25,4349_jpg.rf.ea320e172e9e28e370e488234967cba7.jpg,300,300,276,228
None,46,199,9,16,4349_jpg.rf.ea320e172e9e28e370e488234967cba7.jpg,300,300,55,215
None,119,203,5,17,4349_jpg.rf.ea320e172e9e28e370e488234967cba7.jpg,300,300,124,220
None,93,244,8,17,4349_jpg.rf.ea320e172e9e28e370e488234967cba7.jpg,300,300,101,261
None,69,204,10,20,4349_jpg.rf.ea320e172e9e28e370e488234967cba7.jpg,300,300,79,224
Mask,0,89,13,14,4350_jpg.rf.f2b3b43060bd18fa3c58a3044b511e2d.jpg,300,300,13,103
None,237,28,23,53,4350_jpg.rf.f2b3b43060bd18fa3c58a3044b511e2d.jpg,300,300,260,81
Mask,157,139,25,37,4350_jpg.rf.f2b3b43060bd18fa3c58a3044b511e2d.jpg,300,300,182,176
Mask,72,60,10,12,4350_jpg.rf.f2b3b43060bd18fa3c58a3044b511e2d.jpg,300,300,82,72
Mask,186,143,22,34,4351_jpg.rf.d1b1b921099605fbe4b2e40e88d9184d.jpg,300,300,208,177
Mask,155,162,15,21,4351_jpg.rf.d1b1b921099605fbe4b2e40e88d9184d.jpg,300,300,170,183
None,125,183,13,24,4351_jpg.rf.d1b1b921099605fbe4b2e40e88d9184d.jpg,300,300,138,207
Mask,58,239,24,32,4351_jpg.rf.d1b1b921099605fbe4b2e40e88d9184d.jpg,300,300,82,271
None,110,189,10,15,4351_jpg.rf.d1b1b921099605fbe4b2e40e88d9184d.jpg,300,300,120,204
Helmet,160,37,27,29,4354_jpg.rf.1986952bc01a99bcf3a5501e052fd031.jpg,300,300,187,66
None,108,55,21,37,4354_jpg.rf.1986952bc01a99bcf3a5501e052fd031.jpg,300,300,129,92
Mask,184,215,11,15,4357_jpg.rf.19d84662fd206503610753763a509ec6.jpg,300,300,195,230
Mask,248,204,8,14,4357_jpg.rf.19d84662fd206503610753763a509ec6.jpg,300,300,256,218
Mask,66,200,9,13,4357_jpg.rf.19d84662fd206503610753763a509ec6.jpg,300,300,75,213
Mask,127,215,11,12,4357_jpg.rf.19d84662fd206503610753763a509ec6.jpg,300,300,138,227
Mask,97,200,9,13,4357_jpg.rf.19d84662fd206503610753763a509ec6.jpg,300,300,106,213
Mask,29,216,15,13,4357_jpg.rf.19d84662fd206503610753763a509ec6.jpg,300,300,44,229
Mask,287,223,12,13,4357_jpg.rf.19d84662fd206503610753763a509ec6.jpg,300,300,299,236
Mask,216,203,8,10,4357_jpg.rf.19d84662fd206503610753763a509ec6.jpg,300,300,224,213
Helmet,69,261,8,8,4359_jpg.rf.36c357e491cfceb1e94c1cf2b6eb9539.jpg,300,300,77,269
Helmet,44,168,21,19,4359_jpg.rf.36c357e491cfceb1e94c1cf2b6eb9539.jpg,300,300,65,187
Helmet,103,241,25,26,4359_jpg.rf.36c357e491cfceb1e94c1cf2b6eb9539.jpg,300,300,128,267
Mask,129,104,50,67,4362_jpg.rf.5b4727c517f9147e5529eae2681d3864.jpg,300,300,179,171
Mask,36,3,16,33,4362_jpg.rf.5b4727c517f9147e5529eae2681d3864.jpg,300,300,52,36
Mask,128,75,48,45,4366_jpg.rf.ed519f8838c3ff15d6d61f041f141f1d.jpg,300,300,176,120
Mask,178,151,24,26,4368_jpg.rf.f8bc1fbc9b7fd67248309a3db12c4017.jpg,300,300,202,177
Mask,218,146,9,10,4368_jpg.rf.f8bc1fbc9b7fd67248309a3db12c4017.jpg,300,300,227,156
Mask,150,142,9,10,4368_jpg.rf.f8bc1fbc9b7fd67248309a3db12c4017.jpg,300,300,159,152
Mask,73,129,14,20,4368_jpg.rf.f8bc1fbc9b7fd67248309a3db12c4017.jpg,300,300,87,149
Mask,54,135,10,11,4368_jpg.rf.f8bc1fbc9b7fd67248309a3db12c4017.jpg,300,300,64,146
Mask,67,131,7,16,4368_jpg.rf.f8bc1fbc9b7fd67248309a3db12c4017.jpg,300,300,74,147
Mask,163,65,14,19,4370_jpg.rf.12a88911d585f97f9bc49aa13cc20e7c.jpg,300,300,177,84
Mask,115,75,15,16,4370_jpg.rf.12a88911d585f97f9bc49aa13cc20e7c.jpg,300,300,130,91
None,232,71,13,20,4370_jpg.rf.12a88911d585f97f9bc49aa13cc20e7c.jpg,300,300,245,91
Mask,196,114,13,13,4371_jpg.rf.4e106e9e69b7e64d1f2deed61a75cf45.jpg,300,300,209,127
Mask,231,28,16,16,4371_jpg.rf.4e106e9e69b7e64d1f2deed61a75cf45.jpg,300,300,247,44
Mask,246,205,18,15,4371_jpg.rf.4e106e9e69b7e64d1f2deed61a75cf45.jpg,300,300,264,220
Mask,173,157,11,11,4371_jpg.rf.4e106e9e69b7e64d1f2deed61a75cf45.jpg,300,300,184,168
Mask,207,278,12,17,4371_jpg.rf.4e106e9e69b7e64d1f2deed61a75cf45.jpg,300,300,219,295
Mask,135,223,12,8,4371_jpg.rf.4e106e9e69b7e64d1f2deed61a75cf45.jpg,300,300,147,231
Mask,156,133,13,8,4371_jpg.rf.4e106e9e69b7e64d1f2deed61a75cf45.jpg,300,300,169,141
Mask,174,217,12,9,4371_jpg.rf.4e106e9e69b7e64d1f2deed61a75cf45.jpg,300,300,186,226
Helmet,134,236,19,12,4371_jpg.rf.4e106e9e69b7e64d1f2deed61a75cf45.jpg,300,300,153,248
Mask,130,41,10,10,4371_jpg.rf.4e106e9e69b7e64d1f2deed61a75cf45.jpg,300,300,140,51
Mask,154,156,8,10,4371_jpg.rf.4e106e9e69b7e64d1f2deed61a75cf45.jpg,300,300,162,166
None,138,23,23,43,4372_jpg.rf.3ea740cdfe4001886cffce407ff65a69.jpg,300,300,161,66
None,265,109,9,17,4372_jpg.rf.3ea740cdfe4001886cffce407ff65a69.jpg,300,300,274,126
Mask,135,151,11,13,4373_jpg.rf.6b03f359b3037f0e5949b419bb307b8b.jpg,300,300,146,164
Mask,121,149,10,14,4373_jpg.rf.6b03f359b3037f0e5949b419bb307b8b.jpg,300,300,131,163
Mask,114,151,6,12,4373_jpg.rf.6b03f359b3037f0e5949b419bb307b8b.jpg,300,300,120,163
Mask,48,142,8,13,4373_jpg.rf.6b03f359b3037f0e5949b419bb307b8b.jpg,300,300,56,155
Mask,151,155,7,12,4373_jpg.rf.6b03f359b3037f0e5949b419bb307b8b.jpg,300,300,158,167
Mask,66,70,10,11,4373_jpg.rf.6b03f359b3037f0e5949b419bb307b8b.jpg,300,300,76,81
Mask,37,159,10,10,4373_jpg.rf.6b03f359b3037f0e5949b419bb307b8b.jpg,300,300,47,169
Helmet,199,115,33,38,4374_jpg.rf.83e1c5ded140eb6cea505ed994370091.jpg,300,300,232,153
Helmet,143,113,18,23,4374_jpg.rf.83e1c5ded140eb6cea505ed994370091.jpg,300,300,161,136
Helmet,134,132,17,22,4374_jpg.rf.83e1c5ded140eb6cea505ed994370091.jpg,300,300,151,154
Helmet,67,115,30,33,4374_jpg.rf.83e1c5ded140eb6cea505ed994370091.jpg,300,300,97,148
Mask,263,104,16,23,4375_jpg.rf.0ca15af80ed1b0b8d8fe750dbe012721.jpg,300,300,279,127
Mask,200,104,19,29,4375_jpg.rf.0ca15af80ed1b0b8d8fe750dbe012721.jpg,300,300,219,133
Mask,138,140,12,19,4375_jpg.rf.0ca15af80ed1b0b8d8fe750dbe012721.jpg,300,300,150,159
Mask,86,90,15,16,4375_jpg.rf.0ca15af80ed1b0b8d8fe750dbe012721.jpg,300,300,101,106
Mask,222,79,9,12,4376_jpg.rf.2e2a5541c026f2eb19c2a215c29233c8.jpg,300,300,231,91
Mask,262,148,12,21,4376_jpg.rf.2e2a5541c026f2eb19c2a215c29233c8.jpg,300,300,274,169
Mask,138,126,7,14,4376_jpg.rf.2e2a5541c026f2eb19c2a215c29233c8.jpg,300,300,145,140
None,25,119,30,49,4376_jpg.rf.2e2a5541c026f2eb19c2a215c29233c8.jpg,300,300,55,168
Helmet,0,46,7,16,4378_jpg.rf.2eeb77665552410614a9757cedc3e7e2.jpg,300,300,7,62
Helmet,182,134,15,13,4378_jpg.rf.2eeb77665552410614a9757cedc3e7e2.jpg,300,300,197,147
Helmet,175,136,9,12,4378_jpg.rf.2eeb77665552410614a9757cedc3e7e2.jpg,300,300,184,148
Helmet,129,141,18,15,4378_jpg.rf.2eeb77665552410614a9757cedc3e7e2.jpg,300,300,147,156
None,131,170,33,99,4379_jpg.rf.db2e5181fb09728b2d70bb7193a815fb.jpg,300,300,164,269
Mask,151,150,23,33,4381_jpg.rf.b821dd8065bda3b1a6c3900dd8a1961f.jpg,300,300,174,183
Mask,252,189,20,27,4381_jpg.rf.b821dd8065bda3b1a6c3900dd8a1961f.jpg,300,300,272,216
Mask,145,246,18,21,4381_jpg.rf.b821dd8065bda3b1a6c3900dd8a1961f.jpg,300,300,163,267
Mask,61,205,18,23,4381_jpg.rf.b821dd8065bda3b1a6c3900dd8a1961f.jpg,300,300,79,228
Helmet,56,80,88,44,4382_jpg.rf.d849b2053b3e17f0e2aa296ea0489f84.jpg,300,300,144,124
None,118,136,20,11,4383_jpg.rf.7f6032b38e9c12b59f0aeb05c7016474.jpg,300,300,138,147
None,127,227,22,10,4383_jpg.rf.7f6032b38e9c12b59f0aeb05c7016474.jpg,300,300,149,237
None,129,269,18,12,4383_jpg.rf.7f6032b38e9c12b59f0aeb05c7016474.jpg,300,300,147,281
None,138,250,19,8,4383_jpg.rf.7f6032b38e9c12b59f0aeb05c7016474.jpg,300,300,157,258
Mask,191,146,14,23,4385_jpg.rf.22bbd88d51d994e979c76e84c0243527.jpg,300,300,205,169
Mask,169,149,13,19,4385_jpg.rf.22bbd88d51d994e979c76e84c0243527.jpg,300,300,182,168
Mask,135,135,16,17,4385_jpg.rf.22bbd88d51d994e979c76e84c0243527.jpg,300,300,151,152
Mask,91,145,16,17,4385_jpg.rf.22bbd88d51d994e979c76e84c0243527.jpg,300,300,107,162
Mask,68,140,15,13,4385_jpg.rf.22bbd88d51d994e979c76e84c0243527.jpg,300,300,83,153
Mask,4,143,15,13,4385_jpg.rf.22bbd88d51d994e979c76e84c0243527.jpg,300,300,19,156
Mask,120,81,24,23,4389_jpg.rf.6964bb65c09a49e234e68bdd392726c0.jpg,300,300,144,104
Mask,134,31,18,21,4389_jpg.rf.6964bb65c09a49e234e68bdd392726c0.jpg,300,300,152,52
Mask,28,249,23,14,4389_jpg.rf.6964bb65c09a49e234e68bdd392726c0.jpg,300,300,51,263
Helmet,169,15,57,54,4390_jpg.rf.f605f85042d8e7676506c08d14ffe4fe.jpg,300,300,226,69
Helmet,65,31,54,59,4390_jpg.rf.f605f85042d8e7676506c08d14ffe4fe.jpg,300,300,119,90
Helmet,224,11,11,18,4392_jpg.rf.f76a6bd5c27b603464da37216919e090.jpg,300,300,235,29
Helmet,253,36,24,26,4392_jpg.rf.f76a6bd5c27b603464da37216919e090.jpg,300,300,277,62
Helmet,222,46,30,42,4392_jpg.rf.f76a6bd5c27b603464da37216919e090.jpg,300,300,252,88
Helmet,73,32,20,27,4392_jpg.rf.f76a6bd5c27b603464da37216919e090.jpg,300,300,93,59
Helmet,49,65,36,40,4392_jpg.rf.f76a6bd5c27b603464da37216919e090.jpg,300,300,85,105
Helmet,292,238,8,17,4393_jpg.rf.dc249740ff5ffb9083694a9502533fc8.jpg,300,300,300,255
Helmet,155,143,15,15,4393_jpg.rf.dc249740ff5ffb9083694a9502533fc8.jpg,300,300,170,158
Helmet,104,155,12,12,4393_jpg.rf.dc249740ff5ffb9083694a9502533fc8.jpg,300,300,116,167
Helmet,117,152,8,10,4393_jpg.rf.dc249740ff5ffb9083694a9502533fc8.jpg,300,300,125,162
Mask,130,264,8,8,4395_jpg.rf.8404bea5277bebec8f67948ba451c5a8.jpg,300,300,138,272
Mask,126,196,12,9,4395_jpg.rf.8404bea5277bebec8f67948ba451c5a8.jpg,300,300,138,205
Mask,143,131,10,10,4395_jpg.rf.8404bea5277bebec8f67948ba451c5a8.jpg,300,300,153,141
None,55,23,20,40,4396_jpg.rf.dd89e70f221b9723fdc12d2abe42563b.jpg,300,300,75,63
Mask,149,123,10,10,4396_jpg.rf.dd89e70f221b9723fdc12d2abe42563b.jpg,300,300,159,133
Mask,96,280,9,12,4397_jpg.rf.a66833f4dc89cdcac671a304cbf4b7f4.jpg,300,300,105,292
Mask,55,212,31,41,4397_jpg.rf.a66833f4dc89cdcac671a304cbf4b7f4.jpg,300,300,86,253
Mask,163,183,12,39,4397_jpg.rf.a66833f4dc89cdcac671a304cbf4b7f4.jpg,300,300,175,222
Mask,285,291,10,9,4397_jpg.rf.a66833f4dc89cdcac671a304cbf4b7f4.jpg,300,300,295,300
Mask,84,148,31,20,4401_jpg.rf.e8aa3c2698ecbe6724aa5337b917c81c.jpg,300,300,115,168
None,72,24,36,47,4402_jpg.rf.ccb58b2d6cb078dde50a1a3aa7feadba.jpg,300,300,108,71
None,178,55,27,37,4402_jpg.rf.ccb58b2d6cb078dde50a1a3aa7feadba.jpg,300,300,205,92
Mask,118,176,28,48,4403_jpg.rf.4b434ac23ac4def84a25d3d16ba8549e.jpg,300,300,146,224
Mask,142,168,6,8,4404_jpg.rf.80688879bc3ec75006aa9e5313dadf84.jpg,300,300,148,176
Mask,171,195,4,5,4404_jpg.rf.80688879bc3ec75006aa9e5313dadf84.jpg,300,300,175,200
Helmet,240,87,45,43,4406_jpg.rf.0d888c073ec03ae816a7fe3615fe185f.jpg,300,300,285,130
Helmet,176,31,60,66,4406_jpg.rf.0d888c073ec03ae816a7fe3615fe185f.jpg,300,300,236,97
Helmet,40,15,43,45,4407_jpg.rf.b8b73d0a1e7539173e54e5ef14731b85.jpg,300,300,83,60
Helmet,81,64,39,34,4407_jpg.rf.b8b73d0a1e7539173e54e5ef14731b85.jpg,300,300,120,98
Helmet,64,96,49,28,4407_jpg.rf.b8b73d0a1e7539173e54e5ef14731b85.jpg,300,300,113,124
Helmet,81,157,39,39,4407_jpg.rf.b8b73d0a1e7539173e54e5ef14731b85.jpg,300,300,120,196
Helmet,40,217,43,41,4407_jpg.rf.b8b73d0a1e7539173e54e5ef14731b85.jpg,300,300,83,258
Helmet,64,238,47,55,4407_jpg.rf.b8b73d0a1e7539173e54e5ef14731b85.jpg,300,300,111,293
Mask,210,91,11,17,4408_jpg.rf.791cf9d4713e6edacd5441986c52f2c3.jpg,300,300,221,108
Mask,128,128,9,10,4408_jpg.rf.791cf9d4713e6edacd5441986c52f2c3.jpg,300,300,137,138
None,163,203,18,36,4409_jpg.rf.34fbc3a441254188eadd526f06ace9de.jpg,300,300,181,239
None,203,212,13,27,4409_jpg.rf.34fbc3a441254188eadd526f06ace9de.jpg,300,300,216,239
Mask,204,173,17,28,4411_jpg.rf.529b9095e3224eeb1d29c790298dd9af.jpg,300,300,221,201
Mask,43,154,39,40,4412_jpg.rf.f80f066f93942bd415ef94f7adf4fbe4.jpg,300,300,82,194
Mask,120,129,27,34,4412_jpg.rf.f80f066f93942bd415ef94f7adf4fbe4.jpg,300,300,147,163
Mask,92,91,23,36,4412_jpg.rf.f80f066f93942bd415ef94f7adf4fbe4.jpg,300,300,115,127
Mask,168,115,26,32,4412_jpg.rf.f80f066f93942bd415ef94f7adf4fbe4.jpg,300,300,194,147
Mask,213,87,25,46,4412_jpg.rf.f80f066f93942bd415ef94f7adf4fbe4.jpg,300,300,238,133
Mask,154,68,17,26,4412_jpg.rf.f80f066f93942bd415ef94f7adf4fbe4.jpg,300,300,171,94
Mask,140,53,10,31,4412_jpg.rf.f80f066f93942bd415ef94f7adf4fbe4.jpg,300,300,150,84
Mask,154,178,10,8,4413_jpg.rf.654d8fe18ac20260e6808a32410f4c68.jpg,300,300,164,186
Helmet,25,111,39,39,4415_jpg.rf.0c6e3ccbc4bacb03f18b2e635c24bf91.jpg,300,300,64,150
Helmet,122,151,48,49,4415_jpg.rf.0c6e3ccbc4bacb03f18b2e635c24bf91.jpg,300,300,170,200
None,134,137,9,15,4418_jpg.rf.63b348e8f05be8ec7028631c269e9155.jpg,300,300,143,152
None,102,130,5,9,4418_jpg.rf.63b348e8f05be8ec7028631c269e9155.jpg,300,300,107,139
None,92,263,29,13,4419_jpg.rf.effc7f4520079160102d82872b247fa1.jpg,300,300,121,276
None,228,186,38,23,4419_jpg.rf.effc7f4520079160102d82872b247fa1.jpg,300,300,266,209
None,99,155,31,16,4419_jpg.rf.effc7f4520079160102d82872b247fa1.jpg,300,300,130,171
None,97,130,36,18,4419_jpg.rf.effc7f4520079160102d82872b247fa1.jpg,300,300,133,148
None,116,58,37,18,4419_jpg.rf.effc7f4520079160102d82872b247fa1.jpg,300,300,153,76
Mask,111,69,29,51,4420_jpg.rf.f9ab02ab28bf963bef7eca0e09f936eb.jpg,300,300,140,120
Helmet,262,253,16,19,4421_jpg.rf.cb991d0d2f7dd140855516d5b1adad30.jpg,300,300,278,272
Helmet,170,254,18,25,4421_jpg.rf.cb991d0d2f7dd140855516d5b1adad30.jpg,300,300,188,279
Helmet,147,218,15,26,4421_jpg.rf.cb991d0d2f7dd140855516d5b1adad30.jpg,300,300,162,244
Helmet,132,178,22,25,4421_jpg.rf.cb991d0d2f7dd140855516d5b1adad30.jpg,300,300,154,203
Helmet,26,145,21,23,4421_jpg.rf.cb991d0d2f7dd140855516d5b1adad30.jpg,300,300,47,168
Helmet,18,98,27,33,4421_jpg.rf.cb991d0d2f7dd140855516d5b1adad30.jpg,300,300,45,131
Helmet,19,129,24,19,4421_jpg.rf.cb991d0d2f7dd140855516d5b1adad30.jpg,300,300,43,148
Mask,101,113,53,96,4422_jpg.rf.19a3354b7d970e2acb4c48a8873d3b98.jpg,300,300,154,209
Mask,133,96,60,110,4423_jpg.rf.752fc540441f285ec188a6fb016a718e.jpg,300,300,193,206
Mask,50,39,12,11,4424_jpg.rf.01853175162c21762ffe3c9d49f1469f.jpg,300,300,62,50
Mask,71,46,16,19,4424_jpg.rf.01853175162c21762ffe3c9d49f1469f.jpg,300,300,87,65
Mask,110,64,15,16,4424_jpg.rf.01853175162c21762ffe3c9d49f1469f.jpg,300,300,125,80
Mask,128,63,10,13,4424_jpg.rf.01853175162c21762ffe3c9d49f1469f.jpg,300,300,138,76
Mask,171,68,13,15,4424_jpg.rf.01853175162c21762ffe3c9d49f1469f.jpg,300,300,184,83
Mask,226,84,20,19,4424_jpg.rf.01853175162c21762ffe3c9d49f1469f.jpg,300,300,246,103
Mask,264,77,26,30,4424_jpg.rf.01853175162c21762ffe3c9d49f1469f.jpg,300,300,290,107
Mask,88,147,44,35,4425_jpg.rf.b5edbbf2a866262a4462a9b34b2f185c.jpg,300,300,132,182
None,39,35,25,46,4426_jpg.rf.001ee636c11a2e2f4238b97d5f6f8414.jpg,300,300,64,81
Mask,63,84,12,15,4426_jpg.rf.001ee636c11a2e2f4238b97d5f6f8414.jpg,300,300,75,99
Mask,105,82,9,10,4426_jpg.rf.001ee636c11a2e2f4238b97d5f6f8414.jpg,300,300,114,92
Mask,153,79,10,10,4426_jpg.rf.001ee636c11a2e2f4238b97d5f6f8414.jpg,300,300,163,89
Mask,170,98,10,13,4426_jpg.rf.001ee636c11a2e2f4238b97d5f6f8414.jpg,300,300,180,111
Mask,191,69,18,35,4426_jpg.rf.001ee636c11a2e2f4238b97d5f6f8414.jpg,300,300,209,104
Mask,275,74,9,11,4426_jpg.rf.001ee636c11a2e2f4238b97d5f6f8414.jpg,300,300,284,85
Mask,76,78,6,11,4426_jpg.rf.001ee636c11a2e2f4238b97d5f6f8414.jpg,300,300,82,89
Mask,132,84,7,9,4426_jpg.rf.001ee636c11a2e2f4238b97d5f6f8414.jpg,300,300,139,93
Mask,84,126,35,61,4427_jpg.rf.07e3d25c7c8f2e3e694fd56403f84c71.jpg,300,300,119,187
None,65,95,21,36,4429_jpg.rf.983b4444ce7339098a76979f6e50c025.jpg,300,300,86,131
None,192,148,15,21,4429_jpg.rf.983b4444ce7339098a76979f6e50c025.jpg,300,300,207,169
None,249,173,10,15,4429_jpg.rf.983b4444ce7339098a76979f6e50c025.jpg,300,300,259,188
None,41,115,21,28,4429_jpg.rf.983b4444ce7339098a76979f6e50c025.jpg,300,300,62,143
None,9,143,8,15,4429_jpg.rf.983b4444ce7339098a76979f6e50c025.jpg,300,300,17,158
None,0,142,8,14,4429_jpg.rf.983b4444ce7339098a76979f6e50c025.jpg,300,300,8,156
Helmet,97,0,94,107,4430_jpg.rf.98911e5cd063bc0f9accd0123f224429.jpg,300,300,191,107
None,184,56,30,61,4430_jpg.rf.98911e5cd063bc0f9accd0123f224429.jpg,300,300,214,117
Mask,132,160,86,65,4431_jpg.rf.adf5ea68fbbbf99c3b98b53de247d3c3.jpg,300,300,218,225
Helmet,126,48,15,20,4432_jpg.rf.34987824bc64bfb8374d3b88b2671eea.jpg,300,300,141,68
Helmet,230,32,17,19,4432_jpg.rf.34987824bc64bfb8374d3b88b2671eea.jpg,300,300,247,51
Helmet,141,108,18,25,4432_jpg.rf.34987824bc64bfb8374d3b88b2671eea.jpg,300,300,159,133
Helmet,114,106,15,21,4432_jpg.rf.34987824bc64bfb8374d3b88b2671eea.jpg,300,300,129,127
None,72,180,12,20,4433_jpg.rf.3de5feb54c676bdb6b7c1ca75b00608d.jpg,300,300,84,200
None,271,165,12,23,4433_jpg.rf.3de5feb54c676bdb6b7c1ca75b00608d.jpg,300,300,283,188
None,167,150,12,21,4433_jpg.rf.3de5feb54c676bdb6b7c1ca75b00608d.jpg,300,300,179,171
None,173,176,10,20,4433_jpg.rf.3de5feb54c676bdb6b7c1ca75b00608d.jpg,300,300,183,196
None,116,163,14,23,4433_jpg.rf.3de5feb54c676bdb6b7c1ca75b00608d.jpg,300,300,130,186
Mask,74,55,11,15,4434_jpg.rf.7e11c495dce1f1f6af1412bc25a24d00.jpg,300,300,85,70
Mask,92,59,12,16,4434_jpg.rf.7e11c495dce1f1f6af1412bc25a24d00.jpg,300,300,104,75
Mask,169,51,12,15,4434_jpg.rf.7e11c495dce1f1f6af1412bc25a24d00.jpg,300,300,181,66
Mask,267,124,10,11,4434_jpg.rf.7e11c495dce1f1f6af1412bc25a24d00.jpg,300,300,277,135
Mask,275,143,20,20,4434_jpg.rf.7e11c495dce1f1f6af1412bc25a24d00.jpg,300,300,295,163
Mask,141,138,21,25,4434_jpg.rf.7e11c495dce1f1f6af1412bc25a24d00.jpg,300,300,162,163
Mask,117,162,16,23,4434_jpg.rf.7e11c495dce1f1f6af1412bc25a24d00.jpg,300,300,133,185
Mask,173,217,23,24,4434_jpg.rf.7e11c495dce1f1f6af1412bc25a24d00.jpg,300,300,196,241
Mask,119,234,20,22,4434_jpg.rf.7e11c495dce1f1f6af1412bc25a24d00.jpg,300,300,139,256
Mask,140,221,20,24,4434_jpg.rf.7e11c495dce1f1f6af1412bc25a24d00.jpg,300,300,160,245
Mask,101,229,19,30,4434_jpg.rf.7e11c495dce1f1f6af1412bc25a24d00.jpg,300,300,120,259
Mask,74,187,20,28,4434_jpg.rf.7e11c495dce1f1f6af1412bc25a24d00.jpg,300,300,94,215
Mask,48,185,20,24,4434_jpg.rf.7e11c495dce1f1f6af1412bc25a24d00.jpg,300,300,68,209
Mask,26,231,23,26,4434_jpg.rf.7e11c495dce1f1f6af1412bc25a24d00.jpg,300,300,49,257
Mask,32,277,32,23,4434_jpg.rf.7e11c495dce1f1f6af1412bc25a24d00.jpg,300,300,64,300
Mask,74,279,23,21,4434_jpg.rf.7e11c495dce1f1f6af1412bc25a24d00.jpg,300,300,97,300
Mask,246,221,21,21,4434_jpg.rf.7e11c495dce1f1f6af1412bc25a24d00.jpg,300,300,267,242
Mask,207,241,20,23,4434_jpg.rf.7e11c495dce1f1f6af1412bc25a24d00.jpg,300,300,227,264
Mask,212,151,19,10,4434_jpg.rf.7e11c495dce1f1f6af1412bc25a24d00.jpg,300,300,231,161
Mask,239,152,16,26,4434_jpg.rf.7e11c495dce1f1f6af1412bc25a24d00.jpg,300,300,255,178
Mask,216,189,16,19,4434_jpg.rf.7e11c495dce1f1f6af1412bc25a24d00.jpg,300,300,232,208
Mask,275,188,18,20,4434_jpg.rf.7e11c495dce1f1f6af1412bc25a24d00.jpg,300,300,293,208
Mask,12,176,22,17,4434_jpg.rf.7e11c495dce1f1f6af1412bc25a24d00.jpg,300,300,34,193
Mask,0,199,11,26,4434_jpg.rf.7e11c495dce1f1f6af1412bc25a24d00.jpg,300,300,11,225
Mask,0,94,15,11,4434_jpg.rf.7e11c495dce1f1f6af1412bc25a24d00.jpg,300,300,15,105
Mask,62,117,18,19,4434_jpg.rf.7e11c495dce1f1f6af1412bc25a24d00.jpg,300,300,80,136
Mask,46,105,15,22,4434_jpg.rf.7e11c495dce1f1f6af1412bc25a24d00.jpg,300,300,61,127
Mask,259,72,12,19,4434_jpg.rf.7e11c495dce1f1f6af1412bc25a24d00.jpg,300,300,271,91
Mask,218,98,17,19,4434_jpg.rf.7e11c495dce1f1f6af1412bc25a24d00.jpg,300,300,235,117
Mask,192,102,16,20,4434_jpg.rf.7e11c495dce1f1f6af1412bc25a24d00.jpg,300,300,208,122
Mask,88,147,20,18,4434_jpg.rf.7e11c495dce1f1f6af1412bc25a24d00.jpg,300,300,108,165
Mask,7,150,7,20,4434_jpg.rf.7e11c495dce1f1f6af1412bc25a24d00.jpg,300,300,14,170
Mask,24,99,16,18,4434_jpg.rf.7e11c495dce1f1f6af1412bc25a24d00.jpg,300,300,40,117
Mask,46,65,10,15,4434_jpg.rf.7e11c495dce1f1f6af1412bc25a24d00.jpg,300,300,56,80
Mask,132,23,15,16,4434_jpg.rf.7e11c495dce1f1f6af1412bc25a24d00.jpg,300,300,147,39
Mask,140,84,13,17,4440_jpg.rf.0bc297b9204bb8923fbae075baff97ae.jpg,300,300,153,101
Mask,89,66,13,14,4440_jpg.rf.0bc297b9204bb8923fbae075baff97ae.jpg,300,300,102,80
Mask,71,41,12,14,4440_jpg.rf.0bc297b9204bb8923fbae075baff97ae.jpg,300,300,83,55
Mask,165,61,8,9,4440_jpg.rf.0bc297b9204bb8923fbae075baff97ae.jpg,300,300,173,70
Mask,193,56,10,11,4440_jpg.rf.0bc297b9204bb8923fbae075baff97ae.jpg,300,300,203,67
Mask,176,99,10,15,4440_jpg.rf.0bc297b9204bb8923fbae075baff97ae.jpg,300,300,186,114
Mask,210,79,16,22,4440_jpg.rf.0bc297b9204bb8923fbae075baff97ae.jpg,300,300,226,101
Mask,245,89,16,17,4440_jpg.rf.0bc297b9204bb8923fbae075baff97ae.jpg,300,300,261,106
Mask,285,96,15,29,4440_jpg.rf.0bc297b9204bb8923fbae075baff97ae.jpg,300,300,300,125
Mask,154,73,13,12,4440_jpg.rf.0bc297b9204bb8923fbae075baff97ae.jpg,300,300,167,85
Helmet,8,46,8,10,4440_jpg.rf.0bc297b9204bb8923fbae075baff97ae.jpg,300,300,16,56
Mask,27,162,21,25,4442_jpg.rf.5a94ee22b6084d8f6952e04ac2389c40.jpg,300,300,48,187
Mask,68,166,14,18,4442_jpg.rf.5a94ee22b6084d8f6952e04ac2389c40.jpg,300,300,82,184
Mask,154,133,21,27,4442_jpg.rf.5a94ee22b6084d8f6952e04ac2389c40.jpg,300,300,175,160
Mask,168,146,26,37,4442_jpg.rf.5a94ee22b6084d8f6952e04ac2389c40.jpg,300,300,194,183
Mask,260,152,18,19,4442_jpg.rf.5a94ee22b6084d8f6952e04ac2389c40.jpg,300,300,278,171
Mask,127,152,17,17,4443_jpg.rf.40f15b5d2fcea22fddd33825c1d0e4ed.jpg,300,300,144,169
Mask,89,99,23,10,4443_jpg.rf.40f15b5d2fcea22fddd33825c1d0e4ed.jpg,300,300,112,109
Mask,113,28,20,10,4443_jpg.rf.40f15b5d2fcea22fddd33825c1d0e4ed.jpg,300,300,133,38
Mask,159,196,23,10,4443_jpg.rf.40f15b5d2fcea22fddd33825c1d0e4ed.jpg,300,300,182,206
Mask,149,232,18,14,4443_jpg.rf.40f15b5d2fcea22fddd33825c1d0e4ed.jpg,300,300,167,246
Mask,85,184,18,14,4443_jpg.rf.40f15b5d2fcea22fddd33825c1d0e4ed.jpg,300,300,103,198
Mask,71,181,20,7,4443_jpg.rf.40f15b5d2fcea22fddd33825c1d0e4ed.jpg,300,300,91,188
Mask,45,271,12,9,4443_jpg.rf.40f15b5d2fcea22fddd33825c1d0e4ed.jpg,300,300,57,280
Mask,41,283,15,13,4443_jpg.rf.40f15b5d2fcea22fddd33825c1d0e4ed.jpg,300,300,56,296
Mask,92,74,23,31,4444_jpg.rf.91bae725acbef59de7426dd729f0d9b9.jpg,300,300,115,105
Mask,223,74,28,28,4444_jpg.rf.91bae725acbef59de7426dd729f0d9b9.jpg,300,300,251,102
Mask,124,219,13,16,4445_jpg.rf.4c76256d706f51107af39afbae595ced.jpg,300,300,137,235
Mask,165,180,16,20,4445_jpg.rf.4c76256d706f51107af39afbae595ced.jpg,300,300,181,200
Mask,279,205,8,11,4445_jpg.rf.4c76256d706f51107af39afbae595ced.jpg,300,300,287,216
None,159,105,10,19,4446_jpg.rf.e9a45f54dfa1f3819588e56026c77090.jpg,300,300,169,124
None,77,113,9,16,4446_jpg.rf.e9a45f54dfa1f3819588e56026c77090.jpg,300,300,86,129
None,29,81,11,23,4446_jpg.rf.e9a45f54dfa1f3819588e56026c77090.jpg,300,300,40,104
None,233,95,11,23,4446_jpg.rf.e9a45f54dfa1f3819588e56026c77090.jpg,300,300,244,118
Helmet,99,145,37,37,4448_jpg.rf.66a7eb73cd13a21d4af19d397763e251.jpg,300,300,136,182
Helmet,149,128,40,30,4448_jpg.rf.66a7eb73cd13a21d4af19d397763e251.jpg,300,300,189,158
Mask,118,252,14,13,4449_jpg.rf.1f0ce11f632c1fe4ad55b044d38ca559.jpg,300,300,132,265
Mask,99,85,20,16,4449_jpg.rf.1f0ce11f632c1fe4ad55b044d38ca559.jpg,300,300,119,101
Mask,89,48,33,16,4449_jpg.rf.1f0ce11f632c1fe4ad55b044d38ca559.jpg,300,300,122,64
None,91,149,38,20,4449_jpg.rf.1f0ce11f632c1fe4ad55b044d38ca559.jpg,300,300,129,169
Mask,92,137,21,40,4451_jpg.rf.d7107d23d157d9f694cf70d2ec86f3a5.jpg,300,300,113,177
Mask,171,187,28,40,4451_jpg.rf.d7107d23d157d9f694cf70d2ec86f3a5.jpg,300,300,199,227
Mask,121,94,45,70,4452_jpg.rf.b22a2b4a42c611b41eac8759a60a8d29.jpg,300,300,166,164
None,184,28,38,102,4454_jpg.rf.de369625a481c8329bef46b53abf3873.jpg,300,300,222,130
Mask,112,72,30,50,4454_jpg.rf.de369625a481c8329bef46b53abf3873.jpg,300,300,142,122
Mask,54,92,24,29,4454_jpg.rf.de369625a481c8329bef46b53abf3873.jpg,300,300,78,121
Mask,35,64,18,31,4454_jpg.rf.de369625a481c8329bef46b53abf3873.jpg,300,300,53,95
Mask,17,69,20,28,4454_jpg.rf.de369625a481c8329bef46b53abf3873.jpg,300,300,37,97
None,74,46,18,61,4454_jpg.rf.de369625a481c8329bef46b53abf3873.jpg,300,300,92,107
Mask,35,278,27,21,4456_jpg.rf.7831c7a07874bb679c8b34ca8aa097d3.jpg,300,300,62,299
Mask,22,233,27,20,4456_jpg.rf.7831c7a07874bb679c8b34ca8aa097d3.jpg,300,300,49,253
Mask,74,273,23,25,4456_jpg.rf.7831c7a07874bb679c8b34ca8aa097d3.jpg,300,300,97,298
Mask,118,229,23,23,4456_jpg.rf.7831c7a07874bb679c8b34ca8aa097d3.jpg,300,300,141,252
Mask,102,231,19,25,4456_jpg.rf.7831c7a07874bb679c8b34ca8aa097d3.jpg,300,300,121,256
Mask,142,219,20,26,4456_jpg.rf.7831c7a07874bb679c8b34ca8aa097d3.jpg,300,300,162,245
Mask,167,216,28,23,4456_jpg.rf.7831c7a07874bb679c8b34ca8aa097d3.jpg,300,300,195,239
Mask,208,239,22,26,4456_jpg.rf.7831c7a07874bb679c8b34ca8aa097d3.jpg,300,300,230,265
Mask,244,221,19,20,4456_jpg.rf.7831c7a07874bb679c8b34ca8aa097d3.jpg,300,300,263,241
Mask,277,186,22,22,4456_jpg.rf.7831c7a07874bb679c8b34ca8aa097d3.jpg,300,300,299,208
Mask,217,192,16,20,4456_jpg.rf.7831c7a07874bb679c8b34ca8aa097d3.jpg,300,300,233,212
Mask,241,154,16,24,4456_jpg.rf.7831c7a07874bb679c8b34ca8aa097d3.jpg,300,300,257,178
Mask,275,141,17,23,4456_jpg.rf.7831c7a07874bb679c8b34ca8aa097d3.jpg,300,300,292,164
Mask,142,138,16,20,4456_jpg.rf.7831c7a07874bb679c8b34ca8aa097d3.jpg,300,300,158,158
Mask,115,162,20,18,4456_jpg.rf.7831c7a07874bb679c8b34ca8aa097d3.jpg,300,300,135,180
Mask,89,147,16,15,4456_jpg.rf.7831c7a07874bb679c8b34ca8aa097d3.jpg,300,300,105,162
Mask,76,186,21,27,4456_jpg.rf.7831c7a07874bb679c8b34ca8aa097d3.jpg,300,300,97,213
Mask,48,188,20,20,4456_jpg.rf.7831c7a07874bb679c8b34ca8aa097d3.jpg,300,300,68,208
Mask,10,175,21,13,4456_jpg.rf.7831c7a07874bb679c8b34ca8aa097d3.jpg,300,300,31,188
Mask,0,198,10,23,4456_jpg.rf.7831c7a07874bb679c8b34ca8aa097d3.jpg,300,300,10,221
Mask,247,118,14,13,4456_jpg.rf.7831c7a07874bb679c8b34ca8aa097d3.jpg,300,300,261,131
Mask,210,149,21,17,4456_jpg.rf.7831c7a07874bb679c8b34ca8aa097d3.jpg,300,300,231,166
Mask,218,99,18,20,4456_jpg.rf.7831c7a07874bb679c8b34ca8aa097d3.jpg,300,300,236,119
Mask,192,105,16,17,4456_jpg.rf.7831c7a07874bb679c8b34ca8aa097d3.jpg,300,300,208,122
Mask,61,116,20,19,4456_jpg.rf.7831c7a07874bb679c8b34ca8aa097d3.jpg,300,300,81,135
Mask,47,123,16,17,4456_jpg.rf.7831c7a07874bb679c8b34ca8aa097d3.jpg,300,300,63,140
Mask,255,73,15,19,4456_jpg.rf.7831c7a07874bb679c8b34ca8aa097d3.jpg,300,300,270,92
Mask,169,52,13,13,4456_jpg.rf.7831c7a07874bb679c8b34ca8aa097d3.jpg,300,300,182,65
Mask,92,60,13,13,4456_jpg.rf.7831c7a07874bb679c8b34ca8aa097d3.jpg,300,300,105,73
Mask,73,54,12,13,4456_jpg.rf.7831c7a07874bb679c8b34ca8aa097d3.jpg,300,300,85,67
Mask,195,155,8,15,4457_jpg.rf.e65928f642444a295db35b5af5075f1e.jpg,300,300,203,170
Mask,72,166,12,15,4457_jpg.rf.e65928f642444a295db35b5af5075f1e.jpg,300,300,84,181
Mask,143,166,8,16,4457_jpg.rf.e65928f642444a295db35b5af5075f1e.jpg,300,300,151,182
Mask,41,173,13,12,4457_jpg.rf.e65928f642444a295db35b5af5075f1e.jpg,300,300,54,185
Mask,30,192,8,11,4457_jpg.rf.e65928f642444a295db35b5af5075f1e.jpg,300,300,38,203
Mask,110,55,92,110,4459_jpg.rf.5eaad9ff04ff9429bbc19567f23b9f26.jpg,300,300,202,165
Mask,251,40,48,59,4459_jpg.rf.5eaad9ff04ff9429bbc19567f23b9f26.jpg,300,300,299,99
Mask,0,70,40,59,4459_jpg.rf.5eaad9ff04ff9429bbc19567f23b9f26.jpg,300,300,40,129
Helmet,87,169,22,45,4463_jpg.rf.58a72ad2175387f16c4b7de74df67d12.jpg,300,300,109,214
Helmet,33,208,14,11,4463_jpg.rf.58a72ad2175387f16c4b7de74df67d12.jpg,300,300,47,219
None,46,186,9,16,4466_jpg.rf.b9d7699dcb11b979e9ff4be45f5243ba.jpg,300,300,55,202
None,117,144,16,10,4467_jpg.rf.107ae4e267cd5af6e162931a086d9f41.jpg,300,300,133,154
Helmet,110,191,10,8,4467_jpg.rf.107ae4e267cd5af6e162931a086d9f41.jpg,300,300,120,199
Helmet,99,35,51,45,4468_jpg.rf.d333b21356af746b6864ee853a85be88.jpg,300,300,150,80
Helmet,226,0,72,58,4468_jpg.rf.d333b21356af746b6864ee853a85be88.jpg,300,300,298,58
Helmet,177,0,59,57,4468_jpg.rf.d333b21356af746b6864ee853a85be88.jpg,300,300,236,57
Mask,43,48,14,16,4470_jpg.rf.a51c9cc0b04bb304f473498ba6fb3e76.jpg,300,300,57,64
Mask,236,56,12,15,4470_jpg.rf.a51c9cc0b04bb304f473498ba6fb3e76.jpg,300,300,248,71
Helmet,235,33,20,23,4470_jpg.rf.a51c9cc0b04bb304f473498ba6fb3e76.jpg,300,300,255,56
None,136,28,17,35,4470_jpg.rf.a51c9cc0b04bb304f473498ba6fb3e76.jpg,300,300,153,63
Mask,24,222,18,20,4471_jpg.rf.711574d495557ff3c908ef7977b44a62.jpg,300,300,42,242
Mask,64,188,23,36,4471_jpg.rf.711574d495557ff3c908ef7977b44a62.jpg,300,300,87,224
Mask,125,209,20,25,4471_jpg.rf.711574d495557ff3c908ef7977b44a62.jpg,300,300,145,234
Mask,166,227,18,26,4471_jpg.rf.711574d495557ff3c908ef7977b44a62.jpg,300,300,184,253
Mask,214,233,23,26,4471_jpg.rf.711574d495557ff3c908ef7977b44a62.jpg,300,300,237,259
Helmet,87,140,23,32,4477_jpg.rf.f7e83ede4da46631dd3f582eaa04a574.jpg,300,300,110,172
None,150,67,15,22,4478_jpg.rf.ce3542febd191bec8249ddb8508168ee.jpg,300,300,165,89
None,274,92,9,15,4478_jpg.rf.ce3542febd191bec8249ddb8508168ee.jpg,300,300,283,107
None,234,85,11,16,4478_jpg.rf.ce3542febd191bec8249ddb8508168ee.jpg,300,300,245,101
None,248,28,10,15,4478_jpg.rf.ce3542febd191bec8249ddb8508168ee.jpg,300,300,258,43
None,192,25,9,16,4478_jpg.rf.ce3542febd191bec8249ddb8508168ee.jpg,300,300,201,41
None,163,17,10,14,4478_jpg.rf.ce3542febd191bec8249ddb8508168ee.jpg,300,300,173,31
None,130,3,10,14,4478_jpg.rf.ce3542febd191bec8249ddb8508168ee.jpg,300,300,140,17
None,147,22,8,11,4478_jpg.rf.ce3542febd191bec8249ddb8508168ee.jpg,300,300,155,33
None,58,30,10,17,4478_jpg.rf.ce3542febd191bec8249ddb8508168ee.jpg,300,300,68,47
None,29,34,12,13,4478_jpg.rf.ce3542febd191bec8249ddb8508168ee.jpg,300,300,41,47
None,0,40,10,13,4478_jpg.rf.ce3542febd191bec8249ddb8508168ee.jpg,300,300,10,53
None,8,78,10,13,4478_jpg.rf.ce3542febd191bec8249ddb8508168ee.jpg,300,300,18,91
None,21,67,7,14,4478_jpg.rf.ce3542febd191bec8249ddb8508168ee.jpg,300,300,28,81
None,44,65,11,16,4478_jpg.rf.ce3542febd191bec8249ddb8508168ee.jpg,300,300,55,81
None,40,51,8,14,4478_jpg.rf.ce3542febd191bec8249ddb8508168ee.jpg,300,300,48,65
None,30,47,9,13,4478_jpg.rf.ce3542febd191bec8249ddb8508168ee.jpg,300,300,39,60
None,86,94,9,15,4478_jpg.rf.ce3542febd191bec8249ddb8508168ee.jpg,300,300,95,109
None,110,98,9,15,4478_jpg.rf.ce3542febd191bec8249ddb8508168ee.jpg,300,300,119,113
None,205,104,11,15,4478_jpg.rf.ce3542febd191bec8249ddb8508168ee.jpg,300,300,216,119
None,191,115,10,18,4478_jpg.rf.ce3542febd191bec8249ddb8508168ee.jpg,300,300,201,133
None,24,185,14,23,4478_jpg.rf.ce3542febd191bec8249ddb8508168ee.jpg,300,300,38,208
None,289,77,10,14,4478_jpg.rf.ce3542febd191bec8249ddb8508168ee.jpg,300,300,299,91
Mask,264,61,10,12,4478_jpg.rf.ce3542febd191bec8249ddb8508168ee.jpg,300,300,274,73
Mask,120,42,8,9,4478_jpg.rf.ce3542febd191bec8249ddb8508168ee.jpg,300,300,128,51
None,216,32,13,20,4478_jpg.rf.ce3542febd191bec8249ddb8508168ee.jpg,300,300,229,52
None,65,79,13,18,4478_jpg.rf.ce3542febd191bec8249ddb8508168ee.jpg,300,300,78,97
None,71,45,8,19,4478_jpg.rf.ce3542febd191bec8249ddb8508168ee.jpg,300,300,79,64
None,19,94,10,16,4478_jpg.rf.ce3542febd191bec8249ddb8508168ee.jpg,300,300,29,110
None,51,92,12,20,4478_jpg.rf.ce3542febd191bec8249ddb8508168ee.jpg,300,300,63,112
Mask,113,26,13,8,4478_jpg.rf.ce3542febd191bec8249ddb8508168ee.jpg,300,300,126,34
Mask,187,68,11,11,4478_jpg.rf.ce3542febd191bec8249ddb8508168ee.jpg,300,300,198,79
None,133,250,12,18,4478_jpg.rf.ce3542febd191bec8249ddb8508168ee.jpg,300,300,145,268
None,31,200,29,60,4487_jpg.rf.fd306f9cbef5d683a88f72bd5854dc89.jpg,300,300,60,260
None,219,213,32,67,4487_jpg.rf.fd306f9cbef5d683a88f72bd5854dc89.jpg,300,300,251,280
Helmet,97,77,28,31,4488_jpg.rf.3006e6bd278d906dac50b5c9334147e9.jpg,300,300,125,108
Helmet,149,74,29,30,4488_jpg.rf.3006e6bd278d906dac50b5c9334147e9.jpg,300,300,178,104
Helmet,200,77,32,30,4488_jpg.rf.3006e6bd278d906dac50b5c9334147e9.jpg,300,300,232,107
Mask,216,69,20,28,4490_jpg.rf.b1f0e91e99f826d819eb75d18710a2aa.jpg,300,300,236,97
Mask,147,97,14,20,4490_jpg.rf.b1f0e91e99f826d819eb75d18710a2aa.jpg,300,300,161,117
Mask,117,115,12,16,4490_jpg.rf.b1f0e91e99f826d819eb75d18710a2aa.jpg,300,300,129,131
Mask,77,126,11,11,4490_jpg.rf.b1f0e91e99f826d819eb75d18710a2aa.jpg,300,300,88,137
Mask,35,140,9,10,4490_jpg.rf.b1f0e91e99f826d819eb75d18710a2aa.jpg,300,300,44,150
Helmet,2,185,16,23,4492_jpg.rf.bbb590194b122047045dc8cd864fd99c.jpg,300,300,18,208
Helmet,81,15,56,80,4492_jpg.rf.bbb590194b122047045dc8cd864fd99c.jpg,300,300,137,95
Helmet,176,142,12,13,4496_jpg.rf.b0cee9c57cbb20a1ab81905b1d516eac.jpg,300,300,188,155
Helmet,133,65,14,18,4496_jpg.rf.b0cee9c57cbb20a1ab81905b1d516eac.jpg,300,300,147,83
None,49,191,29,15,4497_jpg.rf.ea0573421c2ab2897f3e834c87689680.jpg,300,300,78,206
None,40,137,36,14,4497_jpg.rf.ea0573421c2ab2897f3e834c87689680.jpg,300,300,76,151
None,48,76,36,18,4497_jpg.rf.ea0573421c2ab2897f3e834c87689680.jpg,300,300,84,94
Mask,149,165,36,73,4501_jpg.rf.9fc2f6a8365e6ff361c797ccd99b5d00.jpg,300,300,185,238
None,18,232,37,68,4501_jpg.rf.9fc2f6a8365e6ff361c797ccd99b5d00.jpg,300,300,55,300
Mask,159,279,18,21,4501_jpg.rf.9fc2f6a8365e6ff361c797ccd99b5d00.jpg,300,300,177,300
Helmet,146,64,11,13,4504_jpg.rf.a9c4dc717e644b8937cdff97f1ebe106.jpg,300,300,157,77
Helmet,129,67,12,14,4504_jpg.rf.a9c4dc717e644b8937cdff97f1ebe106.jpg,300,300,141,81
Mask,107,113,21,30,4505_jpg.rf.b97a0443549da217e6970cbf5da47a89.jpg,300,300,128,143
Mask,193,190,35,46,4505_jpg.rf.b97a0443549da217e6970cbf5da47a89.jpg,300,300,228,236
Mask,14,116,26,33,4505_jpg.rf.b97a0443549da217e6970cbf5da47a89.jpg,300,300,40,149
Helmet,135,22,36,44,4512_jpg.rf.acb5b61da3e73e2026b8bd5635e78ea4.jpg,300,300,171,66
Helmet,220,152,13,18,4512_jpg.rf.acb5b61da3e73e2026b8bd5635e78ea4.jpg,300,300,233,170
None,175,58,29,28,4515_jpg.rf.8fa3e7fc07aa021e9c2cb7a847f84943.jpg,300,300,204,86
Mask,142,32,20,21,4516_jpg.rf.823b20595e7b0272680082a4639b7b00.jpg,300,300,162,53
None,115,16,12,22,4516_jpg.rf.823b20595e7b0272680082a4639b7b00.jpg,300,300,127,38
None,170,16,14,27,4516_jpg.rf.823b20595e7b0272680082a4639b7b00.jpg,300,300,184,43
Helmet,28,188,31,23,4517_jpg.rf.6e89c8623242eee11704a53d334479ea.jpg,300,300,59,211
Helmet,147,201,35,27,4517_jpg.rf.6e89c8623242eee11704a53d334479ea.jpg,300,300,182,228
Helmet,64,28,64,76,4520_jpg.rf.00999695679fb4b58af23675711715e0.jpg,300,300,128,104
Helmet,212,124,19,16,4522_jpg.rf.cbbe3cb3e867a718f0b37a085a15072a.jpg,300,300,231,140
Helmet,141,96,15,16,4522_jpg.rf.cbbe3cb3e867a718f0b37a085a15072a.jpg,300,300,156,112
Helmet,98,94,21,12,4522_jpg.rf.cbbe3cb3e867a718f0b37a085a15072a.jpg,300,300,119,106
Helmet,74,89,17,12,4522_jpg.rf.cbbe3cb3e867a718f0b37a085a15072a.jpg,300,300,91,101
Mask,10,83,16,24,4528_jpg.rf.3fdde2787e8ef0fb144c2fc29f73d415.jpg,300,300,26,107
Mask,133,81,16,26,4528_jpg.rf.3fdde2787e8ef0fb144c2fc29f73d415.jpg,300,300,149,107
Mask,208,97,16,20,4528_jpg.rf.3fdde2787e8ef0fb144c2fc29f73d415.jpg,300,300,224,117
Mask,152,78,10,11,4530_jpg.rf.714cf1763421c86c97abc194f5859304.jpg,300,300,162,89
Mask,246,85,8,14,4530_jpg.rf.714cf1763421c86c97abc194f5859304.jpg,300,300,254,99
Mask,43,66,10,14,4530_jpg.rf.714cf1763421c86c97abc194f5859304.jpg,300,300,53,80
Mask,66,77,12,14,4530_jpg.rf.714cf1763421c86c97abc194f5859304.jpg,300,300,78,91
None,61,71,90,222,4531_jpg.rf.28d6f55e7c0ac19d422e53c0b3d2df41.jpg,300,300,151,293
Mask,217,244,29,21,4533_jpg.rf.10be37c59e8c2aa21eb6ee8f7280cfe0.jpg,300,300,246,265
Mask,186,275,21,19,4533_jpg.rf.10be37c59e8c2aa21eb6ee8f7280cfe0.jpg,300,300,207,294
Mask,142,274,21,18,4533_jpg.rf.10be37c59e8c2aa21eb6ee8f7280cfe0.jpg,300,300,163,292
Mask,157,252,11,16,4533_jpg.rf.10be37c59e8c2aa21eb6ee8f7280cfe0.jpg,300,300,168,268
Mask,155,237,18,14,4533_jpg.rf.10be37c59e8c2aa21eb6ee8f7280cfe0.jpg,300,300,173,251
Mask,188,216,19,16,4533_jpg.rf.10be37c59e8c2aa21eb6ee8f7280cfe0.jpg,300,300,207,232
Mask,151,213,15,18,4533_jpg.rf.10be37c59e8c2aa21eb6ee8f7280cfe0.jpg,300,300,166,231
Mask,102,191,19,16,4533_jpg.rf.10be37c59e8c2aa21eb6ee8f7280cfe0.jpg,300,300,121,207
Mask,231,118,25,22,4533_jpg.rf.10be37c59e8c2aa21eb6ee8f7280cfe0.jpg,300,300,256,140
Mask,277,74,23,23,4533_jpg.rf.10be37c59e8c2aa21eb6ee8f7280cfe0.jpg,300,300,300,97
Mask,280,35,20,26,4533_jpg.rf.10be37c59e8c2aa21eb6ee8f7280cfe0.jpg,300,300,300,61
Mask,231,25,28,26,4533_jpg.rf.10be37c59e8c2aa21eb6ee8f7280cfe0.jpg,300,300,259,51
Mask,188,49,19,20,4533_jpg.rf.10be37c59e8c2aa21eb6ee8f7280cfe0.jpg,300,300,207,69
Mask,176,14,18,19,4533_jpg.rf.10be37c59e8c2aa21eb6ee8f7280cfe0.jpg,300,300,194,33
Mask,217,171,26,29,4533_jpg.rf.10be37c59e8c2aa21eb6ee8f7280cfe0.jpg,300,300,243,200
Mask,138,143,25,21,4533_jpg.rf.10be37c59e8c2aa21eb6ee8f7280cfe0.jpg,300,300,163,164
Mask,164,116,22,20,4533_jpg.rf.10be37c59e8c2aa21eb6ee8f7280cfe0.jpg,300,300,186,136
Mask,149,87,16,21,4533_jpg.rf.10be37c59e8c2aa21eb6ee8f7280cfe0.jpg,300,300,165,108
Mask,118,62,17,20,4533_jpg.rf.10be37c59e8c2aa21eb6ee8f7280cfe0.jpg,300,300,135,82
Mask,185,76,28,21,4533_jpg.rf.10be37c59e8c2aa21eb6ee8f7280cfe0.jpg,300,300,213,97
Mask,73,257,16,15,4533_jpg.rf.10be37c59e8c2aa21eb6ee8f7280cfe0.jpg,300,300,89,272
Mask,229,99,33,21,4533_jpg.rf.10be37c59e8c2aa21eb6ee8f7280cfe0.jpg,300,300,262,120
Mask,117,244,15,15,4533_jpg.rf.10be37c59e8c2aa21eb6ee8f7280cfe0.jpg,300,300,132,259
Mask,105,291,16,9,4533_jpg.rf.10be37c59e8c2aa21eb6ee8f7280cfe0.jpg,300,300,121,300
Mask,61,93,14,11,4533_jpg.rf.10be37c59e8c2aa21eb6ee8f7280cfe0.jpg,300,300,75,104
Mask,96,219,18,19,4533_jpg.rf.10be37c59e8c2aa21eb6ee8f7280cfe0.jpg,300,300,114,238
Mask,232,4,20,15,4533_jpg.rf.10be37c59e8c2aa21eb6ee8f7280cfe0.jpg,300,300,252,19
Mask,237,208,26,26,4533_jpg.rf.10be37c59e8c2aa21eb6ee8f7280cfe0.jpg,300,300,263,234
Mask,53,167,16,14,4533_jpg.rf.10be37c59e8c2aa21eb6ee8f7280cfe0.jpg,300,300,69,181
Mask,23,134,15,10,4533_jpg.rf.10be37c59e8c2aa21eb6ee8f7280cfe0.jpg,300,300,38,144
Mask,56,72,14,13,4533_jpg.rf.10be37c59e8c2aa21eb6ee8f7280cfe0.jpg,300,300,70,85
Mask,67,33,14,15,4533_jpg.rf.10be37c59e8c2aa21eb6ee8f7280cfe0.jpg,300,300,81,48
Mask,64,51,16,9,4533_jpg.rf.10be37c59e8c2aa21eb6ee8f7280cfe0.jpg,300,300,80,60
Mask,110,45,33,19,4539_jpg.rf.2def24c2c08ffb17a3fbf07d36a976b4.jpg,300,300,143,64
None,64,59,54,17,4539_jpg.rf.2def24c2c08ffb17a3fbf07d36a976b4.jpg,300,300,118,76
Mask,77,277,33,23,4539_jpg.rf.2def24c2c08ffb17a3fbf07d36a976b4.jpg,300,300,110,300
Mask,81,234,19,23,4539_jpg.rf.2def24c2c08ffb17a3fbf07d36a976b4.jpg,300,300,100,257
Mask,68,137,19,14,4539_jpg.rf.2def24c2c08ffb17a3fbf07d36a976b4.jpg,300,300,87,151
Helmet,155,163,63,104,4543_jpg.rf.55f9253d201cf5272791ac027e7892c8.jpg,300,300,218,267
Mask,101,193,18,15,4545_jpg.rf.4bbf11e2f23fa3f4de58dfebe2028fb7.jpg,300,300,119,208
Mask,105,173,11,11,4545_jpg.rf.4bbf11e2f23fa3f4de58dfebe2028fb7.jpg,300,300,116,184
Mask,108,135,13,13,4545_jpg.rf.4bbf11e2f23fa3f4de58dfebe2028fb7.jpg,300,300,121,148
Mask,102,79,12,12,4545_jpg.rf.4bbf11e2f23fa3f4de58dfebe2028fb7.jpg,300,300,114,91
Mask,114,12,7,11,4545_jpg.rf.4bbf11e2f23fa3f4de58dfebe2028fb7.jpg,300,300,121,23
Helmet,126,29,10,13,4548_jpg.rf.f7669bffc4a22ff37b63685fab0d2ebd.jpg,300,300,136,42
Helmet,171,0,25,32,4548_jpg.rf.f7669bffc4a22ff37b63685fab0d2ebd.jpg,300,300,196,32
Helmet,52,0,27,30,4548_jpg.rf.f7669bffc4a22ff37b63685fab0d2ebd.jpg,300,300,79,30
Helmet,247,33,13,25,4548_jpg.rf.f7669bffc4a22ff37b63685fab0d2ebd.jpg,300,300,260,58
Helmet,153,124,23,45,4548_jpg.rf.f7669bffc4a22ff37b63685fab0d2ebd.jpg,300,300,176,169
Mask,178,36,12,15,4548_jpg.rf.f7669bffc4a22ff37b63685fab0d2ebd.jpg,300,300,190,51
Mask,101,213,15,15,4549_jpg.rf.7ae634a1ea4cdf84e89d57f7f33ad267.jpg,300,300,116,228
Mask,137,215,14,21,4549_jpg.rf.7ae634a1ea4cdf84e89d57f7f33ad267.jpg,300,300,151,236
Mask,188,226,17,19,4549_jpg.rf.7ae634a1ea4cdf84e89d57f7f33ad267.jpg,300,300,205,245
None,65,217,16,31,4549_jpg.rf.7ae634a1ea4cdf84e89d57f7f33ad267.jpg,300,300,81,248
Mask,45,221,13,15,4549_jpg.rf.7ae634a1ea4cdf84e89d57f7f33ad267.jpg,300,300,58,236
None,60,195,12,26,4553_jpg.rf.de4d24ac72de4ca16e1a7c79665c4e4a.jpg,300,300,72,221
Helmet,241,206,19,17,4553_jpg.rf.de4d24ac72de4ca16e1a7c79665c4e4a.jpg,300,300,260,223
Mask,249,129,37,36,4553_jpg.rf.de4d24ac72de4ca16e1a7c79665c4e4a.jpg,300,300,286,165
Mask,292,156,8,23,4553_jpg.rf.de4d24ac72de4ca16e1a7c79665c4e4a.jpg,300,300,300,179
Mask,168,162,27,24,4553_jpg.rf.de4d24ac72de4ca16e1a7c79665c4e4a.jpg,300,300,195,186
Mask,104,195,9,9,4553_jpg.rf.de4d24ac72de4ca16e1a7c79665c4e4a.jpg,300,300,113,204
Mask,7,160,45,29,4553_jpg.rf.de4d24ac72de4ca16e1a7c79665c4e4a.jpg,300,300,52,189
None,0,190,8,28,4553_jpg.rf.de4d24ac72de4ca16e1a7c79665c4e4a.jpg,300,300,8,218
None,83,32,16,31,4556_jpg.rf.02a0b201b13cff738a48418c88f260f0.jpg,300,300,99,63
None,114,85,17,43,4556_jpg.rf.02a0b201b13cff738a48418c88f260f0.jpg,300,300,131,128
None,2,58,17,33,4556_jpg.rf.02a0b201b13cff738a48418c88f260f0.jpg,300,300,19,91
Mask,145,90,17,21,4556_jpg.rf.02a0b201b13cff738a48418c88f260f0.jpg,300,300,162,111
Mask,223,95,30,43,4556_jpg.rf.02a0b201b13cff738a48418c88f260f0.jpg,300,300,253,138
Mask,64,105,24,31,4556_jpg.rf.02a0b201b13cff738a48418c88f260f0.jpg,300,300,88,136
Mask,18,100,28,31,4556_jpg.rf.02a0b201b13cff738a48418c88f260f0.jpg,300,300,46,131
Mask,81,224,20,10,4557_jpg.rf.1d5e2e33ae2c2cde644de2430510c2f5.jpg,300,300,101,234
Mask,117,188,12,11,4557_jpg.rf.1d5e2e33ae2c2cde644de2430510c2f5.jpg,300,300,129,199
Mask,104,146,15,14,4557_jpg.rf.1d5e2e33ae2c2cde644de2430510c2f5.jpg,300,300,119,160
Mask,79,150,12,14,4557_jpg.rf.1d5e2e33ae2c2cde644de2430510c2f5.jpg,300,300,91,164
Mask,94,118,21,18,4557_jpg.rf.1d5e2e33ae2c2cde644de2430510c2f5.jpg,300,300,115,136
Mask,76,106,13,11,4557_jpg.rf.1d5e2e33ae2c2cde644de2430510c2f5.jpg,300,300,89,117
Mask,103,77,20,18,4557_jpg.rf.1d5e2e33ae2c2cde644de2430510c2f5.jpg,300,300,123,95
Mask,76,38,15,20,4557_jpg.rf.1d5e2e33ae2c2cde644de2430510c2f5.jpg,300,300,91,58
Mask,74,57,11,12,4557_jpg.rf.1d5e2e33ae2c2cde644de2430510c2f5.jpg,300,300,85,69
Helmet,168,45,24,28,4558_jpg.rf.4164859d66f842c8e33d6d3253c0e76c.jpg,300,300,192,73
Helmet,109,218,19,25,4558_jpg.rf.4164859d66f842c8e33d6d3253c0e76c.jpg,300,300,128,243
None,35,218,39,82,4559_jpg.rf.932e5fa6b15cb086b845922b864f1047.jpg,300,300,74,300
Mask,280,239,20,25,4559_jpg.rf.932e5fa6b15cb086b845922b864f1047.jpg,300,300,300,264
None,119,193,7,12,4565_jpg.rf.fdbe96bb1a592a35c96387a48cdb64fb.jpg,300,300,126,205
Helmet,193,200,12,16,4565_jpg.rf.fdbe96bb1a592a35c96387a48cdb64fb.jpg,300,300,205,216
Helmet,140,199,10,9,4565_jpg.rf.fdbe96bb1a592a35c96387a48cdb64fb.jpg,300,300,150,208
None,23,51,53,172,4568_jpg.rf.98376cdb543efdbeee98e39cbfadd479.jpg,300,300,76,223
Mask,107,113,59,76,4568_jpg.rf.98376cdb543efdbeee98e39cbfadd479.jpg,300,300,166,189
None,222,48,57,164,4568_jpg.rf.98376cdb543efdbeee98e39cbfadd479.jpg,300,300,279,212
None,114,219,31,56,4579_jpg.rf.32408f60ec01aa221440bc26f2b66b81.jpg,300,300,145,275
None,149,214,16,20,4579_jpg.rf.32408f60ec01aa221440bc26f2b66b81.jpg,300,300,165,234
None,61,224,12,13,4579_jpg.rf.32408f60ec01aa221440bc26f2b66b81.jpg,300,300,73,237
None,279,234,10,14,4579_jpg.rf.32408f60ec01aa221440bc26f2b66b81.jpg,300,300,289,248
Mask,75,280,17,17,4587_jpg.rf.d4b5a15b572bf4bd643d5e6376ba557a.jpg,300,300,92,297
Mask,82,248,17,10,4587_jpg.rf.d4b5a15b572bf4bd643d5e6376ba557a.jpg,300,300,99,258
Mask,68,203,23,16,4587_jpg.rf.d4b5a15b572bf4bd643d5e6376ba557a.jpg,300,300,91,219
Mask,89,191,19,11,4587_jpg.rf.d4b5a15b572bf4bd643d5e6376ba557a.jpg,300,300,108,202
Mask,60,116,21,18,4587_jpg.rf.d4b5a15b572bf4bd643d5e6376ba557a.jpg,300,300,81,134
Mask,96,63,17,18,4587_jpg.rf.d4b5a15b572bf4bd643d5e6376ba557a.jpg,300,300,113,81
Mask,63,4,18,18,4587_jpg.rf.d4b5a15b572bf4bd643d5e6376ba557a.jpg,300,300,81,22
Mask,71,37,14,10,4587_jpg.rf.d4b5a15b572bf4bd643d5e6376ba557a.jpg,300,300,85,47
Mask,56,87,11,12,4587_jpg.rf.d4b5a15b572bf4bd643d5e6376ba557a.jpg,300,300,67,99
Mask,65,170,13,18,4589_jpg.rf.0ba4bea5f6d53b521b77ec9c5ab10181.jpg,300,300,78,188
Mask,132,240,20,19,4589_jpg.rf.0ba4bea5f6d53b521b77ec9c5ab10181.jpg,300,300,152,259
None,195,173,11,20,4589_jpg.rf.0ba4bea5f6d53b521b77ec9c5ab10181.jpg,300,300,206,193
Mask,76,95,23,24,4590_jpg.rf.55b2d18be1bbbfdfe0f859fdc28ca174.jpg,300,300,99,119
None,133,45,16,33,4590_jpg.rf.55b2d18be1bbbfdfe0f859fdc28ca174.jpg,300,300,149,78
None,143,160,15,26,4590_jpg.rf.55b2d18be1bbbfdfe0f859fdc28ca174.jpg,300,300,158,186
None,21,73,19,27,4590_jpg.rf.55b2d18be1bbbfdfe0f859fdc28ca174.jpg,300,300,40,100
Mask,122,134,14,21,4591_jpg.rf.714af414cc99ad606f20dded474fa766.jpg,300,300,136,155
Mask,163,163,12,23,4591_jpg.rf.714af414cc99ad606f20dded474fa766.jpg,300,300,175,186
Mask,46,140,24,30,4591_jpg.rf.714af414cc99ad606f20dded474fa766.jpg,300,300,70,170
Mask,24,148,14,22,4591_jpg.rf.714af414cc99ad606f20dded474fa766.jpg,300,300,38,170
Mask,194,122,13,19,4591_jpg.rf.714af414cc99ad606f20dded474fa766.jpg,300,300,207,141
Mask,223,137,8,8,4591_jpg.rf.714af414cc99ad606f20dded474fa766.jpg,300,300,231,145
Mask,287,150,10,12,4591_jpg.rf.714af414cc99ad606f20dded474fa766.jpg,300,300,297,162
Mask,247,153,10,13,4591_jpg.rf.714af414cc99ad606f20dded474fa766.jpg,300,300,257,166
Mask,269,133,12,16,4591_jpg.rf.714af414cc99ad606f20dded474fa766.jpg,300,300,281,149
None,32,125,151,50,4593_jpg.rf.006a145567223597e22c4f9fd455603e.jpg,300,300,183,175
Helmet,75,9,43,35,4594_jpg.rf.96fafd3120da4c4d1f3c449df7eaf779.jpg,300,300,118,44
Mask,78,178,15,20,4597_jpg.rf.42a0f99a1a446fbd4a9e1c3190ff605b.jpg,300,300,93,198
None,194,152,7,12,4597_jpg.rf.42a0f99a1a446fbd4a9e1c3190ff605b.jpg,300,300,201,164
Mask,0,227,6,25,4603_jpg.rf.b747c62b4fd2ba66f7ed3b7a2eefa904.jpg,300,300,6,252
Mask,6,249,12,25,4603_jpg.rf.b747c62b4fd2ba66f7ed3b7a2eefa904.jpg,300,300,18,274
Mask,76,248,13,17,4603_jpg.rf.b747c62b4fd2ba66f7ed3b7a2eefa904.jpg,300,300,89,265
Mask,148,241,12,17,4603_jpg.rf.b747c62b4fd2ba66f7ed3b7a2eefa904.jpg,300,300,160,258
Mask,99,270,14,20,4603_jpg.rf.b747c62b4fd2ba66f7ed3b7a2eefa904.jpg,300,300,113,290
Mask,218,255,10,12,4603_jpg.rf.b747c62b4fd2ba66f7ed3b7a2eefa904.jpg,300,300,228,267
Mask,246,219,10,10,4603_jpg.rf.b747c62b4fd2ba66f7ed3b7a2eefa904.jpg,300,300,256,229
Mask,268,226,12,13,4603_jpg.rf.b747c62b4fd2ba66f7ed3b7a2eefa904.jpg,300,300,280,239
Mask,186,238,10,18,4603_jpg.rf.b747c62b4fd2ba66f7ed3b7a2eefa904.jpg,300,300,196,256
None,51,166,13,21,4606_jpg.rf.84336ff2fcbf4b586ec543590b42b8de.jpg,300,300,64,187
None,139,31,28,54,4606_jpg.rf.84336ff2fcbf4b586ec543590b42b8de.jpg,300,300,167,85
None,225,73,22,50,4606_jpg.rf.84336ff2fcbf4b586ec543590b42b8de.jpg,300,300,247,123
Mask,29,101,32,35,4610_jpg.rf.f1230dfd1a9baa2e50e92df48ef5f625.jpg,300,300,61,136
Mask,228,91,30,32,4610_jpg.rf.f1230dfd1a9baa2e50e92df48ef5f625.jpg,300,300,258,123
Mask,184,81,13,13,4610_jpg.rf.f1230dfd1a9baa2e50e92df48ef5f625.jpg,300,300,197,94
Mask,146,79,7,7,4610_jpg.rf.f1230dfd1a9baa2e50e92df48ef5f625.jpg,300,300,153,86
Mask,156,79,7,7,4610_jpg.rf.f1230dfd1a9baa2e50e92df48ef5f625.jpg,300,300,163,86
Mask,93,74,12,12,4610_jpg.rf.f1230dfd1a9baa2e50e92df48ef5f625.jpg,300,300,105,86
Helmet,22,41,51,43,4610_jpg.rf.f1230dfd1a9baa2e50e92df48ef5f625.jpg,300,300,73,84
Helmet,226,50,42,33,4610_jpg.rf.f1230dfd1a9baa2e50e92df48ef5f625.jpg,300,300,268,83
Helmet,183,67,18,13,4610_jpg.rf.f1230dfd1a9baa2e50e92df48ef5f625.jpg,300,300,201,80
Helmet,197,64,12,10,4610_jpg.rf.f1230dfd1a9baa2e50e92df48ef5f625.jpg,300,300,209,74
Helmet,142,63,13,11,4610_jpg.rf.f1230dfd1a9baa2e50e92df48ef5f625.jpg,300,300,155,74
Helmet,155,69,10,7,4610_jpg.rf.f1230dfd1a9baa2e50e92df48ef5f625.jpg,300,300,165,76
Helmet,104,54,9,13,4610_jpg.rf.f1230dfd1a9baa2e50e92df48ef5f625.jpg,300,300,113,67
Helmet,92,54,15,13,4610_jpg.rf.f1230dfd1a9baa2e50e92df48ef5f625.jpg,300,300,107,67
Mask,270,40,30,35,4612_jpg.rf.ed0a08791b0cbed2f53e9d5655e5fe8b.jpg,300,300,300,75
Mask,220,42,20,27,4612_jpg.rf.ed0a08791b0cbed2f53e9d5655e5fe8b.jpg,300,300,240,69
Mask,163,50,20,23,4612_jpg.rf.ed0a08791b0cbed2f53e9d5655e5fe8b.jpg,300,300,183,73
Mask,162,137,28,31,4612_jpg.rf.ed0a08791b0cbed2f53e9d5655e5fe8b.jpg,300,300,190,168
Mask,176,191,39,48,4612_jpg.rf.ed0a08791b0cbed2f53e9d5655e5fe8b.jpg,300,300,215,239
Mask,119,37,18,26,4612_jpg.rf.ed0a08791b0cbed2f53e9d5655e5fe8b.jpg,300,300,137,63
Mask,205,36,8,14,4612_jpg.rf.ed0a08791b0cbed2f53e9d5655e5fe8b.jpg,300,300,213,50
Helmet,191,183,30,38,4613_jpg.rf.b749fb887144f2bcc35d94de1fbadeb5.jpg,300,300,221,221
Helmet,45,88,11,11,4613_jpg.rf.b749fb887144f2bcc35d94de1fbadeb5.jpg,300,300,56,99
Helmet,108,116,12,23,4614_jpg.rf.4d88aa8639a1fd79d119f16b45c9286b.jpg,300,300,120,139
Helmet,221,152,15,19,4614_jpg.rf.4d88aa8639a1fd79d119f16b45c9286b.jpg,300,300,236,171
Helmet,105,254,31,25,4615_jpg.rf.91196937c6d3e4b3c4aba64f377cc8a6.jpg,300,300,136,279
Mask,111,232,21,16,4615_jpg.rf.91196937c6d3e4b3c4aba64f377cc8a6.jpg,300,300,132,248
Mask,81,233,14,24,4615_jpg.rf.91196937c6d3e4b3c4aba64f377cc8a6.jpg,300,300,95,257
Helmet,31,105,29,29,4618_jpg.rf.e658ab881563a1dec5f1db89c649e39b.jpg,300,300,60,134
Helmet,198,37,45,44,4618_jpg.rf.e658ab881563a1dec5f1db89c649e39b.jpg,300,300,243,81
Mask,40,110,20,21,4622_jpg.rf.1cf57b08f1d93b7b539630897229e64f.jpg,300,300,60,131
Mask,18,134,16,13,4622_jpg.rf.1cf57b08f1d93b7b539630897229e64f.jpg,300,300,34,147
Mask,99,123,11,15,4622_jpg.rf.1cf57b08f1d93b7b539630897229e64f.jpg,300,300,110,138
Mask,145,104,8,10,4622_jpg.rf.1cf57b08f1d93b7b539630897229e64f.jpg,300,300,153,114
Helmet,11,66,63,58,4623_jpg.rf.a88700d01a67b100667bfd35fa738f74.jpg,300,300,74,124
Mask,33,62,18,21,4624_jpg.rf.ba01fe241e0732b56f6f1eea83d4c755.jpg,300,300,51,83
Mask,101,87,16,18,4624_jpg.rf.ba01fe241e0732b56f6f1eea83d4c755.jpg,300,300,117,105
Mask,198,103,18,20,4624_jpg.rf.ba01fe241e0732b56f6f1eea83d4c755.jpg,300,300,216,123
Mask,274,90,19,23,4624_jpg.rf.ba01fe241e0732b56f6f1eea83d4c755.jpg,300,300,293,113
Mask,41,23,17,28,4628_jpg.rf.7d58b066dafde0ed388c0dd8a5394698.jpg,300,300,58,51
Mask,79,76,18,17,4628_jpg.rf.7d58b066dafde0ed388c0dd8a5394698.jpg,300,300,97,93
Mask,118,54,15,23,4628_jpg.rf.7d58b066dafde0ed388c0dd8a5394698.jpg,300,300,133,77
Mask,166,48,16,21,4628_jpg.rf.7d58b066dafde0ed388c0dd8a5394698.jpg,300,300,182,69
Mask,212,50,18,21,4628_jpg.rf.7d58b066dafde0ed388c0dd8a5394698.jpg,300,300,230,71
Mask,255,77,17,18,4628_jpg.rf.7d58b066dafde0ed388c0dd8a5394698.jpg,300,300,272,95
None,15,85,47,21,4629_jpg.rf.f2b50914736e0aa0bc86881b695c7504.jpg,300,300,62,106
None,72,235,36,16,4629_jpg.rf.f2b50914736e0aa0bc86881b695c7504.jpg,300,300,108,251
Mask,149,36,12,13,4630_jpg.rf.e49c2d2bb329fce629d9785c8c079bce.jpg,300,300,161,49
Mask,162,63,19,29,4630_jpg.rf.e49c2d2bb329fce629d9785c8c079bce.jpg,300,300,181,92
Mask,124,92,16,27,4630_jpg.rf.e49c2d2bb329fce629d9785c8c079bce.jpg,300,300,140,119
None,107,227,26,73,4630_jpg.rf.e49c2d2bb329fce629d9785c8c079bce.jpg,300,300,133,300
Mask,16,96,13,14,4632_jpg.rf.af9265259f185e06eee326028a55fe81.jpg,300,300,29,110
Mask,169,110,11,13,4632_jpg.rf.af9265259f185e06eee326028a55fe81.jpg,300,300,180,123
Mask,134,98,9,8,4632_jpg.rf.af9265259f185e06eee326028a55fe81.jpg,300,300,143,106
Mask,205,92,15,19,4632_jpg.rf.af9265259f185e06eee326028a55fe81.jpg,300,300,220,111
None,243,56,21,48,4632_jpg.rf.af9265259f185e06eee326028a55fe81.jpg,300,300,264,104
Mask,69,107,26,32,4632_jpg.rf.af9265259f185e06eee326028a55fe81.jpg,300,300,95,139
Mask,43,109,12,16,4632_jpg.rf.af9265259f185e06eee326028a55fe81.jpg,300,300,55,125
Mask,35,109,10,9,4632_jpg.rf.af9265259f185e06eee326028a55fe81.jpg,300,300,45,118
Helmet,177,197,45,18,4633_jpg.rf.f51156117b71b920c7b0728687e476db.jpg,300,300,222,215
Helmet,42,174,23,36,4633_jpg.rf.f51156117b71b920c7b0728687e476db.jpg,300,300,65,210
Helmet,102,207,12,23,4633_jpg.rf.f51156117b71b920c7b0728687e476db.jpg,300,300,114,230
Helmet,92,0,25,12,4634_jpg.rf.f0fe6ccc970c0e2808e782d201d0b970.jpg,300,300,117,12
Helmet,160,47,25,59,4634_jpg.rf.f0fe6ccc970c0e2808e782d201d0b970.jpg,300,300,185,106
Helmet,161,109,20,36,4634_jpg.rf.f0fe6ccc970c0e2808e782d201d0b970.jpg,300,300,181,145
Helmet,79,44,30,72,4634_jpg.rf.f0fe6ccc970c0e2808e782d201d0b970.jpg,300,300,109,116
Mask,153,139,13,20,4634_jpg.rf.f0fe6ccc970c0e2808e782d201d0b970.jpg,300,300,166,159
Mask,45,196,32,25,4635_jpg.rf.fa11eacb8b6e38658b663facb13ea251.jpg,300,300,77,221
Mask,43,74,28,23,4635_jpg.rf.fa11eacb8b6e38658b663facb13ea251.jpg,300,300,71,97
None,114,241,21,30,4637_jpg.rf.885871c444d42d11ab690980d9b46216.jpg,300,300,135,271
Mask,241,253,19,12,4637_jpg.rf.885871c444d42d11ab690980d9b46216.jpg,300,300,260,265
None,61,239,18,25,4637_jpg.rf.885871c444d42d11ab690980d9b46216.jpg,300,300,79,264
None,26,220,21,28,4637_jpg.rf.885871c444d42d11ab690980d9b46216.jpg,300,300,47,248
None,0,239,14,27,4637_jpg.rf.885871c444d42d11ab690980d9b46216.jpg,300,300,14,266
None,9,171,21,25,4637_jpg.rf.885871c444d42d11ab690980d9b46216.jpg,300,300,30,196
None,41,150,23,31,4637_jpg.rf.885871c444d42d11ab690980d9b46216.jpg,300,300,64,181
None,77,176,20,26,4637_jpg.rf.885871c444d42d11ab690980d9b46216.jpg,300,300,97,202
None,116,163,22,28,4637_jpg.rf.885871c444d42d11ab690980d9b46216.jpg,300,300,138,191
None,139,172,23,27,4637_jpg.rf.885871c444d42d11ab690980d9b46216.jpg,300,300,162,199
None,147,209,19,25,4637_jpg.rf.885871c444d42d11ab690980d9b46216.jpg,300,300,166,234
None,202,206,16,25,4637_jpg.rf.885871c444d42d11ab690980d9b46216.jpg,300,300,218,231
None,265,201,19,22,4637_jpg.rf.885871c444d42d11ab690980d9b46216.jpg,300,300,284,223
None,260,172,16,23,4637_jpg.rf.885871c444d42d11ab690980d9b46216.jpg,300,300,276,195
None,208,178,21,23,4637_jpg.rf.885871c444d42d11ab690980d9b46216.jpg,300,300,229,201
None,172,145,20,29,4637_jpg.rf.885871c444d42d11ab690980d9b46216.jpg,300,300,192,174
None,126,120,21,29,4637_jpg.rf.885871c444d42d11ab690980d9b46216.jpg,300,300,147,149
None,53,117,21,28,4637_jpg.rf.885871c444d42d11ab690980d9b46216.jpg,300,300,74,145
None,11,84,25,33,4637_jpg.rf.885871c444d42d11ab690980d9b46216.jpg,300,300,36,117
None,0,16,15,40,4637_jpg.rf.885871c444d42d11ab690980d9b46216.jpg,300,300,15,56
None,37,49,26,36,4637_jpg.rf.885871c444d42d11ab690980d9b46216.jpg,300,300,63,85
None,71,77,23,29,4637_jpg.rf.885871c444d42d11ab690980d9b46216.jpg,300,300,94,106
None,99,63,25,31,4637_jpg.rf.885871c444d42d11ab690980d9b46216.jpg,300,300,124,94
None,139,84,25,31,4637_jpg.rf.885871c444d42d11ab690980d9b46216.jpg,300,300,164,115
None,195,116,23,28,4637_jpg.rf.885871c444d42d11ab690980d9b46216.jpg,300,300,218,144
None,246,138,17,23,4637_jpg.rf.885871c444d42d11ab690980d9b46216.jpg,300,300,263,161
None,259,115,19,28,4637_jpg.rf.885871c444d42d11ab690980d9b46216.jpg,300,300,278,143
None,282,73,18,34,4637_jpg.rf.885871c444d42d11ab690980d9b46216.jpg,300,300,300,107
None,241,57,23,33,4637_jpg.rf.885871c444d42d11ab690980d9b46216.jpg,300,300,264,90
None,196,81,25,26,4637_jpg.rf.885871c444d42d11ab690980d9b46216.jpg,300,300,221,107
None,168,43,23,29,4637_jpg.rf.885871c444d42d11ab690980d9b46216.jpg,300,300,191,72
None,136,6,23,30,4637_jpg.rf.885871c444d42d11ab690980d9b46216.jpg,300,300,159,36
None,206,10,21,33,4637_jpg.rf.885871c444d42d11ab690980d9b46216.jpg,300,300,227,43
None,277,8,20,29,4637_jpg.rf.885871c444d42d11ab690980d9b46216.jpg,300,300,297,37
None,67,23,25,28,4637_jpg.rf.885871c444d42d11ab690980d9b46216.jpg,300,300,92,51
None,87,213,21,28,4637_jpg.rf.885871c444d42d11ab690980d9b46216.jpg,300,300,108,241
Helmet,140,185,44,54,4639_jpg.rf.cea160dfb25861d5b8b76c633dc914e4.jpg,300,300,184,239
Helmet,186,204,37,53,4639_jpg.rf.cea160dfb25861d5b8b76c633dc914e4.jpg,300,300,223,257
Mask,37,51,18,30,4640_jpg.rf.bc2f6449b2b4de31ed3060ec1c1f64bc.jpg,300,300,55,81
Mask,257,46,23,27,4640_jpg.rf.bc2f6449b2b4de31ed3060ec1c1f64bc.jpg,300,300,280,73
Mask,162,53,21,24,4640_jpg.rf.bc2f6449b2b4de31ed3060ec1c1f64bc.jpg,300,300,183,77
Mask,128,56,23,30,4640_jpg.rf.bc2f6449b2b4de31ed3060ec1c1f64bc.jpg,300,300,151,86
Mask,71,46,24,27,4640_jpg.rf.bc2f6449b2b4de31ed3060ec1c1f64bc.jpg,300,300,95,73
Mask,183,10,14,15,4640_jpg.rf.bc2f6449b2b4de31ed3060ec1c1f64bc.jpg,300,300,197,25
None,42,163,97,36,4641_jpg.rf.9116781d277ccffc72619c4cf20d0388.jpg,300,300,139,199
None,57,99,86,35,4641_jpg.rf.9116781d277ccffc72619c4cf20d0388.jpg,300,300,143,134
Mask,134,62,12,16,4642_jpg.rf.d2023279d6a8d43c81d72017ca2bd56d.jpg,300,300,146,78
None,242,92,12,18,4642_jpg.rf.d2023279d6a8d43c81d72017ca2bd56d.jpg,300,300,254,110
Mask,206,106,7,7,4642_jpg.rf.d2023279d6a8d43c81d72017ca2bd56d.jpg,300,300,213,113
Mask,104,107,8,9,4642_jpg.rf.d2023279d6a8d43c81d72017ca2bd56d.jpg,300,300,112,116
Mask,20,103,8,9,4642_jpg.rf.d2023279d6a8d43c81d72017ca2bd56d.jpg,300,300,28,112
None,62,79,12,20,4642_jpg.rf.d2023279d6a8d43c81d72017ca2bd56d.jpg,300,300,74,99
Mask,151,149,49,69,4643_jpg.rf.7a8c268cb23321e4601ef45d5e2ad913.jpg,300,300,200,218
Helmet,147,14,52,47,4644_jpg.rf.2784f3b0be54daf61db33807d589a316.jpg,300,300,199,61
None,70,104,32,66,4644_jpg.rf.2784f3b0be54daf61db33807d589a316.jpg,300,300,102,170
None,81,180,28,15,4647_jpg.rf.f55b0598bf6a656fc1cd2a1d93801ad1.jpg,300,300,109,195
None,94,21,21,12,4647_jpg.rf.f55b0598bf6a656fc1cd2a1d93801ad1.jpg,300,300,115,33
None,114,99,21,13,4647_jpg.rf.f55b0598bf6a656fc1cd2a1d93801ad1.jpg,300,300,135,112
None,141,145,22,12,4647_jpg.rf.f55b0598bf6a656fc1cd2a1d93801ad1.jpg,300,300,163,157
None,105,217,23,15,4647_jpg.rf.f55b0598bf6a656fc1cd2a1d93801ad1.jpg,300,300,128,232
None,83,267,28,15,4647_jpg.rf.f55b0598bf6a656fc1cd2a1d93801ad1.jpg,300,300,111,282
None,115,257,25,10,4647_jpg.rf.f55b0598bf6a656fc1cd2a1d93801ad1.jpg,300,300,140,267
None,137,122,18,10,4647_jpg.rf.f55b0598bf6a656fc1cd2a1d93801ad1.jpg,300,300,155,132
None,227,138,26,13,4647_jpg.rf.f55b0598bf6a656fc1cd2a1d93801ad1.jpg,300,300,253,151
None,142,3,23,8,4647_jpg.rf.f55b0598bf6a656fc1cd2a1d93801ad1.jpg,300,300,165,11
Helmet,97,10,45,54,4648_jpg.rf.cdcc37fb443e42e262bb435181ba7afa.jpg,300,300,142,64
Helmet,210,253,37,46,4649_jpg.rf.4b1f4ec291d78ac9f85d2297a1feeca6.jpg,300,300,247,299
Helmet,152,238,30,35,4649_jpg.rf.4b1f4ec291d78ac9f85d2297a1feeca6.jpg,300,300,182,273
Helmet,90,195,36,52,4649_jpg.rf.4b1f4ec291d78ac9f85d2297a1feeca6.jpg,300,300,126,247
Mask,120,105,12,14,4650_jpg.rf.7c59ae2a463a0560a0567656c7aa9729.jpg,300,300,132,119
Mask,160,65,20,12,4650_jpg.rf.7c59ae2a463a0560a0567656c7aa9729.jpg,300,300,180,77
Mask,12,86,6,6,4650_jpg.rf.7c59ae2a463a0560a0567656c7aa9729.jpg,300,300,18,92
Mask,81,43,19,45,4651_jpg.rf.2e7f3fc28436b135718d81bd05e534ae.jpg,300,300,100,88
None,28,91,203,100,4653_jpg.rf.efb20010268bf956bec5a1b064fac3b6.jpg,300,300,231,191
Helmet,208,38,37,26,4654_jpg.rf.f48700e7f4935470140db2febe374026.jpg,300,300,245,64
None,67,145,30,78,4655_jpg.rf.656e17cedebc92ab3b5ea22c5f11d21f.jpg,300,300,97,223
None,227,146,32,72,4655_jpg.rf.656e17cedebc92ab3b5ea22c5f11d21f.jpg,300,300,259,218
Helmet,157,86,49,51,4656_jpg.rf.617fd3fc1ddcc8de1208043b6825612d.jpg,300,300,206,137
Helmet,237,131,19,22,4656_jpg.rf.617fd3fc1ddcc8de1208043b6825612d.jpg,300,300,256,153
Helmet,25,32,43,44,4659_jpg.rf.07fe7fb8307b2e69dfd719a105dda9b2.jpg,300,300,68,76
Helmet,77,117,46,35,4659_jpg.rf.07fe7fb8307b2e69dfd719a105dda9b2.jpg,300,300,123,152
Helmet,64,149,43,38,4659_jpg.rf.07fe7fb8307b2e69dfd719a105dda9b2.jpg,300,300,107,187
Helmet,20,255,43,40,4659_jpg.rf.07fe7fb8307b2e69dfd719a105dda9b2.jpg,300,300,63,295
None,128,48,12,26,4660_jpg.rf.465bb9cfd9d1266bdeeee26a053c4af7.jpg,300,300,140,74
None,82,56,13,19,4660_jpg.rf.465bb9cfd9d1266bdeeee26a053c4af7.jpg,300,300,95,75
Helmet,47,114,8,8,4662_jpg.rf.0d3d53553c0ef1de838647924a0b3a6f.jpg,300,300,55,122
Helmet,101,91,5,4,4662_jpg.rf.0d3d53553c0ef1de838647924a0b3a6f.jpg,300,300,106,95
Helmet,123,84,6,7,4662_jpg.rf.0d3d53553c0ef1de838647924a0b3a6f.jpg,300,300,129,91
Helmet,177,109,7,5,4662_jpg.rf.0d3d53553c0ef1de838647924a0b3a6f.jpg,300,300,184,114
Helmet,144,112,7,6,4662_jpg.rf.0d3d53553c0ef1de838647924a0b3a6f.jpg,300,300,151,118
Helmet,208,100,5,5,4662_jpg.rf.0d3d53553c0ef1de838647924a0b3a6f.jpg,300,300,213,105
Helmet,226,60,4,5,4662_jpg.rf.0d3d53553c0ef1de838647924a0b3a6f.jpg,300,300,230,65
Helmet,175,52,4,3,4662_jpg.rf.0d3d53553c0ef1de838647924a0b3a6f.jpg,300,300,179,55
Helmet,231,110,6,7,4662_jpg.rf.0d3d53553c0ef1de838647924a0b3a6f.jpg,300,300,237,117
Helmet,141,217,53,54,4663_jpg.rf.45b1ac65994d942bea64d9f13b1e5673.jpg,300,300,194,271
Helmet,54,171,21,25,4663_jpg.rf.45b1ac65994d942bea64d9f13b1e5673.jpg,300,300,75,196
Helmet,122,162,24,26,4663_jpg.rf.45b1ac65994d942bea64d9f13b1e5673.jpg,300,300,146,188
Helmet,117,291,12,9,4665_jpg.rf.09f4aa031d210559a09999d38557dc47.jpg,300,300,129,300
Helmet,84,275,13,10,4665_jpg.rf.09f4aa031d210559a09999d38557dc47.jpg,300,300,97,285
Helmet,88,262,11,10,4665_jpg.rf.09f4aa031d210559a09999d38557dc47.jpg,300,300,99,272
Helmet,78,160,10,9,4665_jpg.rf.09f4aa031d210559a09999d38557dc47.jpg,300,300,88,169
Helmet,77,154,7,7,4665_jpg.rf.09f4aa031d210559a09999d38557dc47.jpg,300,300,84,161
Helmet,76,144,10,10,4665_jpg.rf.09f4aa031d210559a09999d38557dc47.jpg,300,300,86,154
Helmet,96,63,15,16,4665_jpg.rf.09f4aa031d210559a09999d38557dc47.jpg,300,300,111,79
Helmet,91,16,13,14,4665_jpg.rf.09f4aa031d210559a09999d38557dc47.jpg,300,300,104,30
Helmet,183,19,20,20,4666_jpg.rf.ba457fcd09f9899d188f5267ca846ab2.jpg,300,300,203,39
Helmet,80,35,56,64,4670_jpg.rf.3750c082ed92a1c122b8dc07b4e2e86c.jpg,300,300,136,99
None,75,92,21,11,4671_jpg.rf.c5bd5aafb8cc0c859504e51b6510b85e.jpg,300,300,96,103
Mask,96,74,12,10,4671_jpg.rf.c5bd5aafb8cc0c859504e51b6510b85e.jpg,300,300,108,84
Mask,110,149,12,11,4671_jpg.rf.c5bd5aafb8cc0c859504e51b6510b85e.jpg,300,300,122,160
Helmet,139,21,64,63,4672_jpg.rf.9f3b3d6a91da93cb36fcaeae0c02a6ca.jpg,300,300,203,84
Mask,129,207,16,23,4673_jpg.rf.453d837ef47bd55e53c8374a8c504aef.jpg,300,300,145,230
Mask,218,233,19,19,4673_jpg.rf.453d837ef47bd55e53c8374a8c504aef.jpg,300,300,237,252
Mask,169,228,15,24,4673_jpg.rf.453d837ef47bd55e53c8374a8c504aef.jpg,300,300,184,252
Mask,24,220,17,18,4673_jpg.rf.453d837ef47bd55e53c8374a8c504aef.jpg,300,300,41,238
Mask,74,200,13,22,4673_jpg.rf.453d837ef47bd55e53c8374a8c504aef.jpg,300,300,87,222
Mask,38,187,12,16,4675_jpg.rf.265c04a956089c0b8fd5472c882ff5a1.jpg,300,300,50,203
Mask,77,178,10,14,4675_jpg.rf.265c04a956089c0b8fd5472c882ff5a1.jpg,300,300,87,192
Mask,101,178,10,14,4675_jpg.rf.265c04a956089c0b8fd5472c882ff5a1.jpg,300,300,111,192
Mask,139,187,12,13,4675_jpg.rf.265c04a956089c0b8fd5472c882ff5a1.jpg,300,300,151,200
Mask,183,198,11,10,4675_jpg.rf.265c04a956089c0b8fd5472c882ff5a1.jpg,300,300,194,208
Mask,216,189,14,12,4675_jpg.rf.265c04a956089c0b8fd5472c882ff5a1.jpg,300,300,230,201
Mask,259,191,11,12,4675_jpg.rf.265c04a956089c0b8fd5472c882ff5a1.jpg,300,300,270,203
Mask,288,185,12,16,4675_jpg.rf.265c04a956089c0b8fd5472c882ff5a1.jpg,300,300,300,201
None,94,221,16,36,4675_jpg.rf.265c04a956089c0b8fd5472c882ff5a1.jpg,300,300,110,257
None,148,219,16,40,4675_jpg.rf.265c04a956089c0b8fd5472c882ff5a1.jpg,300,300,164,259
None,57,227,19,39,4675_jpg.rf.265c04a956089c0b8fd5472c882ff5a1.jpg,300,300,76,266
None,0,0,45,138,4676_jpg.rf.365ef84d4c74f7c06cad2380537640d1.jpg,300,300,45,138
Mask,242,59,26,36,4676_jpg.rf.365ef84d4c74f7c06cad2380537640d1.jpg,300,300,268,95
Mask,156,87,25,32,4676_jpg.rf.365ef84d4c74f7c06cad2380537640d1.jpg,300,300,181,119
Helmet,31,105,46,80,4677_jpg.rf.16e0b3ed363f6df653a3d9ef23933b14.jpg,300,300,77,185
None,160,2,24,40,4678_jpg.rf.8f037ca47decfe376a7515f58898750f.jpg,300,300,184,42
Mask,158,77,28,58,4678_jpg.rf.8f037ca47decfe376a7515f58898750f.jpg,300,300,186,135
Mask,91,78,30,51,4678_jpg.rf.8f037ca47decfe376a7515f58898750f.jpg,300,300,121,129
Mask,41,85,26,52,4678_jpg.rf.8f037ca47decfe376a7515f58898750f.jpg,300,300,67,137
Helmet,247,9,43,75,4678_jpg.rf.8f037ca47decfe376a7515f58898750f.jpg,300,300,290,84
Mask,246,196,15,21,4679_jpg.rf.f1b359ae9e805c2ed53ae06583e05783.jpg,300,300,261,217
Mask,268,196,9,10,4679_jpg.rf.f1b359ae9e805c2ed53ae06583e05783.jpg,300,300,277,206
Mask,287,204,7,15,4679_jpg.rf.f1b359ae9e805c2ed53ae06583e05783.jpg,300,300,294,219
Mask,210,196,8,8,4679_jpg.rf.f1b359ae9e805c2ed53ae06583e05783.jpg,300,300,218,204
Mask,227,204,13,12,4679_jpg.rf.f1b359ae9e805c2ed53ae06583e05783.jpg,300,300,240,216
Mask,221,202,5,11,4679_jpg.rf.f1b359ae9e805c2ed53ae06583e05783.jpg,300,300,226,213
Mask,99,103,73,80,4680_jpg.rf.3e783ad2f42b8352194dacbef17718ed.jpg,300,300,172,183
None,0,0,69,103,4680_jpg.rf.3e783ad2f42b8352194dacbef17718ed.jpg,300,300,69,103
Mask,163,43,11,15,4682_jpg.rf.672daf55c641fc3b5328ebe35972e494.jpg,300,300,174,58
Mask,195,62,9,13,4682_jpg.rf.672daf55c641fc3b5328ebe35972e494.jpg,300,300,204,75
Mask,224,62,8,12,4682_jpg.rf.672daf55c641fc3b5328ebe35972e494.jpg,300,300,232,74
Mask,256,43,12,14,4682_jpg.rf.672daf55c641fc3b5328ebe35972e494.jpg,300,300,268,57
Mask,104,43,11,16,4682_jpg.rf.672daf55c641fc3b5328ebe35972e494.jpg,300,300,115,59
Mask,76,58,10,11,4682_jpg.rf.672daf55c641fc3b5328ebe35972e494.jpg,300,300,86,69
Mask,42,54,12,15,4682_jpg.rf.672daf55c641fc3b5328ebe35972e494.jpg,300,300,54,69
Mask,0,34,15,15,4682_jpg.rf.672daf55c641fc3b5328ebe35972e494.jpg,300,300,15,49
Helmet,18,91,43,29,4689_jpg.rf.b13e303b3c2b40a8c1f9250d4a1663f2.jpg,300,300,61,120
Helmet,86,150,8,9,4689_jpg.rf.b13e303b3c2b40a8c1f9250d4a1663f2.jpg,300,300,94,159
Helmet,92,186,14,12,4689_jpg.rf.b13e303b3c2b40a8c1f9250d4a1663f2.jpg,300,300,106,198
Mask,181,129,13,23,4691_jpg.rf.651b88421f512ce4f26a9469a5e74f66.jpg,300,300,194,152
Helmet,122,205,58,56,4693_jpg.rf.c5b7b2a08d845c48377368fbfb6c11d6.jpg,300,300,180,261
Mask,69,141,15,12,4695_jpg.rf.9af1aa3928a3333123c3b83c26768d9b.jpg,300,300,84,153
Mask,67,13,14,14,4695_jpg.rf.9af1aa3928a3333123c3b83c26768d9b.jpg,300,300,81,27
Mask,57,77,12,12,4695_jpg.rf.9af1aa3928a3333123c3b83c26768d9b.jpg,300,300,69,89
Mask,71,134,8,7,4695_jpg.rf.9af1aa3928a3333123c3b83c26768d9b.jpg,300,300,79,141
Mask,72,216,11,12,4695_jpg.rf.9af1aa3928a3333123c3b83c26768d9b.jpg,300,300,83,228
Mask,107,258,16,16,4695_jpg.rf.9af1aa3928a3333123c3b83c26768d9b.jpg,300,300,123,274
Mask,70,256,11,11,4695_jpg.rf.9af1aa3928a3333123c3b83c26768d9b.jpg,300,300,81,267
Mask,70,98,7,9,4695_jpg.rf.9af1aa3928a3333123c3b83c26768d9b.jpg,300,300,77,107
Mask,69,293,8,7,4695_jpg.rf.9af1aa3928a3333123c3b83c26768d9b.jpg,300,300,77,300
Mask,81,227,18,18,4697_jpg.rf.70d6da71e9d7a6f46f40b7d8758a9679.jpg,300,300,99,245
Mask,129,227,13,17,4697_jpg.rf.70d6da71e9d7a6f46f40b7d8758a9679.jpg,300,300,142,244
Mask,163,244,16,16,4697_jpg.rf.70d6da71e9d7a6f46f40b7d8758a9679.jpg,300,300,179,260
Mask,206,232,20,21,4697_jpg.rf.70d6da71e9d7a6f46f40b7d8758a9679.jpg,300,300,226,253
Mask,150,182,15,21,4697_jpg.rf.70d6da71e9d7a6f46f40b7d8758a9679.jpg,300,300,165,203
Helmet,64,130,15,18,4699_jpg.rf.3b40f30d1f1ac37dc719bd6f000c31c5.jpg,300,300,79,148
Helmet,177,162,18,23,4699_jpg.rf.3b40f30d1f1ac37dc719bd6f000c31c5.jpg,300,300,195,185
Helmet,78,31,46,65,4702_jpg.rf.aa5f31c412f91fada7e2544e46254f78.jpg,300,300,124,96
Helmet,177,43,41,60,4702_jpg.rf.aa5f31c412f91fada7e2544e46254f78.jpg,300,300,218,103
None,29,193,30,66,4706_jpg.rf.f9efe202c84ce3c9d41f0e4843d868a3.jpg,300,300,59,259
None,280,71,11,26,4706_jpg.rf.f9efe202c84ce3c9d41f0e4843d868a3.jpg,300,300,291,97
None,107,67,13,25,4706_jpg.rf.f9efe202c84ce3c9d41f0e4843d868a3.jpg,300,300,120,92
Mask,99,250,13,15,4707_jpg.rf.50f6d0a41489f1b1314baf4f2319f13c.jpg,300,300,112,265
Mask,97,185,12,14,4707_jpg.rf.50f6d0a41489f1b1314baf4f2319f13c.jpg,300,300,109,199
Mask,125,107,13,11,4707_jpg.rf.50f6d0a41489f1b1314baf4f2319f13c.jpg,300,300,138,118
Mask,98,46,15,12,4707_jpg.rf.50f6d0a41489f1b1314baf4f2319f13c.jpg,300,300,113,58
None,288,162,12,106,4711_jpg.rf.62009573396623b87279906e7a42df3c.jpg,300,300,300,268
None,193,167,28,57,4711_jpg.rf.62009573396623b87279906e7a42df3c.jpg,300,300,221,224
None,140,128,42,98,4711_jpg.rf.62009573396623b87279906e7a42df3c.jpg,300,300,182,226
None,108,148,24,53,4711_jpg.rf.62009573396623b87279906e7a42df3c.jpg,300,300,132,201
Mask,67,129,31,66,4711_jpg.rf.62009573396623b87279906e7a42df3c.jpg,300,300,98,195
Helmet,122,215,16,14,4713_jpg.rf.a269e52281dfc84caf476fd6a050824c.jpg,300,300,138,229
Helmet,111,141,18,16,4713_jpg.rf.a269e52281dfc84caf476fd6a050824c.jpg,300,300,129,157
Helmet,100,83,25,15,4713_jpg.rf.a269e52281dfc84caf476fd6a050824c.jpg,300,300,125,98
Mask,84,155,16,18,4717_jpg.rf.5cfb7f39b3349c22948abcef1b9b9ae2.jpg,300,300,100,173
Mask,53,173,14,16,4717_jpg.rf.5cfb7f39b3349c22948abcef1b9b9ae2.jpg,300,300,67,189
Mask,141,140,9,10,4717_jpg.rf.5cfb7f39b3349c22948abcef1b9b9ae2.jpg,300,300,150,150
Helmet,46,280,35,20,4719_jpg.rf.496a897d252e255acda04a9df2d65d48.jpg,300,300,81,300
None,22,158,58,28,4725_jpg.rf.02c3ef8e9b3c03c7324dba56f3670233.jpg,300,300,80,186
None,51,10,15,11,4725_jpg.rf.02c3ef8e9b3c03c7324dba56f3670233.jpg,300,300,66,21
None,59,229,16,8,4725_jpg.rf.02c3ef8e9b3c03c7324dba56f3670233.jpg,300,300,75,237
Mask,68,154,58,86,4727_jpg.rf.8ba1c292253a0b7ec139643de5b39c32.jpg,300,300,126,240
None,212,254,21,34,4727_jpg.rf.8ba1c292253a0b7ec139643de5b39c32.jpg,300,300,233,288
None,242,249,12,30,4727_jpg.rf.8ba1c292253a0b7ec139643de5b39c32.jpg,300,300,254,279
Helmet,129,79,26,38,4728_jpg.rf.c99d3978252df6851f54a36ae372e82f.jpg,300,300,155,117
Helmet,96,45,36,63,4728_jpg.rf.c99d3978252df6851f54a36ae372e82f.jpg,300,300,132,108
Helmet,101,0,28,41,4728_jpg.rf.c99d3978252df6851f54a36ae372e82f.jpg,300,300,129,41
Helmet,78,16,56,76,4730_jpg.rf.c22c757104f84227e969902f733b1605.jpg,300,300,134,92
Helmet,0,187,15,16,4730_jpg.rf.c22c757104f84227e969902f733b1605.jpg,300,300,15,203
Helmet,137,182,43,52,4733_jpg.rf.df2b402a6e700665ab12950c2243c8e4.jpg,300,300,180,234
Helmet,204,210,38,53,4733_jpg.rf.df2b402a6e700665ab12950c2243c8e4.jpg,300,300,242,263
Mask,150,143,9,8,4734_jpg.rf.b46912427eef923eff56286efd92c420.jpg,300,300,159,151
Mask,180,155,27,24,4734_jpg.rf.b46912427eef923eff56286efd92c420.jpg,300,300,207,179
Mask,73,131,13,15,4734_jpg.rf.b46912427eef923eff56286efd92c420.jpg,300,300,86,146
Mask,54,135,12,11,4734_jpg.rf.b46912427eef923eff56286efd92c420.jpg,300,300,66,146
Mask,216,146,15,11,4734_jpg.rf.b46912427eef923eff56286efd92c420.jpg,300,300,231,157
Mask,66,130,8,17,4734_jpg.rf.b46912427eef923eff56286efd92c420.jpg,300,300,74,147
None,103,2,196,298,4741_jpg.rf.ec99083ae90fac7a4ad5f973dc8b0f42.jpg,300,300,299,300
Mask,89,96,46,31,4743_jpg.rf.ba704bb91dda7feca5c56ae2f8888e31.jpg,300,300,135,127
Mask,109,203,41,29,4743_jpg.rf.ba704bb91dda7feca5c56ae2f8888e31.jpg,300,300,150,232
Mask,190,89,12,16,4748_jpg.rf.c77826a6d086b503857d419cb058ad14.jpg,300,300,202,105
Helmet,190,74,15,23,4748_jpg.rf.c77826a6d086b503857d419cb058ad14.jpg,300,300,205,97
Helmet,98,101,9,8,4748_jpg.rf.c77826a6d086b503857d419cb058ad14.jpg,300,300,107,109
Mask,190,118,40,58,4750_jpg.rf.1565bf5a08f5eb9545a8358f2a38d59a.jpg,300,300,230,176
None,124,0,84,97,4752_jpg.rf.b86281fe20f684f3de5e79be985b47d3.jpg,300,300,208,97
Mask,190,104,37,43,4752_jpg.rf.b86281fe20f684f3de5e79be985b47d3.jpg,300,300,227,147
Helmet,106,21,62,58,4762_jpg.rf.7c67c979f4631ce78e0f6f553346fd8c.jpg,300,300,168,79
Mask,46,101,220,199,4764_jpg.rf.e7a3cc326ae0051df9235e8f37b1cc12.jpg,300,300,266,300
Mask,65,183,135,97,4778_jpg.rf.9ed46d8ec5ef1c4a4ba5281a87103904.jpg,300,300,200,280
Mask,136,92,114,89,4779_jpg.rf.270cf50e4ca5bcd04df7f91bb074322e.jpg,300,300,250,181
Mask,76,71,46,58,4784_jpg.rf.dce7f3c7580423ee917cf534f9378643.jpg,300,300,122,129
Mask,140,168,62,84,4796_jpg.rf.6cadd6fc11133befbb55c40b3240efdd.jpg,300,300,202,252
Mask,110,36,91,160,4801_jpg.rf.ee6c579e32a646e73350a77c57651c4f.jpg,300,300,201,196
Helmet,219,18,81,78,4806_jpg.rf.aec7a5e1661c7d3a00684b840d39beff.jpg,300,300,300,96
Helmet,148,74,68,69,4806_jpg.rf.aec7a5e1661c7d3a00684b840d39beff.jpg,300,300,216,143
Helmet,92,27,54,68,4806_jpg.rf.aec7a5e1661c7d3a00684b840d39beff.jpg,300,300,146,95
Helmet,41,48,51,46,4806_jpg.rf.aec7a5e1661c7d3a00684b840d39beff.jpg,300,300,92,94
None,83,59,28,63,4810_jpg.rf.dec4acdc9f226b7974be90c840b2a9cc.jpg,300,300,111,122
None,195,36,24,57,4810_jpg.rf.dec4acdc9f226b7974be90c840b2a9cc.jpg,300,300,219,93
None,178,140,72,133,4811_jpg.rf.251ac6d4c6002eb3c33a1ffda43691da.jpg,300,300,250,273
None,50,44,51,114,4811_jpg.rf.251ac6d4c6002eb3c33a1ffda43691da.jpg,300,300,101,158
Mask,89,94,78,93,4817_jpg.rf.755c032010fd8d3004412bb9f93a576a.jpg,300,300,167,187
Mask,196,72,34,56,4820_jpg.rf.b60674a1c29de5c3678d9866b937c607.jpg,300,300,230,128
Mask,117,110,72,59,4821_jpg.rf.17310819297ad83dc21f208b34942c1d.jpg,300,300,189,169
Mask,91,64,28,32,4822_jpg.rf.5cbe0d31ef484211b6eedd47dea70cb9.jpg,300,300,119,96
Mask,114,96,37,56,4834_jpg.rf.3e4befec6aba0c753abc7c8b13042c04.jpg,300,300,151,152
Mask,230,165,22,31,4834_jpg.rf.3e4befec6aba0c753abc7c8b13042c04.jpg,300,300,252,196
Mask,26,120,28,38,4834_jpg.rf.3e4befec6aba0c753abc7c8b13042c04.jpg,300,300,54,158
Mask,112,108,89,51,4836_jpg.rf.35aeae53c4c8da0ca24642b04391e965.jpg,300,300,201,159
Mask,217,82,35,40,4846_jpg.rf.cc052df7320bbc18af106713b0cd1cec.jpg,300,300,252,122
Mask,71,66,31,42,4846_jpg.rf.cc052df7320bbc18af106713b0cd1cec.jpg,300,300,102,108
Mask,130,107,104,160,4852_jpg.rf.de0853318372c2df6940a7c7894271a0.jpg,300,300,234,267
Mask,38,126,28,46,4852_jpg.rf.de0853318372c2df6940a7c7894271a0.jpg,300,300,66,172
Mask,160,125,30,30,4854_jpg.rf.179ddd1b707c1e0f73b9615f0e36b9d1.jpg,300,300,190,155
Mask,263,151,27,27,4854_jpg.rf.179ddd1b707c1e0f73b9615f0e36b9d1.jpg,300,300,290,178
Mask,32,161,30,31,4854_jpg.rf.179ddd1b707c1e0f73b9615f0e36b9d1.jpg,300,300,62,192
Mask,70,98,12,21,4854_jpg.rf.179ddd1b707c1e0f73b9615f0e36b9d1.jpg,300,300,82,119
Helmet,175,230,68,53,4855_jpg.rf.6a6c8ad4009db906b421df4fdcc98647.jpg,300,300,243,283
Mask,40,238,21,21,4857_jpg.rf.7187694958007f56c3e49c906dc44b21.jpg,300,300,61,259
Mask,47,157,15,18,4857_jpg.rf.7187694958007f56c3e49c906dc44b21.jpg,300,300,62,175
Mask,37,115,24,13,4857_jpg.rf.7187694958007f56c3e49c906dc44b21.jpg,300,300,61,128
Mask,46,56,18,20,4857_jpg.rf.7187694958007f56c3e49c906dc44b21.jpg,300,300,64,76
Mask,79,21,16,14,4857_jpg.rf.7187694958007f56c3e49c906dc44b21.jpg,300,300,95,35
Mask,73,96,13,15,4857_jpg.rf.7187694958007f56c3e49c906dc44b21.jpg,300,300,86,111
Helmet,182,50,70,37,4860_jpg.rf.8db70f79b660e3777adda6f55f2cc34b.jpg,300,300,252,87
Helmet,76,97,63,35,4860_jpg.rf.8db70f79b660e3777adda6f55f2cc34b.jpg,300,300,139,132
None,127,53,39,77,4864_jpg.rf.3f316ae5f9df7fc2980cab07c37ff8a9.jpg,300,300,166,130
Mask,93,137,108,109,4868_jpg.rf.68e59cd4ee0cf81aa584b117f0b036d1.jpg,300,300,201,246
Mask,94,216,12,7,4869_jpg.rf.07bb6b2424ab4ebed6c74ddfae3babfa.jpg,300,300,106,223
None,76,152,25,13,4869_jpg.rf.07bb6b2424ab4ebed6c74ddfae3babfa.jpg,300,300,101,165
Mask,105,205,21,34,4871_jpg.rf.681a0372a1c5a40c96b658eb52fc3cda.jpg,300,300,126,239
Mask,208,196,25,29,4871_jpg.rf.681a0372a1c5a40c96b658eb52fc3cda.jpg,300,300,233,225
None,49,270,16,29,4871_jpg.rf.681a0372a1c5a40c96b658eb52fc3cda.jpg,300,300,65,299
None,11,249,13,31,4871_jpg.rf.681a0372a1c5a40c96b658eb52fc3cda.jpg,300,300,24,280
None,253,245,32,55,4871_jpg.rf.681a0372a1c5a40c96b658eb52fc3cda.jpg,300,300,285,300
Mask,164,149,76,96,4872_jpg.rf.b52ea1ecabe948d686893fdbdf07ffa0.jpg,300,300,240,245
Mask,71,185,22,46,4873_jpg.rf.fc43796c61781148e13048f2a221a34f.jpg,300,300,93,231
Mask,180,223,13,28,4873_jpg.rf.fc43796c61781148e13048f2a221a34f.jpg,300,300,193,251
Mask,244,254,6,15,4873_jpg.rf.fc43796c61781148e13048f2a221a34f.jpg,300,300,250,269
Mask,105,147,110,153,4874_jpg.rf.e9e3079a285ffcb578f4c8e0c4d5aca6.jpg,300,300,215,300
Mask,26,109,40,50,4892_jpg.rf.70663857b49070255d0b34fb0939720a.jpg,300,300,66,159
Mask,199,103,38,57,4892_jpg.rf.70663857b49070255d0b34fb0939720a.jpg,300,300,237,160
None,2,267,155,33,4905_jpg.rf.6d14d10fa1ca82186dac60c95c0e5cf6.jpg,300,300,157,300
None,53,221,153,56,4905_jpg.rf.6d14d10fa1ca82186dac60c95c0e5cf6.jpg,300,300,206,277
None,66,21,138,54,4905_jpg.rf.6d14d10fa1ca82186dac60c95c0e5cf6.jpg,300,300,204,75
Mask,110,110,94,58,4905_jpg.rf.6d14d10fa1ca82186dac60c95c0e5cf6.jpg,300,300,204,168
Mask,241,125,11,9,4910_jpg.rf.ae1f349b7df3fe61d45643d41720a69d.jpg,300,300,252,134
Mask,160,120,11,8,4910_jpg.rf.ae1f349b7df3fe61d45643d41720a69d.jpg,300,300,171,128
Mask,103,132,8,6,4910_jpg.rf.ae1f349b7df3fe61d45643d41720a69d.jpg,300,300,111,138
Mask,48,125,9,7,4910_jpg.rf.ae1f349b7df3fe61d45643d41720a69d.jpg,300,300,57,132
Helmet,46,114,12,10,4910_jpg.rf.ae1f349b7df3fe61d45643d41720a69d.jpg,300,300,58,124
Helmet,99,122,12,8,4910_jpg.rf.ae1f349b7df3fe61d45643d41720a69d.jpg,300,300,111,130
Helmet,160,107,13,10,4910_jpg.rf.ae1f349b7df3fe61d45643d41720a69d.jpg,300,300,173,117
Helmet,238,111,19,13,4910_jpg.rf.ae1f349b7df3fe61d45643d41720a69d.jpg,300,300,257,124
None,127,18,56,112,4912_jpg.rf.3d88015f8996d3ef89975ed3dd088f63.jpg,300,300,183,130
None,0,0,196,298,4922_jpg.rf.349062b5a642db8e274a42a7494e59e6.jpg,300,300,196,298
Mask,42,99,40,41,4925_jpg.rf.f4407448471f2a81e28ad8646fbd17e8.jpg,300,300,82,140
None,219,198,59,101,4925_jpg.rf.f4407448471f2a81e28ad8646fbd17e8.jpg,300,300,278,299
Mask,168,90,26,21,4926_jpg.rf.e28368d7b339603ec3beec8e436236d9.jpg,300,300,194,111
Mask,200,81,56,87,4926_jpg.rf.e28368d7b339603ec3beec8e436236d9.jpg,300,300,256,168
Mask,142,173,53,69,4926_jpg.rf.e28368d7b339603ec3beec8e436236d9.jpg,300,300,195,242
Mask,73,67,25,30,4926_jpg.rf.e28368d7b339603ec3beec8e436236d9.jpg,300,300,98,97
Mask,129,45,21,20,4926_jpg.rf.e28368d7b339603ec3beec8e436236d9.jpg,300,300,150,65
Mask,32,62,36,42,4926_jpg.rf.e28368d7b339603ec3beec8e436236d9.jpg,300,300,68,104
Mask,163,135,17,26,4927_jpg.rf.273a5ea5b86b882102885d8c54c16d13.jpg,300,300,180,161
Mask,117,157,8,8,4927_jpg.rf.273a5ea5b86b882102885d8c54c16d13.jpg,300,300,125,165
Mask,175,160,11,16,4927_jpg.rf.273a5ea5b86b882102885d8c54c16d13.jpg,300,300,186,176
Helmet,229,61,22,23,4928_jpg.rf.20be51ccc1caa798b5c994dec0b9ddf2.jpg,300,300,251,84
Helmet,199,56,22,21,4928_jpg.rf.20be51ccc1caa798b5c994dec0b9ddf2.jpg,300,300,221,77
Helmet,101,67,19,27,4928_jpg.rf.20be51ccc1caa798b5c994dec0b9ddf2.jpg,300,300,120,94
Helmet,45,30,27,23,4928_jpg.rf.20be51ccc1caa798b5c994dec0b9ddf2.jpg,300,300,72,53
Helmet,56,60,28,29,4929_jpg.rf.9b889416b6158f7ee0cfbd0b649cd134.jpg,300,300,84,89
Helmet,48,208,24,30,4929_jpg.rf.9b889416b6158f7ee0cfbd0b649cd134.jpg,300,300,72,238
Mask,166,113,30,35,4930_jpg.rf.8f59b806697441eb8ad88c9fc7f6326a.jpg,300,300,196,148
Mask,212,87,26,47,4930_jpg.rf.8f59b806697441eb8ad88c9fc7f6326a.jpg,300,300,238,134
Mask,154,66,18,27,4930_jpg.rf.8f59b806697441eb8ad88c9fc7f6326a.jpg,300,300,172,93
Mask,137,53,17,34,4930_jpg.rf.8f59b806697441eb8ad88c9fc7f6326a.jpg,300,300,154,87
Mask,91,90,24,41,4930_jpg.rf.8f59b806697441eb8ad88c9fc7f6326a.jpg,300,300,115,131
Mask,117,128,33,35,4930_jpg.rf.8f59b806697441eb8ad88c9fc7f6326a.jpg,300,300,150,163
Mask,45,150,36,41,4930_jpg.rf.8f59b806697441eb8ad88c9fc7f6326a.jpg,300,300,81,191
Mask,194,172,45,55,4931_jpg.rf.b5349d06e2108a52f4b53736de61113a.jpg,300,300,239,227
Mask,65,157,31,41,4931_jpg.rf.b5349d06e2108a52f4b53736de61113a.jpg,300,300,96,198
None,115,148,38,93,4931_jpg.rf.b5349d06e2108a52f4b53736de61113a.jpg,300,300,153,241
Mask,279,226,14,15,4931_jpg.rf.b5349d06e2108a52f4b53736de61113a.jpg,300,300,293,241
Mask,33,187,15,21,4931_jpg.rf.b5349d06e2108a52f4b53736de61113a.jpg,300,300,48,208
Helmet,122,38,58,56,4932_jpg.rf.8f956d91d45924fc22d51f0f443926a6.jpg,300,300,180,94
None,99,160,40,101,4933_jpg.rf.ce8acb4078f669a5454658c9680d6906.jpg,300,300,139,261
None,165,158,36,84,4933_jpg.rf.ce8acb4078f669a5454658c9680d6906.jpg,300,300,201,242
None,80,132,43,22,4935_jpg.rf.6daad6a2152e0bad8f4206875952e114.jpg,300,300,123,154
None,105,78,43,18,4935_jpg.rf.6daad6a2152e0bad8f4206875952e114.jpg,300,300,148,96
None,120,259,42,21,4935_jpg.rf.6daad6a2152e0bad8f4206875952e114.jpg,300,300,162,280
Helmet,156,81,54,45,4940_jpg.rf.163126bc6fdc271768dcda989f59c063.jpg,300,300,210,126
Helmet,98,194,23,21,4940_jpg.rf.163126bc6fdc271768dcda989f59c063.jpg,300,300,121,215
Helmet,51,186,27,21,4940_jpg.rf.163126bc6fdc271768dcda989f59c063.jpg,300,300,78,207
Helmet,13,44,59,55,4941_jpg.rf.ccd27d55c1c7d98e22b2578a35ad348e.jpg,300,300,72,99
None,90,141,118,127,4945_jpg.rf.d58c0a22c5ca582c065e5fe8234d04b0.jpg,300,300,208,268
Mask,148,66,13,19,4946_jpg.rf.d908fa85c58ed67f30a491e8e92c0368.jpg,300,300,161,85
Mask,94,56,17,16,4946_jpg.rf.d908fa85c58ed67f30a491e8e92c0368.jpg,300,300,111,72
Mask,30,58,14,12,4946_jpg.rf.d908fa85c58ed67f30a491e8e92c0368.jpg,300,300,44,70
Mask,185,71,15,15,4946_jpg.rf.d908fa85c58ed67f30a491e8e92c0368.jpg,300,300,200,86
None,219,51,16,31,4946_jpg.rf.d908fa85c58ed67f30a491e8e92c0368.jpg,300,300,235,82
Mask,242,61,15,13,4946_jpg.rf.d908fa85c58ed67f30a491e8e92c0368.jpg,300,300,257,74
Mask,44,135,35,36,4947_jpg.rf.8516c77eb0f203d46da2c008f98d6ee1.jpg,300,300,79,171
Mask,97,135,20,25,4948_jpg.rf.1befa234ce38cb2ddb79f3fd67b4b270.jpg,300,300,117,160
Mask,129,168,22,31,4948_jpg.rf.1befa234ce38cb2ddb79f3fd67b4b270.jpg,300,300,151,199
None,75,139,16,31,4948_jpg.rf.1befa234ce38cb2ddb79f3fd67b4b270.jpg,300,300,91,170
Mask,120,166,37,39,4949_jpg.rf.367ffaa96e08ac5a5587e74337aaf6f4.jpg,300,300,157,205
Mask,0,85,12,21,4949_jpg.rf.367ffaa96e08ac5a5587e74337aaf6f4.jpg,300,300,12,106
Mask,44,85,11,14,4949_jpg.rf.367ffaa96e08ac5a5587e74337aaf6f4.jpg,300,300,55,99
Mask,166,212,31,29,4951_jpg.rf.ca1b7e4bbeaf8a305af116fd2f1788e6.jpg,300,300,197,241
Mask,36,70,76,64,4951_jpg.rf.ca1b7e4bbeaf8a305af116fd2f1788e6.jpg,300,300,112,134
Mask,46,71,16,25,4952_jpg.rf.46367c7ac657866933e05c4f60ece4d8.jpg,300,300,62,96
Mask,87,60,28,37,4952_jpg.rf.46367c7ac657866933e05c4f60ece4d8.jpg,300,300,115,97
Mask,162,92,20,26,4952_jpg.rf.46367c7ac657866933e05c4f60ece4d8.jpg,300,300,182,118
Mask,236,48,24,23,4952_jpg.rf.46367c7ac657866933e05c4f60ece4d8.jpg,300,300,260,71
Helmet,142,29,50,47,4952_jpg.rf.46367c7ac657866933e05c4f60ece4d8.jpg,300,300,192,76
Helmet,134,40,18,46,4952_jpg.rf.46367c7ac657866933e05c4f60ece4d8.jpg,300,300,152,86
Helmet,233,7,38,41,4952_jpg.rf.46367c7ac657866933e05c4f60ece4d8.jpg,300,300,271,48
Helmet,62,2,67,58,4952_jpg.rf.46367c7ac657866933e05c4f60ece4d8.jpg,300,300,129,60
Helmet,26,29,39,50,4952_jpg.rf.46367c7ac657866933e05c4f60ece4d8.jpg,300,300,65,79
Helmet,46,143,50,47,4953_jpg.rf.24bc53f21312be8fe3133bd472643bc3.jpg,300,300,96,190
Helmet,76,219,54,57,4953_jpg.rf.24bc53f21312be8fe3133bd472643bc3.jpg,300,300,130,276
Helmet,92,77,44,44,4953_jpg.rf.24bc53f21312be8fe3133bd472643bc3.jpg,300,300,136,121
Helmet,83,13,50,59,4953_jpg.rf.24bc53f21312be8fe3133bd472643bc3.jpg,300,300,133,72
Mask,81,79,149,204,4954_jpg.rf.7f4a580cdae37bf9befdeec2d859023d.jpg,300,300,230,283
None,86,190,54,55,4957_jpg.rf.01277a4867259df75869294a6d73012d.jpg,300,300,140,245
Helmet,31,56,84,132,4958_jpg.rf.1f34396e92b25412ca108df138efe804.jpg,300,300,115,188
Mask,196,75,31,35,4958_jpg.rf.1f34396e92b25412ca108df138efe804.jpg,300,300,227,110
Mask,281,145,12,10,4960_jpg.rf.d0c476119468658d416fb71fac31a7d7.jpg,300,300,293,155
Mask,216,147,15,11,4960_jpg.rf.d0c476119468658d416fb71fac31a7d7.jpg,300,300,231,158
Mask,195,137,13,18,4960_jpg.rf.d0c476119468658d416fb71fac31a7d7.jpg,300,300,208,155
Mask,148,148,16,15,4960_jpg.rf.d0c476119468658d416fb71fac31a7d7.jpg,300,300,164,163
Mask,119,132,12,15,4960_jpg.rf.d0c476119468658d416fb71fac31a7d7.jpg,300,300,131,147
Mask,92,133,18,20,4960_jpg.rf.d0c476119468658d416fb71fac31a7d7.jpg,300,300,110,153
Mask,206,73,24,22,4964_jpg.rf.96e806dee73d959ef370ecf6d926e829.jpg,300,300,230,95
Mask,125,102,25,20,4964_jpg.rf.96e806dee73d959ef370ecf6d926e829.jpg,300,300,150,122
Mask,86,116,20,20,4964_jpg.rf.96e806dee73d959ef370ecf6d926e829.jpg,300,300,106,136
Mask,235,166,21,36,4967_jpg.rf.d46ecdd09e048f14753fa110cb6befdb.jpg,300,300,256,202
None,160,219,28,60,4967_jpg.rf.d46ecdd09e048f14753fa110cb6befdb.jpg,300,300,188,279
None,102,155,21,60,4967_jpg.rf.d46ecdd09e048f14753fa110cb6befdb.jpg,300,300,123,215
None,40,174,29,64,4967_jpg.rf.d46ecdd09e048f14753fa110cb6befdb.jpg,300,300,69,238
None,134,102,53,99,4968_jpg.rf.f29237ce3975d88efa386dcab1482dcf.jpg,300,300,187,201
Helmet,137,196,51,91,4969_jpg.rf.ab0d26a837cd103a25b14a4ce3f01c62.jpg,300,300,188,287
Helmet,212,197,36,57,4969_jpg.rf.ab0d26a837cd103a25b14a4ce3f01c62.jpg,300,300,248,254
Mask,202,90,13,18,4970_jpg.rf.ac17c0395532226d9b10e3be55b4c906.jpg,300,300,215,108
Mask,82,104,20,20,4970_jpg.rf.ac17c0395532226d9b10e3be55b4c906.jpg,300,300,102,124
Mask,276,122,9,11,4970_jpg.rf.ac17c0395532226d9b10e3be55b4c906.jpg,300,300,285,133
Mask,128,68,47,85,4975_jpg.rf.3490d989182a53bbf200aa7407494240.jpg,300,300,175,153
None,28,53,14,35,4976_jpg.rf.18adf7e0f567f322c24de300b60596a4.jpg,300,300,42,88
Mask,186,64,16,18,4976_jpg.rf.18adf7e0f567f322c24de300b60596a4.jpg,300,300,202,82
Mask,244,77,16,18,4976_jpg.rf.18adf7e0f567f322c24de300b60596a4.jpg,300,300,260,95
Mask,272,56,16,17,4976_jpg.rf.18adf7e0f567f322c24de300b60596a4.jpg,300,300,288,73
Mask,155,59,16,15,4976_jpg.rf.18adf7e0f567f322c24de300b60596a4.jpg,300,300,171,74
Mask,128,69,20,22,4976_jpg.rf.18adf7e0f567f322c24de300b60596a4.jpg,300,300,148,91
Mask,95,56,18,14,4976_jpg.rf.18adf7e0f567f322c24de300b60596a4.jpg,300,300,113,70
Mask,67,50,25,26,4976_jpg.rf.18adf7e0f567f322c24de300b60596a4.jpg,300,300,92,76
Helmet,26,84,36,25,4977_jpg.rf.69578f3492959c15df940a9cee39147f.jpg,300,300,62,109
Helmet,195,163,7,6,4977_jpg.rf.69578f3492959c15df940a9cee39147f.jpg,300,300,202,169
Helmet,218,249,6,5,4977_jpg.rf.69578f3492959c15df940a9cee39147f.jpg,300,300,224,254
None,121,90,92,137,4979_jpg.rf.7b466a65c87ea5dd7473ed0717fc7a8e.jpg,300,300,213,227
None,26,255,23,9,4983_jpg.rf.12f36ebf32ced45e31505549323182dd.jpg,300,300,49,264
Helmet,15,209,27,20,4983_jpg.rf.12f36ebf32ced45e31505549323182dd.jpg,300,300,42,229
Helmet,21,197,16,13,4983_jpg.rf.12f36ebf32ced45e31505549323182dd.jpg,300,300,37,210
Helmet,2,188,21,12,4983_jpg.rf.12f36ebf32ced45e31505549323182dd.jpg,300,300,23,200
Helmet,5,176,24,14,4983_jpg.rf.12f36ebf32ced45e31505549323182dd.jpg,300,300,29,190
Helmet,0,129,26,23,4983_jpg.rf.12f36ebf32ced45e31505549323182dd.jpg,300,300,26,152
Helmet,9,51,46,30,4983_jpg.rf.12f36ebf32ced45e31505549323182dd.jpg,300,300,55,81
Helmet,0,25,27,25,4983_jpg.rf.12f36ebf32ced45e31505549323182dd.jpg,300,300,27,50
Helmet,0,4,21,20,4983_jpg.rf.12f36ebf32ced45e31505549323182dd.jpg,300,300,21,24
None,112,86,22,45,4984_jpg.rf.12d634bfa399c5cab3f14a9babafc8f2.jpg,300,300,134,131
None,285,101,15,58,4984_jpg.rf.12d634bfa399c5cab3f14a9babafc8f2.jpg,300,300,300,159
None,288,26,12,28,4984_jpg.rf.12d634bfa399c5cab3f14a9babafc8f2.jpg,300,300,300,54
None,238,36,19,31,4984_jpg.rf.12d634bfa399c5cab3f14a9babafc8f2.jpg,300,300,257,67
None,134,40,15,27,4984_jpg.rf.12d634bfa399c5cab3f14a9babafc8f2.jpg,300,300,149,67
None,79,52,15,27,4984_jpg.rf.12d634bfa399c5cab3f14a9babafc8f2.jpg,300,300,94,79
None,71,43,15,25,4984_jpg.rf.12d634bfa399c5cab3f14a9babafc8f2.jpg,300,300,86,68
None,162,53,14,35,4984_jpg.rf.12d634bfa399c5cab3f14a9babafc8f2.jpg,300,300,176,88
None,173,42,29,55,4984_jpg.rf.12d634bfa399c5cab3f14a9babafc8f2.jpg,300,300,202,97
Helmet,227,74,17,21,4988_jpg.rf.302b5b422c5fbbcebd2d39a952c1b86a.jpg,300,300,244,95
Helmet,114,64,23,28,4988_jpg.rf.302b5b422c5fbbcebd2d39a952c1b86a.jpg,300,300,137,92
Helmet,33,34,26,20,4988_jpg.rf.302b5b422c5fbbcebd2d39a952c1b86a.jpg,300,300,59,54
Helmet,225,145,30,36,4994_jpg.rf.c16550399eea846cf04cb9e339fc9682.jpg,300,300,255,181
Helmet,118,138,30,43,4994_jpg.rf.c16550399eea846cf04cb9e339fc9682.jpg,300,300,148,181
Helmet,86,1,30,36,4994_jpg.rf.c16550399eea846cf04cb9e339fc9682.jpg,300,300,116,37
Mask,162,123,69,61,4996_jpg.rf.4212f86b40898296c84ab0489983abe1.jpg,300,300,231,184
Mask,66,74,26,45,4996_jpg.rf.4212f86b40898296c84ab0489983abe1.jpg,300,300,92,119
Mask,28,75,21,31,4996_jpg.rf.4212f86b40898296c84ab0489983abe1.jpg,300,300,49,106
None,183,44,31,85,5002_jpg.rf.c1296df118193e1767faa0a82b391798.jpg,300,300,214,129
Mask,95,54,27,38,5002_jpg.rf.c1296df118193e1767faa0a82b391798.jpg,300,300,122,92
None,44,121,15,28,5004_jpg.rf.e63719f24ba1fddbf61f3f0d57f2f82a.jpg,300,300,59,149
None,261,157,20,57,5004_jpg.rf.e63719f24ba1fddbf61f3f0d57f2f82a.jpg,300,300,281,214
None,190,90,7,19,5004_jpg.rf.e63719f24ba1fddbf61f3f0d57f2f82a.jpg,300,300,197,109
None,198,106,10,21,5004_jpg.rf.e63719f24ba1fddbf61f3f0d57f2f82a.jpg,300,300,208,127
None,15,193,31,53,5004_jpg.rf.e63719f24ba1fddbf61f3f0d57f2f82a.jpg,300,300,46,246
None,76,109,14,22,5004_jpg.rf.e63719f24ba1fddbf61f3f0d57f2f82a.jpg,300,300,90,131
None,97,93,11,18,5004_jpg.rf.e63719f24ba1fddbf61f3f0d57f2f82a.jpg,300,300,108,111
None,64,91,10,14,5004_jpg.rf.e63719f24ba1fddbf61f3f0d57f2f82a.jpg,300,300,74,105
Helmet,128,58,10,13,5004_jpg.rf.e63719f24ba1fddbf61f3f0d57f2f82a.jpg,300,300,138,71
Helmet,173,43,18,32,5004_jpg.rf.e63719f24ba1fddbf61f3f0d57f2f82a.jpg,300,300,191,75
None,158,43,9,17,5004_jpg.rf.e63719f24ba1fddbf61f3f0d57f2f82a.jpg,300,300,167,60
None,123,134,12,18,5006_jpg.rf.bb18f370edccd27eb5d0b2834f47d9bc.jpg,300,300,135,152
Mask,106,140,11,9,5006_jpg.rf.bb18f370edccd27eb5d0b2834f47d9bc.jpg,300,300,117,149
Helmet,82,57,26,50,5007_jpg.rf.8ee274fca66046438c6535894463c0b8.jpg,300,300,108,107
None,107,65,15,29,5008_jpg.rf.c470d2d6eaa4f160cda880924bd03ecb.jpg,300,300,122,94
None,256,64,13,25,5008_jpg.rf.c470d2d6eaa4f160cda880924bd03ecb.jpg,300,300,269,89
Mask,122,133,116,143,5012_jpg.rf.949e93513b3d011533863d74731542d9.jpg,300,300,238,276
Helmet,94,73,17,22,5013_jpg.rf.fce779dbdf94fdf15f5b90ce9bedef26.jpg,300,300,111,95
Helmet,167,67,44,29,5016_jpg.rf.769c9d343fdf4dcf8d3e1c29789c8435.jpg,300,300,211,96
Helmet,202,180,42,43,5017_jpg.rf.950bc8f1238c90b999c57f25d7b1dc7a.jpg,300,300,244,223
Helmet,148,40,29,45,5018_jpg.rf.b5a74bf8533584209c26b424d178888d.jpg,300,300,177,85
Helmet,70,7,44,54,5018_jpg.rf.b5a74bf8533584209c26b424d178888d.jpg,300,300,114,61
Mask,51,62,45,26,5019_jpg.rf.e17a5b46b4c51f109693c45c6f1bab8e.jpg,300,300,96,88
Mask,80,122,31,17,5019_jpg.rf.e17a5b46b4c51f109693c45c6f1bab8e.jpg,300,300,111,139
Mask,81,234,24,20,5019_jpg.rf.e17a5b46b4c51f109693c45c6f1bab8e.jpg,300,300,105,254
Mask,110,171,35,19,5019_jpg.rf.e17a5b46b4c51f109693c45c6f1bab8e.jpg,300,300,145,190
Mask,53,190,30,17,5019_jpg.rf.e17a5b46b4c51f109693c45c6f1bab8e.jpg,300,300,83,207
Helmet,190,26,40,39,5020_jpg.rf.a1d552c9bc089a1de74ea21d3e99181a.jpg,300,300,230,65
Mask,110,136,92,67,5021_jpg.rf.1f6ea4e1dbea4176523f0a656760d444.jpg,300,300,202,203
Helmet,132,48,57,54,5024_jpg.rf.8188666408abba396b5e6ca464c011df.jpg,300,300,189,102
Helmet,69,48,49,64,5024_jpg.rf.8188666408abba396b5e6ca464c011df.jpg,300,300,118,112
Mask,144,121,88,105,5026_jpg.rf.1ea624d268d1a87608729c97f0df6782.jpg,300,300,232,226
Mask,54,25,30,31,5027_jpg.rf.898850206416397bb8baac48c30bb185.jpg,300,300,84,56
Mask,190,127,29,51,5027_jpg.rf.898850206416397bb8baac48c30bb185.jpg,300,300,219,178
Helmet,241,34,14,22,5028_jpg.rf.d328591bb1e488abad43dd1600b140c6.jpg,300,300,255,56
Helmet,167,5,25,30,5028_jpg.rf.d328591bb1e488abad43dd1600b140c6.jpg,300,300,192,35
Helmet,148,109,25,38,5028_jpg.rf.d328591bb1e488abad43dd1600b140c6.jpg,300,300,173,147
Helmet,123,32,10,10,5028_jpg.rf.d328591bb1e488abad43dd1600b140c6.jpg,300,300,133,42
Helmet,54,0,25,32,5028_jpg.rf.d328591bb1e488abad43dd1600b140c6.jpg,300,300,79,32
Mask,130,46,27,15,5029_jpg.rf.c228d7e33c9ee09b58029aacf7a7d488.jpg,300,300,157,61
Mask,231,116,37,37,5030_jpg.rf.266c325a3541dd879a84b8f3f50a49aa.jpg,300,300,268,153
Mask,196,90,23,21,5030_jpg.rf.266c325a3541dd879a84b8f3f50a49aa.jpg,300,300,219,111
Helmet,83,21,43,71,5032_jpg.rf.650c018e6c0d33c6629b6e7df0745d1e.jpg,300,300,126,92
None,100,218,25,58,5033_jpg.rf.628ad89a2f5a41fc0e1cb9c68f6e5484.jpg,300,300,125,276
None,205,249,15,31,5033_jpg.rf.628ad89a2f5a41fc0e1cb9c68f6e5484.jpg,300,300,220,280
Helmet,147,26,41,42,5037_jpg.rf.c14376b46c3f36a3dfc6743162707fbf.jpg,300,300,188,68
Helmet,98,119,49,48,5037_jpg.rf.c14376b46c3f36a3dfc6743162707fbf.jpg,300,300,147,167
Mask,171,132,37,53,5039_jpg.rf.118eda24622152da4578c3b70a4d51d1.jpg,300,300,208,185
Mask,58,130,31,49,5039_jpg.rf.118eda24622152da4578c3b70a4d51d1.jpg,300,300,89,179
Mask,113,141,18,28,5039_jpg.rf.118eda24622152da4578c3b70a4d51d1.jpg,300,300,131,169
Mask,269,165,8,10,5039_jpg.rf.118eda24622152da4578c3b70a4d51d1.jpg,300,300,277,175
None,103,65,21,50,5040_jpg.rf.b8667ccb40e060b57912ba7d6f04263b.jpg,300,300,124,115
Mask,147,90,15,23,5040_jpg.rf.b8667ccb40e060b57912ba7d6f04263b.jpg,300,300,162,113
Mask,132,94,14,21,5040_jpg.rf.b8667ccb40e060b57912ba7d6f04263b.jpg,300,300,146,115
Mask,53,134,20,19,5040_jpg.rf.b8667ccb40e060b57912ba7d6f04263b.jpg,300,300,73,153
Mask,66,66,12,17,5040_jpg.rf.b8667ccb40e060b57912ba7d6f04263b.jpg,300,300,78,83
Helmet,82,168,90,83,5041_jpg.rf.bd0fab2fb9221a0bead9bded96e5a11b.jpg,300,300,172,251
Helmet,81,157,42,48,5043_jpg.rf.1b9d3add71367a70cb1fcf936b63a0f2.jpg,300,300,123,205
Helmet,186,51,23,25,5043_jpg.rf.1b9d3add71367a70cb1fcf936b63a0f2.jpg,300,300,209,76
Helmet,196,100,18,21,5043_jpg.rf.1b9d3add71367a70cb1fcf936b63a0f2.jpg,300,300,214,121
Mask,183,141,23,45,5048_jpg.rf.084df1d06ef61d80cf73f737dfe9b03f.jpg,300,300,206,186
Mask,68,124,36,32,5049_jpg.rf.30e6fc65c373b676bd61c458455e7762.jpg,300,300,104,156
Mask,78,96,41,39,5052_jpg.rf.976e968628573a20220c360a38719c1f.jpg,300,300,119,135
Mask,216,117,55,82,5054_jpg.rf.1c7b70e21b273ad0b6deb80966350066.jpg,300,300,271,199
Mask,63,129,154,85,5054_jpg.rf.1c7b70e21b273ad0b6deb80966350066.jpg,300,300,217,214
Mask,13,84,18,15,5056_jpg.rf.3c89de13e5b0947ff7567ca50afbc019.jpg,300,300,31,99
Mask,257,91,7,14,5056_jpg.rf.3c89de13e5b0947ff7567ca50afbc019.jpg,300,300,264,105
Mask,162,109,26,33,5056_jpg.rf.3c89de13e5b0947ff7567ca50afbc019.jpg,300,300,188,142
Mask,97,110,17,31,5062_jpg.rf.68ef071ab6a575426004af474ee98ef0.jpg,300,300,114,141
None,169,219,46,47,5063_jpg.rf.7453039da2dba38a81ba985e96e1656a.jpg,300,300,215,266
None,136,72,20,27,5063_jpg.rf.7453039da2dba38a81ba985e96e1656a.jpg,300,300,156,99
None,96,127,10,17,5063_jpg.rf.7453039da2dba38a81ba985e96e1656a.jpg,300,300,106,144
None,15,178,14,12,5063_jpg.rf.7453039da2dba38a81ba985e96e1656a.jpg,300,300,29,190
None,295,201,5,9,5063_jpg.rf.7453039da2dba38a81ba985e96e1656a.jpg,300,300,300,210
Mask,185,191,25,23,5063_jpg.rf.7453039da2dba38a81ba985e96e1656a.jpg,300,300,210,214
Mask,21,173,6,5,5063_jpg.rf.7453039da2dba38a81ba985e96e1656a.jpg,300,300,27,178
Mask,137,64,10,15,5063_jpg.rf.7453039da2dba38a81ba985e96e1656a.jpg,300,300,147,79
Mask,107,132,85,85,5064_jpg.rf.8b10913514cc1a706ed673d4d9667c74.jpg,300,300,192,217
Mask,98,110,45,86,5065_jpg.rf.a2b74dfdc95aa9671145ffc8d653ad4c.jpg,300,300,143,196
None,173,23,24,52,5066_jpg.rf.fa83f40fdb4ba42c87a67224c577ada6.jpg,300,300,197,75
None,81,17,13,32,5066_jpg.rf.fa83f40fdb4ba42c87a67224c577ada6.jpg,300,300,94,49
None,286,2,14,42,5066_jpg.rf.fa83f40fdb4ba42c87a67224c577ada6.jpg,300,300,300,44
Mask,117,94,42,31,5067_jpg.rf.01084435951ee9a43ed7354c1312d838.jpg,300,300,159,125
Helmet,65,62,57,54,5067_jpg.rf.01084435951ee9a43ed7354c1312d838.jpg,300,300,122,116
Helmet,29,64,33,32,5067_jpg.rf.01084435951ee9a43ed7354c1312d838.jpg,300,300,62,96
Helmet,50,117,29,23,5068_jpg.rf.00397f1087891a1ec9c3c4c504b9ccb5.jpg,300,300,79,140
Mask,142,174,16,24,5069_jpg.rf.c762f26f683d0c9dd288693d78a13674.jpg,300,300,158,198
Mask,218,240,15,27,5069_jpg.rf.c762f26f683d0c9dd288693d78a13674.jpg,300,300,233,267
Mask,191,241,16,23,5069_jpg.rf.c762f26f683d0c9dd288693d78a13674.jpg,300,300,207,264
Mask,238,273,18,18,5069_jpg.rf.c762f26f683d0c9dd288693d78a13674.jpg,300,300,256,291
Mask,262,206,14,25,5069_jpg.rf.c762f26f683d0c9dd288693d78a13674.jpg,300,300,276,231
Mask,270,81,18,21,5069_jpg.rf.c762f26f683d0c9dd288693d78a13674.jpg,300,300,288,102
Mask,161,2,18,26,5069_jpg.rf.c762f26f683d0c9dd288693d78a13674.jpg,300,300,179,28
Mask,1,0,18,8,5069_jpg.rf.c762f26f683d0c9dd288693d78a13674.jpg,300,300,19,8
Mask,28,16,20,27,5069_jpg.rf.c762f26f683d0c9dd288693d78a13674.jpg,300,300,48,43
Mask,47,50,15,19,5069_jpg.rf.c762f26f683d0c9dd288693d78a13674.jpg,300,300,62,69
Mask,17,207,20,24,5069_jpg.rf.c762f26f683d0c9dd288693d78a13674.jpg,300,300,37,231
Mask,72,142,15,25,5069_jpg.rf.c762f26f683d0c9dd288693d78a13674.jpg,300,300,87,167
None,22,152,23,45,5069_jpg.rf.c762f26f683d0c9dd288693d78a13674.jpg,300,300,45,197
Mask,135,237,19,26,5069_jpg.rf.c762f26f683d0c9dd288693d78a13674.jpg,300,300,154,263
Mask,69,243,19,23,5069_jpg.rf.c762f26f683d0c9dd288693d78a13674.jpg,300,300,88,266
Mask,185,145,15,24,5069_jpg.rf.c762f26f683d0c9dd288693d78a13674.jpg,300,300,200,169
Mask,146,33,19,25,5069_jpg.rf.c762f26f683d0c9dd288693d78a13674.jpg,300,300,165,58
Mask,179,153,9,12,5070_jpg.rf.852f0de4ffcad1b698d1a7a397f6fffb.jpg,300,300,188,165
None,143,56,33,98,5072_jpg.rf.4d5d9760c59258b59644e389114fcf14.jpg,300,300,176,154
None,94,0,18,41,5072_jpg.rf.4d5d9760c59258b59644e389114fcf14.jpg,300,300,112,41
Mask,134,185,23,15,5073_jpg.rf.6920e31ccf874abfa26da218887ca057.jpg,300,300,157,200
Mask,99,121,25,17,5073_jpg.rf.6920e31ccf874abfa26da218887ca057.jpg,300,300,124,138
Mask,147,231,22,13,5073_jpg.rf.6920e31ccf874abfa26da218887ca057.jpg,300,300,169,244
Helmet,138,18,49,69,5078_jpg.rf.6e99c1500539fdd9ee54d58799ea99e4.jpg,300,300,187,87
Mask,18,78,69,91,5081_jpg.rf.627d3e2fe7701058dd6892a82fc1bbca.jpg,300,300,87,169
Mask,158,43,79,133,5081_jpg.rf.627d3e2fe7701058dd6892a82fc1bbca.jpg,300,300,237,176
Mask,101,157,53,82,5081_jpg.rf.627d3e2fe7701058dd6892a82fc1bbca.jpg,300,300,154,239
Mask,81,170,13,16,5083_jpg.rf.57aea5ca725bc55fd31c8dc3927fe8dc.jpg,300,300,94,186
Mask,152,140,8,8,5083_jpg.rf.57aea5ca725bc55fd31c8dc3927fe8dc.jpg,300,300,160,148
Mask,133,117,7,6,5083_jpg.rf.57aea5ca725bc55fd31c8dc3927fe8dc.jpg,300,300,140,123
Mask,0,125,6,5,5083_jpg.rf.57aea5ca725bc55fd31c8dc3927fe8dc.jpg,300,300,6,130
Mask,242,141,7,4,5083_jpg.rf.57aea5ca725bc55fd31c8dc3927fe8dc.jpg,300,300,249,145
Mask,289,132,5,7,5083_jpg.rf.57aea5ca725bc55fd31c8dc3927fe8dc.jpg,300,300,294,139
Mask,208,132,5,6,5083_jpg.rf.57aea5ca725bc55fd31c8dc3927fe8dc.jpg,300,300,213,138
Helmet,30,203,40,33,5085_jpg.rf.7de3fcc5519f7e5fe0535178fc6c4579.jpg,300,300,70,236
Helmet,89,137,24,20,5085_jpg.rf.7de3fcc5519f7e5fe0535178fc6c4579.jpg,300,300,113,157
Helmet,100,86,10,13,5085_jpg.rf.7de3fcc5519f7e5fe0535178fc6c4579.jpg,300,300,110,99
Helmet,168,191,72,85,5087_jpg.rf.9a019232184d08c38c10502f2aa6a88d.jpg,300,300,240,276
Mask,71,80,215,150,5091_jpg.rf.5f644e8e8c73155964d55decb580f693.jpg,300,300,286,230
Mask,140,137,15,27,5093_jpg.rf.c2d27524125749ec1e20af22eb44da3d.jpg,300,300,155,164
Mask,205,88,19,25,5093_jpg.rf.c2d27524125749ec1e20af22eb44da3d.jpg,300,300,224,113
Mask,232,93,18,20,5093_jpg.rf.c2d27524125749ec1e20af22eb44da3d.jpg,300,300,250,113
Mask,239,0,26,22,5093_jpg.rf.c2d27524125749ec1e20af22eb44da3d.jpg,300,300,265,22
Mask,204,0,25,25,5093_jpg.rf.c2d27524125749ec1e20af22eb44da3d.jpg,300,300,229,25
Mask,70,40,24,20,5093_jpg.rf.c2d27524125749ec1e20af22eb44da3d.jpg,300,300,94,60
Mask,37,55,18,25,5093_jpg.rf.c2d27524125749ec1e20af22eb44da3d.jpg,300,300,55,80
Mask,104,61,23,21,5093_jpg.rf.c2d27524125749ec1e20af22eb44da3d.jpg,300,300,127,82
Mask,159,41,25,28,5093_jpg.rf.c2d27524125749ec1e20af22eb44da3d.jpg,300,300,184,69
Mask,140,54,16,22,5093_jpg.rf.c2d27524125749ec1e20af22eb44da3d.jpg,300,300,156,76
Mask,2,91,24,19,5093_jpg.rf.c2d27524125749ec1e20af22eb44da3d.jpg,300,300,26,110
Mask,5,136,24,19,5093_jpg.rf.c2d27524125749ec1e20af22eb44da3d.jpg,300,300,29,155
Mask,24,161,13,16,5093_jpg.rf.c2d27524125749ec1e20af22eb44da3d.jpg,300,300,37,177
Mask,70,137,17,6,5093_jpg.rf.c2d27524125749ec1e20af22eb44da3d.jpg,300,300,87,143
Mask,44,129,17,14,5093_jpg.rf.c2d27524125749ec1e20af22eb44da3d.jpg,300,300,61,143
Mask,163,118,19,20,5093_jpg.rf.c2d27524125749ec1e20af22eb44da3d.jpg,300,300,182,138
Mask,194,136,17,18,5093_jpg.rf.c2d27524125749ec1e20af22eb44da3d.jpg,300,300,211,154
Mask,220,165,18,19,5093_jpg.rf.c2d27524125749ec1e20af22eb44da3d.jpg,300,300,238,184
Mask,267,106,21,20,5093_jpg.rf.c2d27524125749ec1e20af22eb44da3d.jpg,300,300,288,126
Mask,92,176,15,19,5093_jpg.rf.c2d27524125749ec1e20af22eb44da3d.jpg,300,300,107,195
Mask,250,38,23,27,5093_jpg.rf.c2d27524125749ec1e20af22eb44da3d.jpg,300,300,273,65
Mask,196,225,11,13,5093_jpg.rf.c2d27524125749ec1e20af22eb44da3d.jpg,300,300,207,238
Mask,216,230,12,14,5093_jpg.rf.c2d27524125749ec1e20af22eb44da3d.jpg,300,300,228,244
Mask,28,210,13,17,5093_jpg.rf.c2d27524125749ec1e20af22eb44da3d.jpg,300,300,41,227
Mask,120,231,11,14,5093_jpg.rf.c2d27524125749ec1e20af22eb44da3d.jpg,300,300,131,245
Mask,156,263,10,15,5093_jpg.rf.c2d27524125749ec1e20af22eb44da3d.jpg,300,300,166,278
Mask,40,117,78,117,5094_jpg.rf.325349a3b21f23fc2e23eb5490e82966.jpg,300,300,118,234
Mask,95,188,18,23,5095_jpg.rf.922a3d94599bd30c26fe72ee58ef314b.jpg,300,300,113,211
Mask,192,219,18,20,5095_jpg.rf.922a3d94599bd30c26fe72ee58ef314b.jpg,300,300,210,239
None,68,151,21,11,5097_jpg.rf.a393fd1eaf893250a59835f130d915e4.jpg,300,300,89,162
None,3,130,15,10,5097_jpg.rf.a393fd1eaf893250a59835f130d915e4.jpg,300,300,18,140
None,30,60,14,8,5097_jpg.rf.a393fd1eaf893250a59835f130d915e4.jpg,300,300,44,68
None,79,8,14,8,5097_jpg.rf.a393fd1eaf893250a59835f130d915e4.jpg,300,300,93,16
None,187,23,23,13,5097_jpg.rf.a393fd1eaf893250a59835f130d915e4.jpg,300,300,210,36
None,26,247,18,10,5097_jpg.rf.a393fd1eaf893250a59835f130d915e4.jpg,300,300,44,257
None,92,273,16,10,5097_jpg.rf.a393fd1eaf893250a59835f130d915e4.jpg,300,300,108,283
None,18,163,18,10,5097_jpg.rf.a393fd1eaf893250a59835f130d915e4.jpg,300,300,36,173
None,26,191,18,10,5097_jpg.rf.a393fd1eaf893250a59835f130d915e4.jpg,300,300,44,201
Mask,43,119,10,11,5097_jpg.rf.a393fd1eaf893250a59835f130d915e4.jpg,300,300,53,130
Mask,69,187,9,10,5097_jpg.rf.a393fd1eaf893250a59835f130d915e4.jpg,300,300,78,197
None,35,215,15,12,5097_jpg.rf.a393fd1eaf893250a59835f130d915e4.jpg,300,300,50,227
None,87,235,14,8,5097_jpg.rf.a393fd1eaf893250a59835f130d915e4.jpg,300,300,101,243
None,117,191,19,10,5097_jpg.rf.a393fd1eaf893250a59835f130d915e4.jpg,300,300,136,201
None,105,204,15,12,5097_jpg.rf.a393fd1eaf893250a59835f130d915e4.jpg,300,300,120,216
None,63,44,18,8,5097_jpg.rf.a393fd1eaf893250a59835f130d915e4.jpg,300,300,81,52
None,34,31,14,7,5097_jpg.rf.a393fd1eaf893250a59835f130d915e4.jpg,300,300,48,38
None,97,110,16,8,5097_jpg.rf.a393fd1eaf893250a59835f130d915e4.jpg,300,300,113,118
None,64,21,17,8,5097_jpg.rf.a393fd1eaf893250a59835f130d915e4.jpg,300,300,81,29
None,46,71,18,8,5097_jpg.rf.a393fd1eaf893250a59835f130d915e4.jpg,300,300,64,79
None,20,145,14,10,5097_jpg.rf.a393fd1eaf893250a59835f130d915e4.jpg,300,300,34,155
None,90,85,19,10,5097_jpg.rf.a393fd1eaf893250a59835f130d915e4.jpg,300,300,109,95
None,91,20,20,9,5097_jpg.rf.a393fd1eaf893250a59835f130d915e4.jpg,300,300,111,29
None,91,51,19,12,5097_jpg.rf.a393fd1eaf893250a59835f130d915e4.jpg,300,300,110,63
Mask,61,265,12,10,5097_jpg.rf.a393fd1eaf893250a59835f130d915e4.jpg,300,300,73,275
Mask,25,114,11,12,5097_jpg.rf.a393fd1eaf893250a59835f130d915e4.jpg,300,300,36,126
Mask,42,87,8,9,5097_jpg.rf.a393fd1eaf893250a59835f130d915e4.jpg,300,300,50,96
Mask,118,68,33,64,5098_jpg.rf.4c9f6ef1a586f8975971f76191de48ab.jpg,300,300,151,132
None,251,0,32,66,5098_jpg.rf.4c9f6ef1a586f8975971f76191de48ab.jpg,300,300,283,66
Mask,178,38,10,9,5100_jpg.rf.f99a1010208ac7e7c719cf0a9eb24cb5.jpg,300,300,188,47
Mask,179,124,15,27,5100_jpg.rf.f99a1010208ac7e7c719cf0a9eb24cb5.jpg,300,300,194,151
Mask,149,96,13,21,5100_jpg.rf.f99a1010208ac7e7c719cf0a9eb24cb5.jpg,300,300,162,117
Mask,8,67,16,13,5100_jpg.rf.f99a1010208ac7e7c719cf0a9eb24cb5.jpg,300,300,24,80
None,130,98,27,53,5100_jpg.rf.f99a1010208ac7e7c719cf0a9eb24cb5.jpg,300,300,157,151
None,83,63,19,57,5100_jpg.rf.f99a1010208ac7e7c719cf0a9eb24cb5.jpg,300,300,102,120
Mask,46,175,17,12,5103_jpg.rf.a400bb1f2395d68bd0de9c8eefbadef6.jpg,300,300,63,187
Mask,75,115,35,31,5103_jpg.rf.a400bb1f2395d68bd0de9c8eefbadef6.jpg,300,300,110,146
Helmet,205,159,25,20,5105_jpg.rf.677ff9e666536b52ec981d469bfcb61e.jpg,300,300,230,179
Helmet,179,152,20,16,5105_jpg.rf.677ff9e666536b52ec981d469bfcb61e.jpg,300,300,199,168
Helmet,146,162,14,12,5105_jpg.rf.677ff9e666536b52ec981d469bfcb61e.jpg,300,300,160,174
Mask,168,67,31,63,5106_jpg.rf.826ce6ca18b8100dc9c0a3558be1ead4.jpg,300,300,199,130
Mask,178,184,17,18,5107_jpg.rf.04d5494b6711dbbf989a7688b7890a4a.jpg,300,300,195,202
Mask,282,151,18,31,5107_jpg.rf.04d5494b6711dbbf989a7688b7890a4a.jpg,300,300,300,182
Mask,225,168,15,18,5107_jpg.rf.04d5494b6711dbbf989a7688b7890a4a.jpg,300,300,240,186
Mask,13,159,16,21,5107_jpg.rf.04d5494b6711dbbf989a7688b7890a4a.jpg,300,300,29,180
None,137,170,14,32,5107_jpg.rf.04d5494b6711dbbf989a7688b7890a4a.jpg,300,300,151,202
Mask,137,132,6,7,5110_jpg.rf.eaf96e7d7de07386ab7e2d04c3109f88.jpg,300,300,143,139
Mask,143,133,7,9,5110_jpg.rf.eaf96e7d7de07386ab7e2d04c3109f88.jpg,300,300,150,142
Mask,153,138,10,9,5110_jpg.rf.eaf96e7d7de07386ab7e2d04c3109f88.jpg,300,300,163,147
Mask,168,139,12,9,5110_jpg.rf.eaf96e7d7de07386ab7e2d04c3109f88.jpg,300,300,180,148
Mask,180,140,7,7,5110_jpg.rf.eaf96e7d7de07386ab7e2d04c3109f88.jpg,300,300,187,147
Mask,253,129,8,11,5110_jpg.rf.eaf96e7d7de07386ab7e2d04c3109f88.jpg,300,300,261,140
Mask,227,225,7,6,5110_jpg.rf.eaf96e7d7de07386ab7e2d04c3109f88.jpg,300,300,234,231
None,241,134,12,22,5110_jpg.rf.eaf96e7d7de07386ab7e2d04c3109f88.jpg,300,300,253,156
Helmet,212,134,10,12,5110_jpg.rf.eaf96e7d7de07386ab7e2d04c3109f88.jpg,300,300,222,146
Helmet,116,247,18,20,5113_jpg.rf.bbb604be58258eb364b2d185c2b5af25.jpg,300,300,134,267
Mask,93,149,10,10,5113_jpg.rf.bbb604be58258eb364b2d185c2b5af25.jpg,300,300,103,159
Helmet,117,40,23,20,5116_jpg.rf.27b541499df8e4c9c8a669f4eab6cd4f.jpg,300,300,140,60
Helmet,48,115,18,20,5116_jpg.rf.27b541499df8e4c9c8a669f4eab6cd4f.jpg,300,300,66,135
Helmet,277,266,6,8,5117_jpg.rf.036e79f21e4e154bca2c7eabce8c6dc5.jpg,300,300,283,274
Helmet,255,260,9,12,5117_jpg.rf.036e79f21e4e154bca2c7eabce8c6dc5.jpg,300,300,264,272
Helmet,227,262,10,12,5117_jpg.rf.036e79f21e4e154bca2c7eabce8c6dc5.jpg,300,300,237,274
Helmet,196,252,11,18,5117_jpg.rf.036e79f21e4e154bca2c7eabce8c6dc5.jpg,300,300,207,270
Helmet,174,216,16,20,5117_jpg.rf.036e79f21e4e154bca2c7eabce8c6dc5.jpg,300,300,190,236
Helmet,139,239,15,19,5117_jpg.rf.036e79f21e4e154bca2c7eabce8c6dc5.jpg,300,300,154,258
Helmet,72,242,13,20,5117_jpg.rf.036e79f21e4e154bca2c7eabce8c6dc5.jpg,300,300,85,262
Helmet,54,229,15,25,5117_jpg.rf.036e79f21e4e154bca2c7eabce8c6dc5.jpg,300,300,69,254
Mask,97,163,55,68,5118_jpg.rf.f03a3e43478595060f5c1c370ead52ce.jpg,300,300,152,231
Mask,93,77,40,46,5119_jpg.rf.e7a0e24e3428eada087156b2cf81d408.jpg,300,300,133,123
Mask,209,75,45,55,5119_jpg.rf.e7a0e24e3428eada087156b2cf81d408.jpg,300,300,254,130
Mask,170,80,27,35,5119_jpg.rf.e7a0e24e3428eada087156b2cf81d408.jpg,300,300,197,115
Mask,68,170,10,15,5120_jpg.rf.e0a0306392f3d0345dde6c691fc0c188.jpg,300,300,78,185
Mask,35,70,16,22,5120_jpg.rf.e0a0306392f3d0345dde6c691fc0c188.jpg,300,300,51,92
Mask,116,54,14,23,5120_jpg.rf.e0a0306392f3d0345dde6c691fc0c188.jpg,300,300,130,77
Helmet,47,119,40,47,5120_jpg.rf.e0a0306392f3d0345dde6c691fc0c188.jpg,300,300,87,166
Helmet,173,152,68,92,5120_jpg.rf.e0a0306392f3d0345dde6c691fc0c188.jpg,300,300,241,244
Mask,100,79,22,44,5122_jpg.rf.17a1bc3c985a855417343a22b13f7402.jpg,300,300,122,123
Mask,235,127,25,40,5122_jpg.rf.17a1bc3c985a855417343a22b13f7402.jpg,300,300,260,167
Mask,158,61,22,48,5122_jpg.rf.17a1bc3c985a855417343a22b13f7402.jpg,300,300,180,109
Helmet,209,211,11,10,5123_jpg.rf.a889be7bae8f6aac4317b3f18b26504a.jpg,300,300,220,221
Helmet,246,185,8,8,5123_jpg.rf.a889be7bae8f6aac4317b3f18b26504a.jpg,300,300,254,193
Helmet,197,197,9,10,5123_jpg.rf.a889be7bae8f6aac4317b3f18b26504a.jpg,300,300,206,207
Helmet,112,209,13,12,5123_jpg.rf.a889be7bae8f6aac4317b3f18b26504a.jpg,300,300,125,221
Helmet,142,201,10,18,5123_jpg.rf.a889be7bae8f6aac4317b3f18b26504a.jpg,300,300,152,219
Mask,140,69,26,47,5124_jpg.rf.2050d4bf0727efd9c80f135ee603a8f5.jpg,300,300,166,116
Mask,86,165,14,22,5125_jpg.rf.2b12693d9848a49bd3e467b3deb702c5.jpg,300,300,100,187
Mask,60,147,12,21,5125_jpg.rf.2b12693d9848a49bd3e467b3deb702c5.jpg,300,300,72,168
Helmet,226,38,21,33,5126_jpg.rf.40ba6bbb6d4a85e8d7c32e8de609ecfb.jpg,300,300,247,71
Mask,154,93,117,88,5127_jpg.rf.07182d24c6daf2a2a22da21779f30fbf.jpg,300,300,271,181
Mask,72,48,9,15,5128_jpg.rf.a4f51f6d63a194657beeeb64d8bd989e.jpg,300,300,81,63
Mask,156,53,23,31,5128_jpg.rf.a4f51f6d63a194657beeeb64d8bd989e.jpg,300,300,179,84
Mask,133,53,12,15,5128_jpg.rf.a4f51f6d63a194657beeeb64d8bd989e.jpg,300,300,145,68
Mask,126,79,7,12,5128_jpg.rf.a4f51f6d63a194657beeeb64d8bd989e.jpg,300,300,133,91
Helmet,0,37,13,20,5129_jpg.rf.7f49d767dc82f03c1e798a0f5edd6a02.jpg,300,300,13,57
Helmet,7,100,19,20,5129_jpg.rf.7f49d767dc82f03c1e798a0f5edd6a02.jpg,300,300,26,120
Helmet,13,167,19,18,5129_jpg.rf.7f49d767dc82f03c1e798a0f5edd6a02.jpg,300,300,32,185
Helmet,78,180,13,24,5129_jpg.rf.7f49d767dc82f03c1e798a0f5edd6a02.jpg,300,300,91,204
Helmet,52,268,16,16,5129_jpg.rf.7f49d767dc82f03c1e798a0f5edd6a02.jpg,300,300,68,284
Helmet,186,146,18,21,5129_jpg.rf.7f49d767dc82f03c1e798a0f5edd6a02.jpg,300,300,204,167
Helmet,208,224,17,14,5129_jpg.rf.7f49d767dc82f03c1e798a0f5edd6a02.jpg,300,300,225,238
Helmet,96,195,41,63,5131_jpg.rf.3dc10cb2f7d3a8cec9110a8da8cce154.jpg,300,300,137,258
Mask,197,132,18,39,5135_jpg.rf.97b637ee11f5e0352cc93e5a7959e69a.jpg,300,300,215,171
Mask,212,231,30,28,5135_jpg.rf.97b637ee11f5e0352cc93e5a7959e69a.jpg,300,300,242,259
Helmet,186,165,15,12,5137_jpg.rf.eddef247e6fd499a0438117895c5383c.jpg,300,300,201,177
Helmet,130,163,18,19,5137_jpg.rf.eddef247e6fd499a0438117895c5383c.jpg,300,300,148,182
Helmet,86,189,16,15,5137_jpg.rf.eddef247e6fd499a0438117895c5383c.jpg,300,300,102,204
Helmet,73,201,13,14,5137_jpg.rf.eddef247e6fd499a0438117895c5383c.jpg,300,300,86,215
Helmet,60,199,15,15,5137_jpg.rf.eddef247e6fd499a0438117895c5383c.jpg,300,300,75,214
Helmet,1,227,13,32,5137_jpg.rf.eddef247e6fd499a0438117895c5383c.jpg,300,300,14,259
Mask,178,80,20,40,5139_jpg.rf.a8233a87ff48dd228c1002abdc9ed9aa.jpg,300,300,198,120
Mask,123,63,19,47,5139_jpg.rf.a8233a87ff48dd228c1002abdc9ed9aa.jpg,300,300,142,110
Mask,42,127,22,44,5139_jpg.rf.a8233a87ff48dd228c1002abdc9ed9aa.jpg,300,300,64,171
Mask,140,128,36,34,5140_jpg.rf.fcf630268c3df77eea65c05c93ed9fda.jpg,300,300,176,162
None,171,50,33,43,5140_jpg.rf.fcf630268c3df77eea65c05c93ed9fda.jpg,300,300,204,93
Helmet,137,91,40,66,5142_jpg.rf.3c9b0e8ecffebe72020415023ad103a0.jpg,300,300,177,157
Helmet,199,45,52,77,5142_jpg.rf.3c9b0e8ecffebe72020415023ad103a0.jpg,300,300,251,122
Mask,179,130,34,56,5149_jpg.rf.9e14d59ec26a5ad128e6daf8a54445b9.jpg,300,300,213,186
None,104,175,20,49,5149_jpg.rf.9e14d59ec26a5ad128e6daf8a54445b9.jpg,300,300,124,224
None,71,185,17,40,5149_jpg.rf.9e14d59ec26a5ad128e6daf8a54445b9.jpg,300,300,88,225
None,34,187,24,42,5149_jpg.rf.9e14d59ec26a5ad128e6daf8a54445b9.jpg,300,300,58,229
Mask,165,160,24,54,5150_jpg.rf.b3d9ecbc9dc8a0468d296b15828f1e1d.jpg,300,300,189,214
None,12,20,10,27,5150_jpg.rf.b3d9ecbc9dc8a0468d296b15828f1e1d.jpg,300,300,22,47
None,271,69,15,38,5150_jpg.rf.b3d9ecbc9dc8a0468d296b15828f1e1d.jpg,300,300,286,107
None,235,57,17,43,5150_jpg.rf.b3d9ecbc9dc8a0468d296b15828f1e1d.jpg,300,300,252,100
None,267,3,10,30,5150_jpg.rf.b3d9ecbc9dc8a0468d296b15828f1e1d.jpg,300,300,277,33
None,249,0,13,33,5150_jpg.rf.b3d9ecbc9dc8a0468d296b15828f1e1d.jpg,300,300,262,33
None,187,0,10,28,5150_jpg.rf.b3d9ecbc9dc8a0468d296b15828f1e1d.jpg,300,300,197,28
None,77,46,14,48,5150_jpg.rf.b3d9ecbc9dc8a0468d296b15828f1e1d.jpg,300,300,91,94
None,121,82,16,36,5150_jpg.rf.b3d9ecbc9dc8a0468d296b15828f1e1d.jpg,300,300,137,118
None,147,40,8,30,5150_jpg.rf.b3d9ecbc9dc8a0468d296b15828f1e1d.jpg,300,300,155,70
None,166,32,15,32,5150_jpg.rf.b3d9ecbc9dc8a0468d296b15828f1e1d.jpg,300,300,181,64
None,95,37,11,32,5150_jpg.rf.b3d9ecbc9dc8a0468d296b15828f1e1d.jpg,300,300,106,69
None,115,1,8,28,5150_jpg.rf.b3d9ecbc9dc8a0468d296b15828f1e1d.jpg,300,300,123,29
None,55,22,11,47,5150_jpg.rf.b3d9ecbc9dc8a0468d296b15828f1e1d.jpg,300,300,66,69
Mask,133,45,17,24,5156_jpg.rf.f67e03054aa808d360de303094e65b30.jpg,300,300,150,69
Helmet,132,9,23,34,5156_jpg.rf.f67e03054aa808d360de303094e65b30.jpg,300,300,155,43
Mask,85,185,38,39,5158_jpg.rf.4ea021b4718046c438b3ca7ea2a5fdb7.jpg,300,300,123,224
Mask,269,242,31,38,5158_jpg.rf.4ea021b4718046c438b3ca7ea2a5fdb7.jpg,300,300,300,280
Mask,246,256,34,43,5158_jpg.rf.4ea021b4718046c438b3ca7ea2a5fdb7.jpg,300,300,280,299
Mask,272,161,19,14,5158_jpg.rf.4ea021b4718046c438b3ca7ea2a5fdb7.jpg,300,300,291,175
Mask,0,240,25,41,5158_jpg.rf.4ea021b4718046c438b3ca7ea2a5fdb7.jpg,300,300,25,281
None,37,238,22,30,5159_jpg.rf.1c515e405aa00f855494dbbb789fbec8.jpg,300,300,59,268
Mask,179,236,15,20,5159_jpg.rf.1c515e405aa00f855494dbbb789fbec8.jpg,300,300,194,256
Mask,257,260,18,27,5159_jpg.rf.1c515e405aa00f855494dbbb789fbec8.jpg,300,300,275,287
Mask,7,86,37,62,5159_jpg.rf.1c515e405aa00f855494dbbb789fbec8.jpg,300,300,44,148
Helmet,85,207,42,73,5177_jpg.rf.9cc8fca58c607978f0f03e2caf308c91.jpg,300,300,127,280
Helmet,206,229,36,49,5177_jpg.rf.9cc8fca58c607978f0f03e2caf308c91.jpg,300,300,242,278
Mask,135,119,15,11,5181_jpg.rf.88ae1828199ff6d96b5b59317ff11ac6.jpg,300,300,150,130
Mask,134,96,17,15,5181_jpg.rf.88ae1828199ff6d96b5b59317ff11ac6.jpg,300,300,151,111
Mask,148,150,15,14,5181_jpg.rf.88ae1828199ff6d96b5b59317ff11ac6.jpg,300,300,163,164
Mask,138,194,16,14,5181_jpg.rf.88ae1828199ff6d96b5b59317ff11ac6.jpg,300,300,154,208
Mask,146,217,12,15,5181_jpg.rf.88ae1828199ff6d96b5b59317ff11ac6.jpg,300,300,158,232
Mask,145,281,13,15,5181_jpg.rf.88ae1828199ff6d96b5b59317ff11ac6.jpg,300,300,158,296
Helmet,166,156,13,17,5194_jpg.rf.4b1eb132de581e4e08ba49869ce6481a.jpg,300,300,179,173
Helmet,196,157,14,13,5194_jpg.rf.4b1eb132de581e4e08ba49869ce6481a.jpg,300,300,210,170
Helmet,254,279,38,21,5197_jpg.rf.f70241cf21b5d6ae86bf130687e138ac.jpg,300,300,292,300
Helmet,125,241,56,34,5197_jpg.rf.f70241cf21b5d6ae86bf130687e138ac.jpg,300,300,181,275
Mask,53,97,67,73,5201_jpg.rf.8a80553975ec34711cff44ae2bacc77d.jpg,300,300,120,170
Mask,201,110,64,79,5201_jpg.rf.8a80553975ec34711cff44ae2bacc77d.jpg,300,300,265,189
Mask,28,145,11,9,5204_jpg.rf.13674d769910c072f1f0ec357cd99012.jpg,300,300,39,154
Mask,20,140,8,8,5204_jpg.rf.13674d769910c072f1f0ec357cd99012.jpg,300,300,28,148
Mask,68,176,23,28,5204_jpg.rf.13674d769910c072f1f0ec357cd99012.jpg,300,300,91,204
Mask,247,105,8,13,5204_jpg.rf.13674d769910c072f1f0ec357cd99012.jpg,300,300,255,118
None,29,70,7,16,5204_jpg.rf.13674d769910c072f1f0ec357cd99012.jpg,300,300,36,86
None,218,107,20,48,5204_jpg.rf.13674d769910c072f1f0ec357cd99012.jpg,300,300,238,155
None,226,195,18,32,5204_jpg.rf.13674d769910c072f1f0ec357cd99012.jpg,300,300,244,227
None,165,103,13,38,5204_jpg.rf.13674d769910c072f1f0ec357cd99012.jpg,300,300,178,141
None,119,107,18,41,5204_jpg.rf.13674d769910c072f1f0ec357cd99012.jpg,300,300,137,148
None,4,138,15,39,5204_jpg.rf.13674d769910c072f1f0ec357cd99012.jpg,300,300,19,177
None,140,77,10,20,5204_jpg.rf.13674d769910c072f1f0ec357cd99012.jpg,300,300,150,97
Mask,89,133,64,56,5205_jpg.rf.aebf9990efc05a1c6844e66b648ab93c.jpg,300,300,153,189
Mask,219,14,45,45,5206_jpg.rf.2606bf9edf843fd6101e1d7e5e6957e2.jpg,300,300,264,59
Mask,267,145,33,68,5206_jpg.rf.2606bf9edf843fd6101e1d7e5e6957e2.jpg,300,300,300,213
Mask,216,165,38,57,5206_jpg.rf.2606bf9edf843fd6101e1d7e5e6957e2.jpg,300,300,254,222
Mask,58,129,35,55,5206_jpg.rf.2606bf9edf843fd6101e1d7e5e6957e2.jpg,300,300,93,184
Mask,152,122,31,28,5216_jpg.rf.495318f12fd6897320cd625b99a397a9.jpg,300,300,183,150
Mask,92,140,46,51,5216_jpg.rf.495318f12fd6897320cd625b99a397a9.jpg,300,300,138,191
Mask,43,190,32,31,5216_jpg.rf.495318f12fd6897320cd625b99a397a9.jpg,300,300,75,221
None,231,129,9,12,5216_jpg.rf.495318f12fd6897320cd625b99a397a9.jpg,300,300,240,141
None,252,142,11,14,5216_jpg.rf.495318f12fd6897320cd625b99a397a9.jpg,300,300,263,156
Mask,157,149,26,23,5217_jpg.rf.4ad08078032e06a3ad8bb898155153ec.jpg,300,300,183,172
Helmet,191,7,64,69,5222_jpg.rf.096b282af350032bd718554fddef0179.jpg,300,300,255,76
Helmet,15,53,46,63,5223_jpg.rf.7ecf3679f46414dd7af6e929495fba76.jpg,300,300,61,116
Helmet,71,121,70,30,5223_jpg.rf.7ecf3679f46414dd7af6e929495fba76.jpg,300,300,141,151
Helmet,51,179,51,59,5223_jpg.rf.7ecf3679f46414dd7af6e929495fba76.jpg,300,300,102,238
Mask,135,110,98,90,5226_jpg.rf.7485bd1452bda27b7425c26453f8950d.jpg,300,300,233,200
Helmet,221,254,17,28,5227_jpg.rf.4128e6f1585a4a05bfd716700eff1fa7.jpg,300,300,238,282
Helmet,188,249,17,25,5227_jpg.rf.4128e6f1585a4a05bfd716700eff1fa7.jpg,300,300,205,274
Helmet,164,249,14,20,5227_jpg.rf.4128e6f1585a4a05bfd716700eff1fa7.jpg,300,300,178,269
Helmet,150,249,12,23,5227_jpg.rf.4128e6f1585a4a05bfd716700eff1fa7.jpg,300,300,162,272
Helmet,118,249,12,25,5227_jpg.rf.4128e6f1585a4a05bfd716700eff1fa7.jpg,300,300,130,274
Helmet,84,248,14,27,5227_jpg.rf.4128e6f1585a4a05bfd716700eff1fa7.jpg,300,300,98,275
Helmet,111,46,34,48,5228_jpg.rf.10f12fe2bffb02189681f6a824c57374.jpg,300,300,145,94
Helmet,167,40,51,56,5228_jpg.rf.10f12fe2bffb02189681f6a824c57374.jpg,300,300,218,96
Helmet,50,0,34,39,5228_jpg.rf.10f12fe2bffb02189681f6a824c57374.jpg,300,300,84,39
None,114,34,56,140,5232_jpg.rf.da4c12d7c8bc92ab370e56531e935e59.jpg,300,300,170,174
None,71,129,23,40,5234_jpg.rf.20a919f1a4633df4124c663003aa8a75.jpg,300,300,94,169
None,138,120,27,56,5234_jpg.rf.20a919f1a4633df4124c663003aa8a75.jpg,300,300,165,176
Mask,215,204,20,21,5234_jpg.rf.20a919f1a4633df4124c663003aa8a75.jpg,300,300,235,225
None,211,16,62,131,5238_jpg.rf.d9d9d9cd5fcda008c980bff9a8497523.jpg,300,300,273,147
None,61,34,56,116,5238_jpg.rf.d9d9d9cd5fcda008c980bff9a8497523.jpg,300,300,117,150
Mask,64,94,7,8,5248_jpg.rf.fa28368640b9949ae3435f001815a5ac.jpg,300,300,71,102
Mask,99,96,10,8,5248_jpg.rf.fa28368640b9949ae3435f001815a5ac.jpg,300,300,109,104
Mask,15,98,7,10,5248_jpg.rf.fa28368640b9949ae3435f001815a5ac.jpg,300,300,22,108
Mask,164,70,11,16,5248_jpg.rf.fa28368640b9949ae3435f001815a5ac.jpg,300,300,175,86
Mask,186,70,14,12,5248_jpg.rf.fa28368640b9949ae3435f001815a5ac.jpg,300,300,200,82
Mask,255,77,11,13,5248_jpg.rf.fa28368640b9949ae3435f001815a5ac.jpg,300,300,266,90
Mask,69,127,70,137,5250_jpg.rf.e8475492da421cf48dc43720152cbe9b.jpg,300,300,139,264
Mask,87,180,31,48,5257_jpg.rf.b2572e7a3d972eae31eaf034248b5b34.jpg,300,300,118,228
Mask,208,160,16,30,5257_jpg.rf.b2572e7a3d972eae31eaf034248b5b34.jpg,300,300,224,190
Mask,257,172,13,27,5257_jpg.rf.b2572e7a3d972eae31eaf034248b5b34.jpg,300,300,270,199
Mask,274,193,8,12,5257_jpg.rf.b2572e7a3d972eae31eaf034248b5b34.jpg,300,300,282,205
Mask,27,166,7,11,5257_jpg.rf.b2572e7a3d972eae31eaf034248b5b34.jpg,300,300,34,177
Mask,11,166,10,14,5257_jpg.rf.b2572e7a3d972eae31eaf034248b5b34.jpg,300,300,21,180
Mask,43,150,14,26,5257_jpg.rf.b2572e7a3d972eae31eaf034248b5b34.jpg,300,300,57,176
Mask,285,210,6,10,5257_jpg.rf.b2572e7a3d972eae31eaf034248b5b34.jpg,300,300,291,220
Mask,33,115,7,14,5258_jpg.rf.657c1366d25250dbfc33efb5d4e9dc78.jpg,300,300,40,129
Mask,236,117,29,50,5258_jpg.rf.657c1366d25250dbfc33efb5d4e9dc78.jpg,300,300,265,167
Mask,158,93,14,22,5258_jpg.rf.657c1366d25250dbfc33efb5d4e9dc78.jpg,300,300,172,115
Mask,138,100,9,15,5258_jpg.rf.657c1366d25250dbfc33efb5d4e9dc78.jpg,300,300,147,115
Helmet,176,153,17,30,5259_jpg.rf.f8125086802caa28bbfa42a9bcfad3c2.jpg,300,300,193,183
Helmet,120,117,21,26,5259_jpg.rf.f8125086802caa28bbfa42a9bcfad3c2.jpg,300,300,141,143
Helmet,92,193,12,16,5259_jpg.rf.f8125086802caa28bbfa42a9bcfad3c2.jpg,300,300,104,209
Mask,228,114,17,25,5262_jpg.rf.2041e3b8737cca0f7f7d4b2e460037aa.jpg,300,300,245,139
Mask,224,47,12,19,5262_jpg.rf.2041e3b8737cca0f7f7d4b2e460037aa.jpg,300,300,236,66
Mask,213,53,12,12,5262_jpg.rf.2041e3b8737cca0f7f7d4b2e460037aa.jpg,300,300,225,65
Mask,191,41,12,14,5262_jpg.rf.2041e3b8737cca0f7f7d4b2e460037aa.jpg,300,300,203,55
Mask,178,46,8,10,5262_jpg.rf.2041e3b8737cca0f7f7d4b2e460037aa.jpg,300,300,186,56
Mask,167,58,14,15,5262_jpg.rf.2041e3b8737cca0f7f7d4b2e460037aa.jpg,300,300,181,73
Mask,147,72,17,28,5262_jpg.rf.2041e3b8737cca0f7f7d4b2e460037aa.jpg,300,300,164,100
Mask,128,48,13,16,5262_jpg.rf.2041e3b8737cca0f7f7d4b2e460037aa.jpg,300,300,141,64
Mask,60,69,16,24,5262_jpg.rf.2041e3b8737cca0f7f7d4b2e460037aa.jpg,300,300,76,93
Mask,84,117,27,34,5262_jpg.rf.2041e3b8737cca0f7f7d4b2e460037aa.jpg,300,300,111,151
Mask,191,145,32,45,5262_jpg.rf.2041e3b8737cca0f7f7d4b2e460037aa.jpg,300,300,223,190
Mask,9,264,50,36,5262_jpg.rf.2041e3b8737cca0f7f7d4b2e460037aa.jpg,300,300,59,300
None,261,40,16,49,5262_jpg.rf.2041e3b8737cca0f7f7d4b2e460037aa.jpg,300,300,277,89
None,123,130,56,133,5263_jpg.rf.604007f2f7913a1237a552bc55c4fdd1.jpg,300,300,179,263
None,182,85,37,88,5264_jpg.rf.35aeaffa7e08a12bf52f924add6ddd85.jpg,300,300,219,173
Helmet,11,164,64,66,5265_jpg.rf.a58cc953b1335ca4879ac3e190269216.jpg,300,300,75,230
None,240,149,26,41,5269_jpg.rf.019828511c31fc742bd41976c53dbbce.jpg,300,300,266,190
None,181,173,13,31,5269_jpg.rf.019828511c31fc742bd41976c53dbbce.jpg,300,300,194,204
None,21,176,24,35,5269_jpg.rf.019828511c31fc742bd41976c53dbbce.jpg,300,300,45,211
Mask,76,171,14,20,5269_jpg.rf.019828511c31fc742bd41976c53dbbce.jpg,300,300,90,191
Mask,109,164,14,19,5269_jpg.rf.019828511c31fc742bd41976c53dbbce.jpg,300,300,123,183
Mask,131,190,7,13,5269_jpg.rf.019828511c31fc742bd41976c53dbbce.jpg,300,300,138,203
Helmet,275,185,15,13,5275_jpg.rf.96b78703e43328de045d1954f505f407.jpg,300,300,290,198
Helmet,275,195,17,12,5275_jpg.rf.96b78703e43328de045d1954f505f407.jpg,300,300,292,207
Helmet,252,203,7,9,5275_jpg.rf.96b78703e43328de045d1954f505f407.jpg,300,300,259,212
Helmet,241,210,8,8,5275_jpg.rf.96b78703e43328de045d1954f505f407.jpg,300,300,249,218
Helmet,141,135,33,43,5275_jpg.rf.96b78703e43328de045d1954f505f407.jpg,300,300,174,178
Helmet,0,275,20,23,5275_jpg.rf.96b78703e43328de045d1954f505f407.jpg,300,300,20,298
Mask,39,107,16,13,5278_jpg.rf.daf5ba2bfaaa0b4e83152540767a5211.jpg,300,300,55,120
Mask,137,100,17,22,5278_jpg.rf.daf5ba2bfaaa0b4e83152540767a5211.jpg,300,300,154,122
Mask,114,92,14,16,5278_jpg.rf.daf5ba2bfaaa0b4e83152540767a5211.jpg,300,300,128,108
Mask,4,100,15,14,5278_jpg.rf.daf5ba2bfaaa0b4e83152540767a5211.jpg,300,300,19,114
Mask,21,66,12,13,5278_jpg.rf.daf5ba2bfaaa0b4e83152540767a5211.jpg,300,300,33,79
Mask,70,92,15,20,5278_jpg.rf.daf5ba2bfaaa0b4e83152540767a5211.jpg,300,300,85,112
Mask,178,93,9,18,5278_jpg.rf.daf5ba2bfaaa0b4e83152540767a5211.jpg,300,300,187,111
Mask,210,106,18,21,5278_jpg.rf.daf5ba2bfaaa0b4e83152540767a5211.jpg,300,300,228,127
Mask,279,90,18,21,5278_jpg.rf.daf5ba2bfaaa0b4e83152540767a5211.jpg,300,300,297,111
Mask,268,79,9,11,5278_jpg.rf.daf5ba2bfaaa0b4e83152540767a5211.jpg,300,300,277,90
Mask,247,81,12,11,5278_jpg.rf.daf5ba2bfaaa0b4e83152540767a5211.jpg,300,300,259,92
Mask,229,69,13,13,5278_jpg.rf.daf5ba2bfaaa0b4e83152540767a5211.jpg,300,300,242,82
Mask,130,86,11,14,5278_jpg.rf.daf5ba2bfaaa0b4e83152540767a5211.jpg,300,300,141,100
Mask,161,130,47,46,5284_jpg.rf.31997a58a959b839bb238bb359035254.jpg,300,300,208,176
Mask,124,72,25,33,5284_jpg.rf.31997a58a959b839bb238bb359035254.jpg,300,300,149,105
Mask,53,80,19,25,5284_jpg.rf.31997a58a959b839bb238bb359035254.jpg,300,300,72,105
Mask,149,148,10,10,5288_jpg.rf.b45f0ef8b1a7ac81b94d4f7c41577c3e.jpg,300,300,159,158
Mask,201,130,15,16,5288_jpg.rf.b45f0ef8b1a7ac81b94d4f7c41577c3e.jpg,300,300,216,146
Mask,232,110,15,21,5288_jpg.rf.b45f0ef8b1a7ac81b94d4f7c41577c3e.jpg,300,300,247,131
Mask,89,102,27,28,5289_jpg.rf.5582fc2f97b66f2ed6290bf0fe5c3b16.jpg,300,300,116,130
Mask,79,53,23,24,5289_jpg.rf.5582fc2f97b66f2ed6290bf0fe5c3b16.jpg,300,300,102,77
Mask,54,220,28,30,5289_jpg.rf.5582fc2f97b66f2ed6290bf0fe5c3b16.jpg,300,300,82,250
Helmet,180,198,31,47,5291_jpg.rf.31860697fa40d3e50540e7e3e63f8bbb.jpg,300,300,211,245
Helmet,158,237,28,36,5291_jpg.rf.31860697fa40d3e50540e7e3e63f8bbb.jpg,300,300,186,273
Helmet,85,206,24,36,5291_jpg.rf.31860697fa40d3e50540e7e3e63f8bbb.jpg,300,300,109,242
Helmet,45,172,25,26,5291_jpg.rf.31860697fa40d3e50540e7e3e63f8bbb.jpg,300,300,70,198
Mask,101,57,59,89,5293_jpg.rf.6cd8876d721acdf046103e205e98055d.jpg,300,300,160,146
Helmet,86,101,13,14,5294_jpg.rf.8f6d7068bc2b11a815c6838a0ef5b1b8.jpg,300,300,99,115
Helmet,129,79,11,13,5294_jpg.rf.8f6d7068bc2b11a815c6838a0ef5b1b8.jpg,300,300,140,92
Helmet,169,84,10,13,5294_jpg.rf.8f6d7068bc2b11a815c6838a0ef5b1b8.jpg,300,300,179,97
Helmet,198,79,12,10,5294_jpg.rf.8f6d7068bc2b11a815c6838a0ef5b1b8.jpg,300,300,210,89
Helmet,214,105,10,14,5294_jpg.rf.8f6d7068bc2b11a815c6838a0ef5b1b8.jpg,300,300,224,119
Helmet,157,91,26,31,5296_jpg.rf.5e9a5db078f1f1f56e472e110533d82f.jpg,300,300,183,122
None,26,134,88,146,5303_jpg.rf.e91f9d3cb6cb5eb3a4a59896838fa499.jpg,300,300,114,280
None,139,7,84,153,5303_jpg.rf.e91f9d3cb6cb5eb3a4a59896838fa499.jpg,300,300,223,160
Mask,116,160,40,40,5304_jpg.rf.c0f87be27e377ca3a006b7adeb14acf2.jpg,300,300,156,200
Mask,149,15,87,126,5309_jpg.rf.5da3435479537ae72c3394501ced03a9.jpg,300,300,236,141
Helmet,114,239,48,42,5311_jpg.rf.f1cb72e83a0d232573819a9e3d67e1d3.jpg,300,300,162,281
None,142,28,36,84,5370_jpg.rf.11f9534c31d00076729603f4c9bee0a5.jpg,300,300,178,112
Mask,218,92,28,38,5370_jpg.rf.11f9534c31d00076729603f4c9bee0a5.jpg,300,300,246,130
Mask,91,45,30,43,5370_jpg.rf.11f9534c31d00076729603f4c9bee0a5.jpg,300,300,121,88
Helmet,150,3,81,89,5422_jpg.rf.d3a676290187cc82843f5ff970f9cf15.jpg,300,300,231,92
Helmet,57,86,44,49,5422_jpg.rf.d3a676290187cc82843f5ff970f9cf15.jpg,300,300,101,135
None,111,131,86,157,5435_jpg.rf.cc2e95aa3f03e7c33fe12fce52a05e17.jpg,300,300,197,288
Mask,111,117,80,68,5470_jpg.rf.ccb7b7920613cc2fc228cfa5118101fe.jpg,300,300,191,185
Mask,257,75,30,35,5470_jpg.rf.ccb7b7920613cc2fc228cfa5118101fe.jpg,300,300,287,110
Mask,211,138,33,37,5470_jpg.rf.ccb7b7920613cc2fc228cfa5118101fe.jpg,300,300,244,175
Mask,46,67,38,36,5470_jpg.rf.ccb7b7920613cc2fc228cfa5118101fe.jpg,300,300,84,103
Mask,0,62,21,26,5470_jpg.rf.ccb7b7920613cc2fc228cfa5118101fe.jpg,300,300,21,88
None,90,133,111,167,5471_jpg.rf.711aa058291d426b58b89233bee05a54.jpg,300,300,201,300
None,33,117,152,77,5481_jpg.rf.80924a1414ce1030911c5e4916528426.jpg,300,300,185,194
Mask,87,165,118,129,5492_jpg.rf.b842d58244496fd336ce274d868f5d38.jpg,300,300,205,294
Helmet,56,107,91,177,5503_jpg.rf.cc88afda47c02199a43c8843335b3732.jpg,300,300,147,284
Mask,154,122,46,63,5522_jpg.rf.db6660b5f1a91fabbb7204bf203179f8.jpg,300,300,200,185
Helmet,155,5,43,74,5542_jpg.rf.f95d35764ea776339ed7d2d34dad4ee2.jpg,300,300,198,79
None,238,51,16,33,5550_jpg.rf.1472be5c7ef97cf0277c08580cb97c6a.jpg,300,300,254,84
Mask,146,76,10,17,5550_jpg.rf.1472be5c7ef97cf0277c08580cb97c6a.jpg,300,300,156,93
None,58,23,18,37,5550_jpg.rf.1472be5c7ef97cf0277c08580cb97c6a.jpg,300,300,76,60
Mask,197,153,20,46,5555_jpg.rf.013c3641e751a2b9b92fa5d9b124d97e.jpg,300,300,217,199
Mask,51,60,13,20,5555_jpg.rf.013c3641e751a2b9b92fa5d9b124d97e.jpg,300,300,64,80
Mask,85,143,47,33,5559_jpg.rf.7335b945e6b5f98b68b275a6c9291ebe.jpg,300,300,132,176
Helmet,112,83,44,45,5560_jpg.rf.e7246290c26b2c408a5c2b3df9f598f5.jpg,300,300,156,128
Mask,164,102,75,89,5696_jpg.rf.a90a2fae7d6bbbf51f7abc793e425d3d.jpg,300,300,239,191
Mask,262,149,12,13,5702_jpg.rf.2f9d79ded24c29536ba3d7182f09795c.jpg,300,300,274,162
Mask,142,175,8,13,5702_jpg.rf.2f9d79ded24c29536ba3d7182f09795c.jpg,300,300,150,188
Mask,104,169,13,18,5702_jpg.rf.2f9d79ded24c29536ba3d7182f09795c.jpg,300,300,117,187
Mask,86,80,16,20,5702_jpg.rf.2f9d79ded24c29536ba3d7182f09795c.jpg,300,300,102,100
Helmet,200,246,4,4,5704_jpg.rf.33e93f347aa2a81517ad8c8ab47dfa55.jpg,300,300,204,250
Helmet,195,237,3,3,5704_jpg.rf.33e93f347aa2a81517ad8c8ab47dfa55.jpg,300,300,198,240
Helmet,192,244,3,5,5704_jpg.rf.33e93f347aa2a81517ad8c8ab47dfa55.jpg,300,300,195,249
Helmet,185,246,5,4,5704_jpg.rf.33e93f347aa2a81517ad8c8ab47dfa55.jpg,300,300,190,250
Helmet,191,211,3,3,5704_jpg.rf.33e93f347aa2a81517ad8c8ab47dfa55.jpg,300,300,194,214
Helmet,188,218,5,5,5704_jpg.rf.33e93f347aa2a81517ad8c8ab47dfa55.jpg,300,300,193,223
Helmet,160,158,5,7,5704_jpg.rf.33e93f347aa2a81517ad8c8ab47dfa55.jpg,300,300,165,165
Helmet,130,145,5,4,5704_jpg.rf.33e93f347aa2a81517ad8c8ab47dfa55.jpg,300,300,135,149
Helmet,240,161,3,4,5704_jpg.rf.33e93f347aa2a81517ad8c8ab47dfa55.jpg,300,300,243,165
Helmet,239,166,6,5,5704_jpg.rf.33e93f347aa2a81517ad8c8ab47dfa55.jpg,300,300,245,171
Helmet,239,174,3,7,5704_jpg.rf.33e93f347aa2a81517ad8c8ab47dfa55.jpg,300,300,242,181
Helmet,163,185,3,5,5704_jpg.rf.33e93f347aa2a81517ad8c8ab47dfa55.jpg,300,300,166,190
None,111,116,63,143,5707_jpg.rf.f1126678a93ae90d72963ff665b5e626.jpg,300,300,174,259
Mask,44,43,29,26,5708_jpg.rf.bf44ede52845a359af8c072f7add1fc5.jpg,300,300,73,69
Mask,137,106,43,35,5708_jpg.rf.bf44ede52845a359af8c072f7add1fc5.jpg,300,300,180,141
Mask,96,53,24,33,5708_jpg.rf.bf44ede52845a359af8c072f7add1fc5.jpg,300,300,120,86
None,145,5,17,33,5708_jpg.rf.bf44ede52845a359af8c072f7add1fc5.jpg,300,300,162,38
Mask,205,31,12,21,5708_jpg.rf.bf44ede52845a359af8c072f7add1fc5.jpg,300,300,217,52
None,233,108,16,25,5711_jpg.rf.47bba3a415413c2b9a6bf20318b2f6fe.jpg,300,300,249,133
None,132,205,35,69,5711_jpg.rf.47bba3a415413c2b9a6bf20318b2f6fe.jpg,300,300,167,274
None,51,178,25,45,5711_jpg.rf.47bba3a415413c2b9a6bf20318b2f6fe.jpg,300,300,76,223
None,6,85,21,49,5711_jpg.rf.47bba3a415413c2b9a6bf20318b2f6fe.jpg,300,300,27,134
Mask,98,158,92,101,5732_jpg.rf.90046f1a60078afb9e18b7326783d5a0.jpg,300,300,190,259
Mask,198,70,40,41,5732_jpg.rf.90046f1a60078afb9e18b7326783d5a0.jpg,300,300,238,111
Mask,107,102,84,100,5737_jpg.rf.3a2a46689278145ac04bfad108ff7643.jpg,300,300,191,202
Mask,130,95,30,37,5752_jpg.rf.234431bee304b51a567ac650984eb8dd.jpg,300,300,160,132
None,125,38,40,111,5804_jpg.rf.bda937dc59c8079f66c36a2df5424eb2.jpg,300,300,165,149
Helmet,59,7,42,52,5828_jpg.rf.0ff0d28fb73fc9ad284e163ea3c06b57.jpg,300,300,101,59
Helmet,137,42,43,54,5828_jpg.rf.0ff0d28fb73fc9ad284e163ea3c06b57.jpg,300,300,180,96
Helmet,184,15,46,44,5828_jpg.rf.0ff0d28fb73fc9ad284e163ea3c06b57.jpg,300,300,230,59
Helmet,48,219,57,66,5829_jpg.rf.f88c3edf31ca8a4278fc3780152a2093.jpg,300,300,105,285
Helmet,36,150,57,56,5829_jpg.rf.f88c3edf31ca8a4278fc3780152a2093.jpg,300,300,93,206
Helmet,62,67,58,70,5829_jpg.rf.f88c3edf31ca8a4278fc3780152a2093.jpg,300,300,120,137
Helmet,11,8,61,68,5829_jpg.rf.f88c3edf31ca8a4278fc3780152a2093.jpg,300,300,72,76
None,111,96,90,40,5836_jpg.rf.a54094182cb7adddabbe3bbe61045be2.jpg,300,300,201,136
Mask,154,88,0,5,5836_jpg.rf.a54094182cb7adddabbe3bbe61045be2.jpg,300,300,154,93
None,79,7,64,171,5844_jpg.rf.787f2ff3502136a15dedd4c0b331abe3.jpg,300,300,143,178
Helmet,13,203,45,51,5865_jpg.rf.d290967b01b674feb37f347284e74cb4.jpg,300,300,58,254
Helmet,31,112,33,49,5865_jpg.rf.d290967b01b674feb37f347284e74cb4.jpg,300,300,64,161
Helmet,57,57,32,44,5865_jpg.rf.d290967b01b674feb37f347284e74cb4.jpg,300,300,89,101
Mask,98,67,31,25,5865_jpg.rf.d290967b01b674feb37f347284e74cb4.jpg,300,300,129,92
Mask,72,124,35,31,5865_jpg.rf.d290967b01b674feb37f347284e74cb4.jpg,300,300,107,155
Mask,68,212,34,35,5865_jpg.rf.d290967b01b674feb37f347284e74cb4.jpg,300,300,102,247
None,112,121,59,157,5867_jpg.rf.e3279dab577b3db3a5a6d344af97ff4d.jpg,300,300,171,278
Mask,102,102,23,39,5870_jpg.rf.c9003d4b32a601673ad32151b0c9f6bc.jpg,300,300,125,141
Mask,170,115,26,46,5870_jpg.rf.c9003d4b32a601673ad32151b0c9f6bc.jpg,300,300,196,161
Mask,58,115,31,35,5876_jpg.rf.2e31ea693415ef05c71022f0f14b2f78.jpg,300,300,89,150
Mask,224,73,36,32,5876_jpg.rf.2e31ea693415ef05c71022f0f14b2f78.jpg,300,300,260,105
Mask,162,77,19,21,5876_jpg.rf.2e31ea693415ef05c71022f0f14b2f78.jpg,300,300,181,98
Mask,105,101,32,37,5876_jpg.rf.2e31ea693415ef05c71022f0f14b2f78.jpg,300,300,137,138
Helmet,108,27,53,56,5888_jpg.rf.436384adedc21f1fdd500767ecd79987.jpg,300,300,161,83
None,208,126,15,30,5888_jpg.rf.436384adedc21f1fdd500767ecd79987.jpg,300,300,223,156
Helmet,156,111,23,28,5888_jpg.rf.436384adedc21f1fdd500767ecd79987.jpg,300,300,179,139
Helmet,224,105,22,29,5888_jpg.rf.436384adedc21f1fdd500767ecd79987.jpg,300,300,246,134
Helmet,88,18,32,45,5892_jpg.rf.8f23884bd555eeb4ba3acc10bb87011d.jpg,300,300,120,63
Helmet,187,94,10,13,5892_jpg.rf.8f23884bd555eeb4ba3acc10bb87011d.jpg,300,300,197,107
Helmet,148,86,8,9,5892_jpg.rf.8f23884bd555eeb4ba3acc10bb87011d.jpg,300,300,156,95
Mask,114,156,36,51,5899_jpg.rf.b4870ea36f1f434a639cf40de3494e47.jpg,300,300,150,207
Mask,73,83,38,56,5902_jpg.rf.5abb7c78ebdf00d85c452b56ad41326b.jpg,300,300,111,139
Mask,94,166,62,84,5904_jpg.rf.2e5e7926664a58206309805c7dc77570.jpg,300,300,156,250
Helmet,109,176,22,26,5907_jpg.rf.ddc5f5429ee76a41f4688e38172d8dee.jpg,300,300,131,202
Helmet,127,147,25,36,5907_jpg.rf.ddc5f5429ee76a41f4688e38172d8dee.jpg,300,300,152,183
Helmet,46,21,87,84,5908_jpg.rf.1bf6cd84ee796200b8ac24fdb628fe93.jpg,300,300,133,105
Helmet,133,23,41,50,5916_jpg.rf.a3c7f37ce4afc56cdcd93a446c7673fc.jpg,300,300,174,73
Helmet,24,0,92,50,5916_jpg.rf.a3c7f37ce4afc56cdcd93a446c7673fc.jpg,300,300,116,50
Mask,175,198,35,42,5917_jpg.rf.7512aba5ba13f14ea4684b451c2f535b.jpg,300,300,210,240
Mask,117,56,134,50,5919_jpg.rf.4695bcd598e48e789570b25e9159a1ec.jpg,300,300,251,106
Helmet,32,187,206,109,5921_jpg.rf.ccf05099fd0729aa0af0a7f8dc8c4812.jpg,300,300,238,296
Helmet,48,87,5,8,5925_jpg.rf.9cc4b25685ffcb4970b0f778b879e3ae.jpg,300,300,53,95
Mask,100,130,11,14,5925_jpg.rf.9cc4b25685ffcb4970b0f778b879e3ae.jpg,300,300,111,144
Mask,81,182,13,16,5925_jpg.rf.9cc4b25685ffcb4970b0f778b879e3ae.jpg,300,300,94,198
Mask,72,226,20,16,5925_jpg.rf.9cc4b25685ffcb4970b0f778b879e3ae.jpg,300,300,92,242
Mask,72,147,18,13,5925_jpg.rf.9cc4b25685ffcb4970b0f778b879e3ae.jpg,300,300,90,160
Mask,71,124,7,13,5925_jpg.rf.9cc4b25685ffcb4970b0f778b879e3ae.jpg,300,300,78,137
Helmet,41,220,22,28,5925_jpg.rf.9cc4b25685ffcb4970b0f778b879e3ae.jpg,300,300,63,248
Helmet,56,179,18,27,5925_jpg.rf.9cc4b25685ffcb4970b0f778b879e3ae.jpg,300,300,74,206
Helmet,57,145,15,20,5925_jpg.rf.9cc4b25685ffcb4970b0f778b879e3ae.jpg,300,300,72,165
Helmet,54,121,14,17,5925_jpg.rf.9cc4b25685ffcb4970b0f778b879e3ae.jpg,300,300,68,138
Helmet,78,115,20,23,5925_jpg.rf.9cc4b25685ffcb4970b0f778b879e3ae.jpg,300,300,98,138
Mask,51,99,65,37,5926_jpg.rf.42f0dfcad034a712470319a1820671ca.jpg,300,300,116,136
Mask,59,25,115,163,5927_jpg.rf.431484874d4a83753542058914fc9c8c.jpg,300,300,174,188
Mask,127,165,18,10,5928_jpg.rf.868fb188188a6ddb71367722e791355c.jpg,300,300,145,175
Mask,53,192,15,9,5928_jpg.rf.868fb188188a6ddb71367722e791355c.jpg,300,300,68,201
Mask,219,198,13,12,5928_jpg.rf.868fb188188a6ddb71367722e791355c.jpg,300,300,232,210
Mask,99,107,58,66,5929_jpg.rf.2660fc5c07794e68534671f22b501c27.jpg,300,300,157,173
Mask,50,87,38,34,5931_jpg.rf.a05e008086a8f4d2d6f05be644fd9cbd.jpg,300,300,88,121
Mask,94,218,35,31,5931_jpg.rf.a05e008086a8f4d2d6f05be644fd9cbd.jpg,300,300,129,249
None,27,143,86,36,5931_jpg.rf.a05e008086a8f4d2d6f05be644fd9cbd.jpg,300,300,113,179
None,138,15,43,80,5932_jpg.rf.31ff1f8e5538d33dffe0cace886ef991.jpg,300,300,181,95
Mask,119,136,61,51,5936_jpg.rf.2f58a7def31c9e61f87bd1896b0f9915.jpg,300,300,180,187
Mask,130,61,125,79,5937_jpg.rf.f45bbce5c1d6235906df294e196aef8f.jpg,300,300,255,140
Mask,58,219,40,34,5937_jpg.rf.f45bbce5c1d6235906df294e196aef8f.jpg,300,300,98,253
None,142,41,64,91,5940_jpg.rf.0d99b10268a58059bc53ed857bae703e.jpg,300,300,206,132
Helmet,89,31,51,67,5952_jpg.rf.0cba661e83068c2657cd7a96752955de.jpg,300,300,140,98
Mask,171,147,75,117,5954_jpg.rf.4f8f44c796202b2b88dd9c483a449046.jpg,300,300,246,264
Helmet,201,24,21,28,5960_jpg.rf.7dc8e254bde4b89aaec669cd5e58c64c.jpg,300,300,222,52
Mask,201,52,20,24,5960_jpg.rf.7dc8e254bde4b89aaec669cd5e58c64c.jpg,300,300,221,76
Helmet,232,131,26,25,5960_jpg.rf.7dc8e254bde4b89aaec669cd5e58c64c.jpg,300,300,258,156
Helmet,140,12,25,35,5960_jpg.rf.7dc8e254bde4b89aaec669cd5e58c64c.jpg,300,300,165,47
Helmet,68,30,25,43,5960_jpg.rf.7dc8e254bde4b89aaec669cd5e58c64c.jpg,300,300,93,73
Helmet,78,162,26,41,5960_jpg.rf.7dc8e254bde4b89aaec669cd5e58c64c.jpg,300,300,104,203
Mask,148,45,16,26,5960_jpg.rf.7dc8e254bde4b89aaec669cd5e58c64c.jpg,300,300,164,71
Mask,66,63,16,18,5960_jpg.rf.7dc8e254bde4b89aaec669cd5e58c64c.jpg,300,300,82,81
Helmet,73,16,51,61,5962_jpg.rf.8772d023616ea376750e6b58812f27ef.jpg,300,300,124,77
Helmet,236,166,10,17,5962_jpg.rf.8772d023616ea376750e6b58812f27ef.jpg,300,300,246,183
Mask,148,119,13,20,5964_jpg.rf.656af48e6c452c306dfd1d02664e9e65.jpg,300,300,161,139
Mask,153,49,147,190,5967_jpg.rf.2a2ad590ec6f8a409927622055ce82aa.jpg,300,300,300,239
Helmet,31,226,21,20,5969_jpg.rf.369174e6a6f9c12e55a10ab0e8c503c9.jpg,300,300,52,246
Helmet,210,212,13,12,5969_jpg.rf.369174e6a6f9c12e55a10ab0e8c503c9.jpg,300,300,223,224
Helmet,199,212,11,8,5969_jpg.rf.369174e6a6f9c12e55a10ab0e8c503c9.jpg,300,300,210,220
Mask,73,92,15,25,5970_jpg.rf.c201d11a5939c2c445f2730430062e80.jpg,300,300,88,117
None,226,136,26,40,5970_jpg.rf.c201d11a5939c2c445f2730430062e80.jpg,300,300,252,176
Mask,286,99,14,19,5970_jpg.rf.c201d11a5939c2c445f2730430062e80.jpg,300,300,300,118
Helmet,197,238,51,44,5971_jpg.rf.86e5d078246fb796a89eee4315316b14.jpg,300,300,248,282
None,153,10,31,71,5972_jpg.rf.e10f426e853278a57724ab2541897d30.jpg,300,300,184,81
Mask,145,125,84,43,5973_jpg.rf.659c31a127518bbb961dea31c0baa178.jpg,300,300,229,168
Mask,114,163,41,26,5979_jpg.rf.d245ea202e038ded1fa104fdeb2c8418.jpg,300,300,155,189
Mask,112,95,22,13,5979_jpg.rf.d245ea202e038ded1fa104fdeb2c8418.jpg,300,300,134,108
Mask,144,26,23,21,5979_jpg.rf.d245ea202e038ded1fa104fdeb2c8418.jpg,300,300,167,47
Helmet,190,241,27,32,5981_jpg.rf.026b4d5bebfd7e8d53507eb4d80671c4.jpg,300,300,217,273
Helmet,45,76,6,5,5981_jpg.rf.026b4d5bebfd7e8d53507eb4d80671c4.jpg,300,300,51,81
Helmet,132,100,7,5,5981_jpg.rf.026b4d5bebfd7e8d53507eb4d80671c4.jpg,300,300,139,105
Helmet,40,70,5,6,5981_jpg.rf.026b4d5bebfd7e8d53507eb4d80671c4.jpg,300,300,45,76
Helmet,16,65,3,5,5981_jpg.rf.026b4d5bebfd7e8d53507eb4d80671c4.jpg,300,300,19,70
Mask,140,141,21,24,5982_jpg.rf.6c02b4820d9f8fef64823d0e24dcdae8.jpg,300,300,161,165
Mask,171,93,18,20,5982_jpg.rf.6c02b4820d9f8fef64823d0e24dcdae8.jpg,300,300,189,113
Mask,188,63,13,13,5982_jpg.rf.6c02b4820d9f8fef64823d0e24dcdae8.jpg,300,300,201,76
Mask,183,203,16,39,5983_jpg.rf.f1f70d97cf1635229f9ec7e10ec2ad7b.jpg,300,300,199,242
Mask,71,127,36,46,5986_jpg.rf.421bf869d4fdc5e4c8d793c8cb17bb20.jpg,300,300,107,173
Mask,176,146,23,13,5986_jpg.rf.421bf869d4fdc5e4c8d793c8cb17bb20.jpg,300,300,199,159
Helmet,203,136,11,12,5994_jpg.rf.f3517a55be8f482ce18b0b06bac44b2b.jpg,300,300,214,148
Helmet,187,115,12,12,5994_jpg.rf.f3517a55be8f482ce18b0b06bac44b2b.jpg,300,300,199,127
Helmet,157,124,8,11,5994_jpg.rf.f3517a55be8f482ce18b0b06bac44b2b.jpg,300,300,165,135
Helmet,146,116,12,13,5994_jpg.rf.f3517a55be8f482ce18b0b06bac44b2b.jpg,300,300,158,129
Helmet,127,145,11,13,5994_jpg.rf.f3517a55be8f482ce18b0b06bac44b2b.jpg,300,300,138,158
Helmet,116,136,7,12,5994_jpg.rf.f3517a55be8f482ce18b0b06bac44b2b.jpg,300,300,123,148
Helmet,102,132,10,10,5994_jpg.rf.f3517a55be8f482ce18b0b06bac44b2b.jpg,300,300,112,142
Helmet,84,114,13,15,5994_jpg.rf.f3517a55be8f482ce18b0b06bac44b2b.jpg,300,300,97,129
Helmet,58,127,15,15,5995_jpg.rf.c33c45c643c2cce0ba0411c99b70a979.jpg,300,300,73,142
Helmet,141,227,6,7,5995_jpg.rf.c33c45c643c2cce0ba0411c99b70a979.jpg,300,300,147,234
Helmet,124,229,5,6,5995_jpg.rf.c33c45c643c2cce0ba0411c99b70a979.jpg,300,300,129,235
Helmet,91,118,14,13,5995_jpg.rf.c33c45c643c2cce0ba0411c99b70a979.jpg,300,300,105,131
Helmet,121,112,12,15,5995_jpg.rf.c33c45c643c2cce0ba0411c99b70a979.jpg,300,300,133,127
Helmet,135,108,7,17,5995_jpg.rf.c33c45c643c2cce0ba0411c99b70a979.jpg,300,300,142,125
Helmet,150,122,10,18,5995_jpg.rf.c33c45c643c2cce0ba0411c99b70a979.jpg,300,300,160,140
Helmet,199,109,13,23,5995_jpg.rf.c33c45c643c2cce0ba0411c99b70a979.jpg,300,300,212,132
None,155,154,10,17,5996_jpg.rf.0c29b8d259118d973b226e2d163a5a38.jpg,300,300,165,171
None,197,154,9,12,5996_jpg.rf.0c29b8d259118d973b226e2d163a5a38.jpg,300,300,206,166
None,238,158,9,14,5996_jpg.rf.0c29b8d259118d973b226e2d163a5a38.jpg,300,300,247,172
Helmet,23,132,49,40,5997_jpg.rf.6696a2f5c7ae5131b1d8b80b13c317be.jpg,300,300,72,172
Helmet,42,79,17,17,5998_jpg.rf.89ba99cd36c9487e22263ccb5238f059.jpg,300,300,59,96
Helmet,190,73,15,20,5998_jpg.rf.89ba99cd36c9487e22263ccb5238f059.jpg,300,300,205,93
Helmet,166,55,14,21,5998_jpg.rf.89ba99cd36c9487e22263ccb5238f059.jpg,300,300,180,76
Helmet,115,53,23,27,5998_jpg.rf.89ba99cd36c9487e22263ccb5238f059.jpg,300,300,138,80
Helmet,92,69,13,18,5998_jpg.rf.89ba99cd36c9487e22263ccb5238f059.jpg,300,300,105,87
Helmet,103,72,17,18,5998_jpg.rf.89ba99cd36c9487e22263ccb5238f059.jpg,300,300,120,90
None,233,79,14,26,5998_jpg.rf.89ba99cd36c9487e22263ccb5238f059.jpg,300,300,247,105
Mask,110,139,32,55,0522_jpg.rf.48a69c3e9b4493e8e45650f772cdcc23.jpg,300,300,142,194
Mask,135,136,63,39,0718_jpg.rf.ebe91979c22d4f42ec389342dcb63a22.jpg,300,300,198,175
Mask,165,139,72,82,0729_jpg.rf.80c81ed2b6fe3ebfda0ab04017778b21.jpg,300,300,237,221
Mask,101,105,89,54,0833_jpg.rf.bcc0bfc131ae3869aa3eb6d57a2393e8.jpg,300,300,190,159
Mask,157,206,102,78,0966_jpg.rf.c815c2f729896f5cd481c06b0c23e4f2.jpg,300,300,259,284
Mask,103,184,51,57,1321_jpg.rf.55503925d17f21c0de9ce239b22c05b5.jpg,300,300,154,241
Mask,97,117,96,43,1381_jpg.rf.dc3b4524707264602fd26918148a923c.jpg,300,300,193,160
Mask,141,157,46,41,1698_jpg.rf.3a8815a939404ff8f845d7dd61d879b1.jpg,300,300,187,198
Mask,99,118,68,66,2002_jpg.rf.a993a92910c7b54eac6b93eeff8ea767.jpg,300,300,167,184
Mask,120,57,12,13,2133_jpg.rf.31c17dac9a94e32142905ba2b3e4c46f.jpg,300,300,132,70
Mask,129,120,55,45,2436_jpg.rf.d74f588d28707030ea9857f8f456bf33.jpg,300,300,184,165
Mask,149,97,40,37,4085_jpg.rf.398092ad7e77cce488db8d0a8376b287.jpg,300,300,189,134
Mask,168,17,87,61,4319_jpg.rf.5bc4a43d875e161375936ed2f747f4b2.jpg,300,300,255,78
Mask,158,135,61,52,5680_jpg.rf.89cc363f75226bbd087faed7b0f3f052.jpg,300,300,219,187
Mask,83,120,101,49,5862_jpg.rf.28cf7d9dd53263043ce1355d29c229ab.jpg,300,300,184,169
